1576 2915 3184 3390
SHOE
ACT	4
SHIFT	96
demand [
	[0, 0, 0, 0],
	[0, 0, 0, 0],
	[0, 0, 0, 0],
	[0, 0, 0, 0],
	[0, 0, 0, 0],
	[0, 0, 0, 0],
	[0, 0, 0, 0],
	[0, 0, 0, 0],
	[0, 0, 0, 0],
	[0, 0, 0, 0],
	[0, 0, 0, 0],
	[0, 0, 0, 0],
	[0, 0, 0, 0],
	[0, 0, 0, 0],
	[0, 0, 0, 0],
	[0, 0, 0, 0],
	[0, 0, 0, 0],
	[0, 0, 0, 0],
	[0, 0, 0, 0],
	[0, 0, 0, 0],
	[0, 0, 0, 0],
	[0, 0, 0, 0],
	[0, 0, 0, 0],
	[0, 0, 0, 0],
	[0, 0, 0, 0],
	[0, 0, 0, 0],
	[0, 0, 0, 0],
	[0, 0, 0, 0],
	[0, 0, 0, 0],
	[0, 0, 0, 0],
	[0, 0, 0, 0],
	[0, 0, 0, 0],
	[1.00, 0, 0, 2.00],
	[1.00, 0, 0, 2.00],
	[1.00, 0, 0, 2.00],
	[1.00, 0, 0, 2.00],
	[2.00, 0, 1.00, 5.25],
	[2.00, 0, 1.00, 5.25],
	[2.00, 0, 1.00, 5.25],
	[2.00, 0, 1.00, 5.25],
	[2.25, 1.00, 1.00, 7.00],
	[2.25, 1.00, 1.00, 7.00],
	[2.25, 1.00, 1.00, 7.00],
	[2.25, 1.00, 1.00, 7.00],
	[3.25, 1.00, 2.00, 10.50],
	[3.25, 1.00, 2.00, 10.50],
	[3.25, 1.00, 2.00, 10.50],
	[3.25, 1.00, 2.00, 10.50],
	[3.50, 0, 3.25, 11.75],
	[3.50, 0, 3.25, 11.75],
	[3.50, 0, 3.25, 11.75],
	[3.50, 0, 3.25, 11.75],
	[3.50, 0, 3.75, 12.25],
	[3.50, 0, 3.75, 12.25],
	[3.50, 0, 3.75, 12.25],
	[3.50, 0, 3.75, 12.25],
	[3.75, 0, 3.75, 12.50],
	[3.75, 0, 3.75, 12.50],
	[3.75, 0, 3.75, 12.50],
	[3.75, 0, 3.75, 12.50],
	[3.75, 0, 3.25, 12.50],
	[3.75, 0, 3.25, 12.50],
	[3.75, 0, 3.25, 12.50],
	[3.75, 0, 3.25, 12.50],
	[3.25, 1.00, 1.75, 10.75],
	[3.25, 1.00, 1.75, 10.75],
	[3.25, 1.00, 1.75, 10.75],
	[3.25, 1.00, 1.75, 10.75],
	[3.50, 0, 0, 0],
	[3.50, 0, 0, 0],
	[3.50, 0, 0, 0],
	[3.50, 0, 0, 0],
	[0, 1.00, 0, 0],
	[0, 1.00, 0, 0],
	[0, 1.00, 0, 0],
	[0, 1.00, 0, 0],
	[0, 1.00, 0, 0],
	[0, 1.00, 0, 0],
	[0, 1.00, 0, 0],
	[0, 1.00, 0, 0],
	[0, 0, 0, 0],
	[0, 0, 0, 0],
	[0, 0, 0, 0],
	[0, 0, 0, 0],
	[0, 0, 0, 0],
	[0, 0, 0, 0],
	[0, 0, 0, 0],
	[0, 0, 0, 0],
	[0, 0, 0, 0],
	[0, 0, 0, 0],
	[0, 0, 0, 0],
	[0, 0, 0, 0],
	[0, 0, 0, 0],
	[0, 0, 0, 0],
	[0, 0, 0, 0],
	[0, 0, 0, 0] ]
overcost [
	[0, 0, 0, 0],
	[0, 0, 0, 0],
	[0, 0, 0, 0],
	[0, 0, 0, 0],
	[0, 0, 0, 0],
	[0, 0, 0, 0],
	[0, 0, 0, 0],
	[0, 0, 0, 0],
	[0, 0, 0, 0],
	[0, 0, 0, 0],
	[0, 0, 0, 0],
	[0, 0, 0, 0],
	[0, 0, 0, 0],
	[0, 0, 0, 0],
	[0, 0, 0, 0],
	[0, 0, 0, 0],
	[0, 0, 0, 0],
	[0, 0, 0, 0],
	[0, 0, 0, 0],
	[0, 0, 0, 0],
	[0, 0, 0, 0],
	[0, 0, 0, 0],
	[0, 0, 0, 0],
	[0, 0, 0, 0],
	[0, 0, 0, 0],
	[0, 0, 0, 0],
	[0, 0, 0, 0],
	[0, 0, 0, 0],
	[0, 0, 0, 0],
	[0, 0, 0, 0],
	[0, 0, 0, 0],
	[0, 0, 0, 0],
	[1.904222e+00, 0, 0, 1.072885e+00],
	[1.904222e+00, 0, 0, 1.072885e+00],
	[1.904222e+00, 0, 0, 1.072885e+00],
	[1.904222e+00, 0, 0, 1.072885e+00],
	[1.613511e+00, 0, 8.448907e+00, 6.500157e-01],
	[1.613511e+00, 0, 8.448907e+00, 6.500157e-01],
	[1.613511e+00, 0, 8.448907e+00, 6.500157e-01],
	[1.613511e+00, 0, 8.448907e+00, 6.500157e-01],
	[9.599182e-01, 1.045797e+01, 8.388430e+00, 4.043424e-01],
	[9.599182e-01, 1.045797e+01, 8.388430e+00, 4.043424e-01],
	[9.599182e-01, 1.045797e+01, 8.388430e+00, 4.043424e-01],
	[9.599182e-01, 1.045797e+01, 8.388430e+00, 4.043424e-01],
	[1.062523e+00, 8.450842e+00, 1.130437e+00, 2.613318e-01],
	[1.062523e+00, 8.450842e+00, 1.130437e+00, 2.613318e-01],
	[1.062523e+00, 8.450842e+00, 1.130437e+00, 2.613318e-01],
	[1.062523e+00, 8.450842e+00, 1.130437e+00, 2.613318e-01],
	[1.069194e+00, 0, 8.384907e-01, 2.937588e-01],
	[1.069194e+00, 0, 8.384907e-01, 2.937588e-01],
	[1.069194e+00, 0, 8.384907e-01, 2.937588e-01],
	[1.069194e+00, 0, 8.384907e-01, 2.937588e-01],
	[7.925665e-01, 0, 9.062162e-01, 2.173269e-01],
	[7.925665e-01, 0, 9.062162e-01, 2.173269e-01],
	[7.925665e-01, 0, 9.062162e-01, 2.173269e-01],
	[7.925665e-01, 0, 9.062162e-01, 2.173269e-01],
	[1.055839e+00, 0, 8.290441e-01, 2.267414e-01],
	[1.055839e+00, 0, 8.290441e-01, 2.267414e-01],
	[1.055839e+00, 0, 8.290441e-01, 2.267414e-01],
	[1.055839e+00, 0, 8.290441e-01, 2.267414e-01],
	[9.658145e-01, 0, 9.803145e-01, 2.659855e-01],
	[9.658145e-01, 0, 9.803145e-01, 2.659855e-01],
	[9.658145e-01, 0, 9.803145e-01, 2.659855e-01],
	[9.658145e-01, 0, 9.803145e-01, 2.659855e-01],
	[8.075660e-01, 8.789903e+00, 1.148953e+00, 2.720228e-01],
	[8.075660e-01, 8.789903e+00, 1.148953e+00, 2.720228e-01],
	[8.075660e-01, 8.789903e+00, 1.148953e+00, 2.720228e-01],
	[8.075660e-01, 8.789903e+00, 1.148953e+00, 2.720228e-01],
	[9.096796e-01, 0, 0, 0],
	[9.096796e-01, 0, 0, 0],
	[9.096796e-01, 0, 0, 0],
	[9.096796e-01, 0, 0, 0],
	[0, 7.026016e+00, 0, 0],
	[0, 7.026016e+00, 0, 0],
	[0, 7.026016e+00, 0, 0],
	[0, 7.026016e+00, 0, 0],
	[0, 8.529505e+00, 0, 0],
	[0, 8.529505e+00, 0, 0],
	[0, 8.529505e+00, 0, 0],
	[0, 8.529505e+00, 0, 0],
	[0, 0, 0, 0],
	[0, 0, 0, 0],
	[0, 0, 0, 0],
	[0, 0, 0, 0],
	[0, 0, 0, 0],
	[0, 0, 0, 0],
	[0, 0, 0, 0],
	[0, 0, 0, 0],
	[0, 0, 0, 0],
	[0, 0, 0, 0],
	[0, 0, 0, 0],
	[0, 0, 0, 0],
	[0, 0, 0, 0],
	[0, 0, 0, 0],
	[0, 0, 0, 0],
	[0, 0, 0, 0] ]
undercost [
	[0, 0, 0, 0],
	[0, 0, 0, 0],
	[0, 0, 0, 0],
	[0, 0, 0, 0],
	[0, 0, 0, 0],
	[0, 0, 0, 0],
	[0, 0, 0, 0],
	[0, 0, 0, 0],
	[0, 0, 0, 0],
	[0, 0, 0, 0],
	[0, 0, 0, 0],
	[0, 0, 0, 0],
	[0, 0, 0, 0],
	[0, 0, 0, 0],
	[0, 0, 0, 0],
	[0, 0, 0, 0],
	[0, 0, 0, 0],
	[0, 0, 0, 0],
	[0, 0, 0, 0],
	[0, 0, 0, 0],
	[0, 0, 0, 0],
	[0, 0, 0, 0],
	[0, 0, 0, 0],
	[0, 0, 0, 0],
	[0, 0, 0, 0],
	[0, 0, 0, 0],
	[0, 0, 0, 0],
	[0, 0, 0, 0],
	[0, 0, 0, 0],
	[0, 0, 0, 0],
	[0, 0, 0, 0],
	[0, 0, 0, 0],
	[1.000000e+06, 0, 0, 2.353668e+00],
	[1.000000e+06, 0, 0, 2.353668e+00],
	[1.000000e+06, 0, 0, 2.353668e+00],
	[1.000000e+06, 0, 0, 2.353668e+00],
	[2.258367e+00, 0, 1.000000e+06, 5.110282e-01],
	[2.258367e+00, 0, 1.000000e+06, 5.110282e-01],
	[2.258367e+00, 0, 1.000000e+06, 5.110282e-01],
	[2.258367e+00, 0, 1.000000e+06, 5.110282e-01],
	[2.594887e+00, 1.000000e+06, 1.000000e+06, 4.741576e-01],
	[2.594887e+00, 1.000000e+06, 1.000000e+06, 4.741576e-01],
	[2.594887e+00, 1.000000e+06, 1.000000e+06, 4.741576e-01],
	[2.594887e+00, 1.000000e+06, 1.000000e+06, 4.741576e-01],
	[1.197526e+00, 1.000000e+06, 2.606945e+00, 3.231253e-01],
	[1.197526e+00, 1.000000e+06, 2.606945e+00, 3.231253e-01],
	[1.197526e+00, 1.000000e+06, 2.606945e+00, 3.231253e-01],
	[1.197526e+00, 1.000000e+06, 2.606945e+00, 3.231253e-01],
	[1.002946e+00, 0, 1.277627e+00, 2.244652e-01],
	[1.002946e+00, 0, 1.277627e+00, 2.244652e-01],
	[1.002946e+00, 0, 1.277627e+00, 2.244652e-01],
	[1.002946e+00, 0, 1.277627e+00, 2.244652e-01],
	[1.337846e+00, 0, 8.773256e-01, 2.834083e-01],
	[1.337846e+00, 0, 8.773256e-01, 2.834083e-01],
	[1.337846e+00, 0, 8.773256e-01, 2.834083e-01],
	[1.337846e+00, 0, 8.773256e-01, 2.834083e-01],
	[8.637933e-01, 0, 9.698557e-01, 2.631829e-01],
	[8.637933e-01, 0, 9.698557e-01, 2.631829e-01],
	[8.637933e-01, 0, 9.698557e-01, 2.631829e-01],
	[8.637933e-01, 0, 9.698557e-01, 2.631829e-01],
	[9.732732e-01, 0, 1.103982e+00, 2.219123e-01],
	[9.732732e-01, 0, 1.103982e+00, 2.219123e-01],
	[9.732732e-01, 0, 1.103982e+00, 2.219123e-01],
	[9.732732e-01, 0, 1.103982e+00, 2.219123e-01],
	[1.512267e+00, 1.000000e+06, 1.000000e+06, 2.977486e-01],
	[1.512267e+00, 1.000000e+06, 1.000000e+06, 2.977486e-01],
	[1.512267e+00, 1.000000e+06, 1.000000e+06, 2.977486e-01],
	[1.512267e+00, 1.000000e+06, 1.000000e+06, 2.977486e-01],
	[1.200031e+00, 0, 0, 0],
	[1.200031e+00, 0, 0, 0],
	[1.200031e+00, 0, 0, 0],
	[1.200031e+00, 0, 0, 0],
	[0, 1.000000e+06, 0, 0],
	[0, 1.000000e+06, 0, 0],
	[0, 1.000000e+06, 0, 0],
	[0, 1.000000e+06, 0, 0],
	[0, 1.000000e+06, 0, 0],
	[0, 1.000000e+06, 0, 0],
	[0, 1.000000e+06, 0, 0],
	[0, 1.000000e+06, 0, 0],
	[0, 0, 0, 0],
	[0, 0, 0, 0],
	[0, 0, 0, 0],
	[0, 0, 0, 0],
	[0, 0, 0, 0],
	[0, 0, 0, 0],
	[0, 0, 0, 0],
	[0, 0, 0, 0],
	[0, 0, 0, 0],
	[0, 0, 0, 0],
	[0, 0, 0, 0],
	[0, 0, 0, 0],
	[0, 0, 0, 0],
	[0, 0, 0, 0],
	[0, 0, 0, 0],
	[0, 0, 0, 0] ]
