321 1235 1378 1480 1937 1940 2271 3641 3671
SHOE
ACT	9
SHIFT	96
demand [
	[0, 0, 0, 0, 0, 0, 0, 0, 0],
	[0, 0, 0, 0, 0, 0, 0, 0, 0],
	[0, 0, 0, 0, 0, 0, 0, 0, 0],
	[0, 0, 0, 0, 0, 0, 0, 0, 0],
	[0, 0, 0, 0, 0, 0, 0, 0, 0],
	[0, 0, 0, 0, 0, 0, 0, 0, 0],
	[0, 0, 0, 0, 0, 0, 0, 0, 0],
	[0, 0, 0, 0, 0, 0, 0, 0, 0],
	[0, 0, 0, 0, 0, 0, 0, 0, 0],
	[0, 0, 0, 0, 0, 0, 0, 0, 0],
	[0, 0, 0, 0, 0, 0, 0, 0, 0],
	[0, 0, 0, 0, 0, 0, 0, 0, 0],
	[0, 0, 0, 0, 0, 0, 0, 0, 0],
	[0, 0, 0, 0, 0, 0, 0, 0, 0],
	[0, 0, 0, 0, 0, 0, 0, 0, 0],
	[0, 0, 0, 0, 0, 0, 0, 0, 0],
	[0, 0, 0, 0, 0, 0, 0, 0, 0],
	[0, 0, 0, 0, 0, 0, 0, 0, 0],
	[0, 0, 0, 0, 0, 0, 0, 0, 0],
	[0, 0, 0, 0, 0, 0, 0, 0, 0],
	[0, 0, 0, 0, 0, 0, 0, 0, 0],
	[0, 0, 0, 0, 0, 0, 0, 0, 0],
	[0, 0, 0, 0, 0, 0, 0, 0, 0],
	[0, 0, 0, 0, 0, 0, 0, 0, 0],
	[0, 0, 0, 0, 0, 0, 0, 0, 0],
	[0, 0, 0, 0, 0, 0, 0, 0, 0],
	[0, 0, 0, 0, 0, 0, 0, 0, 0],
	[0, 0, 0, 0, 0, 0, 0, 0, 0],
	[0, 0, 0, 0, 0, 0, 0, 0, 0],
	[0, 0, 0, 0, 0, 0, 0, 0, 0],
	[0, 0, 0, 0, 0, 0, 0, 0, 0],
	[0, 0, 0, 0, 0, 0, 0, 0, 0],
	[0, 1.00, 0, 0, 0, 0, 0, 1.00, 0],
	[0, 1.00, 0, 0, 0, 0, 0, 1.00, 0],
	[0, 1.00, 0, 0, 0, 0, 0, 1.00, 0],
	[0, 1.00, 0, 0, 0, 0, 0, 1.00, 0],
	[1.00, 1.00, 1.00, 2.00, 1.00, 0, 0, 1.50, 0],
	[1.00, 1.00, 1.00, 2.00, 1.00, 0, 0, 1.50, 0],
	[1.00, 1.00, 1.00, 2.00, 1.00, 0, 0, 1.50, 0],
	[1.00, 1.00, 1.00, 2.00, 1.00, 0, 0, 1.50, 0],
	[0, 1.00, 1.00, 2.25, 0, 1.25, 0, 2.50, 1.00],
	[0, 1.00, 1.00, 2.25, 0, 1.25, 0, 2.50, 1.00],
	[0, 1.00, 1.00, 2.25, 0, 1.25, 0, 2.50, 1.00],
	[0, 1.00, 1.00, 2.25, 0, 1.25, 0, 2.50, 1.00],
	[1.00, 1.25, 1.00, 3.00, 1.00, 2.00, 2.25, 4.25, 1.00],
	[1.00, 1.25, 1.00, 3.00, 1.00, 2.00, 2.25, 4.25, 1.00],
	[1.00, 1.25, 1.00, 3.00, 1.00, 2.00, 2.25, 4.25, 1.00],
	[1.00, 1.25, 1.00, 3.00, 1.00, 2.00, 2.25, 4.25, 1.00],
	[1.00, 1.50, 1.25, 3.00, 1.00, 2.25, 2.25, 5.00, 1.00],
	[1.00, 1.50, 1.25, 3.00, 1.00, 2.25, 2.25, 5.00, 1.00],
	[1.00, 1.50, 1.25, 3.00, 1.00, 2.25, 2.25, 5.00, 1.00],
	[1.00, 1.50, 1.25, 3.00, 1.00, 2.25, 2.25, 5.00, 1.00],
	[1.00, 0, 1.25, 3.25, 1.25, 2.25, 2.25, 5.25, 1.25],
	[1.00, 0, 1.25, 3.25, 1.25, 2.25, 2.25, 5.25, 1.25],
	[1.00, 0, 1.25, 3.25, 1.25, 2.25, 2.25, 5.25, 1.25],
	[1.00, 0, 1.25, 3.25, 1.25, 2.25, 2.25, 5.25, 1.25],
	[1.00, 1.50, 1.25, 3.25, 1.25, 2.25, 2.50, 5.25, 1.25],
	[1.00, 1.50, 1.25, 3.25, 1.25, 2.25, 2.50, 5.25, 1.25],
	[1.00, 1.50, 1.25, 3.25, 1.25, 2.25, 2.50, 5.25, 1.25],
	[1.00, 1.50, 1.25, 3.25, 1.25, 2.25, 2.50, 5.25, 1.25],
	[1.00, 1.50, 1.25, 3.25, 1.00, 2.25, 2.50, 5.25, 1.00],
	[1.00, 1.50, 1.25, 3.25, 1.00, 2.25, 2.50, 5.25, 1.00],
	[1.00, 1.50, 1.25, 3.25, 1.00, 2.25, 2.50, 5.25, 1.00],
	[1.00, 1.50, 1.25, 3.25, 1.00, 2.25, 2.50, 5.25, 1.00],
	[1.00, 1.25, 1.00, 3.00, 1.00, 0, 2.25, 4.25, 1.00],
	[1.00, 1.25, 1.00, 3.00, 1.00, 0, 2.25, 4.25, 1.00],
	[1.00, 1.25, 1.00, 3.00, 1.00, 0, 2.25, 4.25, 1.00],
	[1.00, 1.25, 1.00, 3.00, 1.00, 0, 2.25, 4.25, 1.00],
	[0, 1.25, 1.25, 3.25, 1.00, 0, 2.25, 4.50, 0],
	[0, 1.25, 1.25, 3.25, 1.00, 0, 2.25, 4.50, 0],
	[0, 1.25, 1.25, 3.25, 1.00, 0, 2.25, 4.50, 0],
	[0, 1.25, 1.25, 3.25, 1.00, 0, 2.25, 4.50, 0],
	[0, 1.50, 1.50, 3.50, 1.25, 0, 0, 0, 0],
	[0, 1.50, 1.50, 3.50, 1.25, 0, 0, 0, 0],
	[0, 1.50, 1.50, 3.50, 1.25, 0, 0, 0, 0],
	[0, 1.50, 1.50, 3.50, 1.25, 0, 0, 0, 0],
	[0, 1.50, 1.25, 0, 1.00, 0, 0, 0, 0],
	[0, 1.50, 1.25, 0, 1.00, 0, 0, 0, 0],
	[0, 1.50, 1.25, 0, 1.00, 0, 0, 0, 0],
	[0, 1.50, 1.25, 0, 1.00, 0, 0, 0, 0],
	[0, 0, 0, 0, 0, 0, 0, 0, 0],
	[0, 0, 0, 0, 0, 0, 0, 0, 0],
	[0, 0, 0, 0, 0, 0, 0, 0, 0],
	[0, 0, 0, 0, 0, 0, 0, 0, 0],
	[0, 0, 0, 0, 0, 0, 0, 0, 0],
	[0, 0, 0, 0, 0, 0, 0, 0, 0],
	[0, 0, 0, 0, 0, 0, 0, 0, 0],
	[0, 0, 0, 0, 0, 0, 0, 0, 0],
	[0, 0, 0, 0, 0, 0, 0, 0, 0],
	[0, 0, 0, 0, 0, 0, 0, 0, 0],
	[0, 0, 0, 0, 0, 0, 0, 0, 0],
	[0, 0, 0, 0, 0, 0, 0, 0, 0],
	[0, 0, 0, 0, 0, 0, 0, 0, 0],
	[0, 0, 0, 0, 0, 0, 0, 0, 0],
	[0, 0, 0, 0, 0, 0, 0, 0, 0],
	[0, 0, 0, 0, 0, 0, 0, 0, 0] ]
overcost [
	[0, 0, 0, 0, 0, 0, 0, 0, 0],
	[0, 0, 0, 0, 0, 0, 0, 0, 0],
	[0, 0, 0, 0, 0, 0, 0, 0, 0],
	[0, 0, 0, 0, 0, 0, 0, 0, 0],
	[0, 0, 0, 0, 0, 0, 0, 0, 0],
	[0, 0, 0, 0, 0, 0, 0, 0, 0],
	[0, 0, 0, 0, 0, 0, 0, 0, 0],
	[0, 0, 0, 0, 0, 0, 0, 0, 0],
	[0, 0, 0, 0, 0, 0, 0, 0, 0],
	[0, 0, 0, 0, 0, 0, 0, 0, 0],
	[0, 0, 0, 0, 0, 0, 0, 0, 0],
	[0, 0, 0, 0, 0, 0, 0, 0, 0],
	[0, 0, 0, 0, 0, 0, 0, 0, 0],
	[0, 0, 0, 0, 0, 0, 0, 0, 0],
	[0, 0, 0, 0, 0, 0, 0, 0, 0],
	[0, 0, 0, 0, 0, 0, 0, 0, 0],
	[0, 0, 0, 0, 0, 0, 0, 0, 0],
	[0, 0, 0, 0, 0, 0, 0, 0, 0],
	[0, 0, 0, 0, 0, 0, 0, 0, 0],
	[0, 0, 0, 0, 0, 0, 0, 0, 0],
	[0, 0, 0, 0, 0, 0, 0, 0, 0],
	[0, 0, 0, 0, 0, 0, 0, 0, 0],
	[0, 0, 0, 0, 0, 0, 0, 0, 0],
	[0, 0, 0, 0, 0, 0, 0, 0, 0],
	[0, 0, 0, 0, 0, 0, 0, 0, 0],
	[0, 0, 0, 0, 0, 0, 0, 0, 0],
	[0, 0, 0, 0, 0, 0, 0, 0, 0],
	[0, 0, 0, 0, 0, 0, 0, 0, 0],
	[0, 0, 0, 0, 0, 0, 0, 0, 0],
	[0, 0, 0, 0, 0, 0, 0, 0, 0],
	[0, 0, 0, 0, 0, 0, 0, 0, 0],
	[0, 0, 0, 0, 0, 0, 0, 0, 0],
	[0, 8.780192e+00, 0, 0, 0, 0, 0, 9.776493e+00, 0],
	[0, 8.780192e+00, 0, 0, 0, 0, 0, 9.776493e+00, 0],
	[0, 8.780192e+00, 0, 0, 0, 0, 0, 9.776493e+00, 0],
	[0, 8.780192e+00, 0, 0, 0, 0, 0, 9.776493e+00, 0],
	[9.408955e+00, 5.593595e+00, 7.302912e+00, 1.436183e+00, 6.703908e+00, 0, 0, 2.120702e+00, 0],
	[9.408955e+00, 5.593595e+00, 7.302912e+00, 1.436183e+00, 6.703908e+00, 0, 0, 2.120702e+00, 0],
	[9.408955e+00, 5.593595e+00, 7.302912e+00, 1.436183e+00, 6.703908e+00, 0, 0, 2.120702e+00, 0],
	[9.408955e+00, 5.593595e+00, 7.302912e+00, 1.436183e+00, 6.703908e+00, 0, 0, 2.120702e+00, 0],
	[0, 3.879706e+00, 5.318319e+00, 1.073567e+00, 0, 1.460865e+00, 0, 1.591323e+00, 1.085964e+01],
	[0, 3.879706e+00, 5.318319e+00, 1.073567e+00, 0, 1.460865e+00, 0, 1.591323e+00, 1.085964e+01],
	[0, 3.879706e+00, 5.318319e+00, 1.073567e+00, 0, 1.460865e+00, 0, 1.591323e+00, 1.085964e+01],
	[0, 3.879706e+00, 5.318319e+00, 1.073567e+00, 0, 1.460865e+00, 0, 1.591323e+00, 1.085964e+01],
	[6.045817e+00, 2.019763e+00, 2.278294e+00, 1.095606e+00, 2.738801e+00, 1.371193e+00, 1.546588e+00, 9.913011e-01, 7.692866e+00],
	[6.045817e+00, 2.019763e+00, 2.278294e+00, 1.095606e+00, 2.738801e+00, 1.371193e+00, 1.546588e+00, 9.913011e-01, 7.692866e+00],
	[6.045817e+00, 2.019763e+00, 2.278294e+00, 1.095606e+00, 2.738801e+00, 1.371193e+00, 1.546588e+00, 9.913011e-01, 7.692866e+00],
	[6.045817e+00, 2.019763e+00, 2.278294e+00, 1.095606e+00, 2.738801e+00, 1.371193e+00, 1.546588e+00, 9.913011e-01, 7.692866e+00],
	[3.403501e+00, 1.873071e+00, 2.154556e+00, 9.600310e-01, 1.814629e+00, 1.402044e+00, 1.276060e+00, 8.337784e-01, 2.652462e+00],
	[3.403501e+00, 1.873071e+00, 2.154556e+00, 9.600310e-01, 1.814629e+00, 1.402044e+00, 1.276060e+00, 8.337784e-01, 2.652462e+00],
	[3.403501e+00, 1.873071e+00, 2.154556e+00, 9.600310e-01, 1.814629e+00, 1.402044e+00, 1.276060e+00, 8.337784e-01, 2.652462e+00],
	[3.403501e+00, 1.873071e+00, 2.154556e+00, 9.600310e-01, 1.814629e+00, 1.402044e+00, 1.276060e+00, 8.337784e-01, 2.652462e+00],
	[2.710125e+00, 0, 1.730767e+00, 1.188993e+00, 2.255568e+00, 1.128030e+00, 1.015718e+00, 6.863811e-01, 2.529299e+00],
	[2.710125e+00, 0, 1.730767e+00, 1.188993e+00, 2.255568e+00, 1.128030e+00, 1.015718e+00, 6.863811e-01, 2.529299e+00],
	[2.710125e+00, 0, 1.730767e+00, 1.188993e+00, 2.255568e+00, 1.128030e+00, 1.015718e+00, 6.863811e-01, 2.529299e+00],
	[2.710125e+00, 0, 1.730767e+00, 1.188993e+00, 2.255568e+00, 1.128030e+00, 1.015718e+00, 6.863811e-01, 2.529299e+00],
	[2.646782e+00, 1.455867e+00, 1.639044e+00, 1.058115e+00, 2.177595e+00, 1.026771e+00, 1.450690e+00, 5.486676e-01, 2.484269e+00],
	[2.646782e+00, 1.455867e+00, 1.639044e+00, 1.058115e+00, 2.177595e+00, 1.026771e+00, 1.450690e+00, 5.486676e-01, 2.484269e+00],
	[2.646782e+00, 1.455867e+00, 1.639044e+00, 1.058115e+00, 2.177595e+00, 1.026771e+00, 1.450690e+00, 5.486676e-01, 2.484269e+00],
	[2.646782e+00, 1.455867e+00, 1.639044e+00, 1.058115e+00, 2.177595e+00, 1.026771e+00, 1.450690e+00, 5.486676e-01, 2.484269e+00],
	[3.741819e+00, 1.648174e+00, 1.906375e+00, 8.297637e-01, 1.610564e+00, 1.031343e+00, 1.317458e+00, 8.164161e-01, 3.463823e+00],
	[3.741819e+00, 1.648174e+00, 1.906375e+00, 8.297637e-01, 1.610564e+00, 1.031343e+00, 1.317458e+00, 8.164161e-01, 3.463823e+00],
	[3.741819e+00, 1.648174e+00, 1.906375e+00, 8.297637e-01, 1.610564e+00, 1.031343e+00, 1.317458e+00, 8.164161e-01, 3.463823e+00],
	[3.741819e+00, 1.648174e+00, 1.906375e+00, 8.297637e-01, 1.610564e+00, 1.031343e+00, 1.317458e+00, 8.164161e-01, 3.463823e+00],
	[6.713089e+00, 2.047930e+00, 2.330978e+00, 7.968334e-01, 2.774395e+00, 0, 1.333380e+00, 9.440952e-01, 9.385694e+00],
	[6.713089e+00, 2.047930e+00, 2.330978e+00, 7.968334e-01, 2.774395e+00, 0, 1.333380e+00, 9.440952e-01, 9.385694e+00],
	[6.713089e+00, 2.047930e+00, 2.330978e+00, 7.968334e-01, 2.774395e+00, 0, 1.333380e+00, 9.440952e-01, 9.385694e+00],
	[6.713089e+00, 2.047930e+00, 2.330978e+00, 7.968334e-01, 2.774395e+00, 0, 1.333380e+00, 9.440952e-01, 9.385694e+00],
	[0, 1.544491e+00, 2.638652e+00, 9.921676e-01, 2.283542e+00, 0, 1.005495e+00, 6.624885e-01, 0],
	[0, 1.544491e+00, 2.638652e+00, 9.921676e-01, 2.283542e+00, 0, 1.005495e+00, 6.624885e-01, 0],
	[0, 1.544491e+00, 2.638652e+00, 9.921676e-01, 2.283542e+00, 0, 1.005495e+00, 6.624885e-01, 0],
	[0, 1.544491e+00, 2.638652e+00, 9.921676e-01, 2.283542e+00, 0, 1.005495e+00, 6.624885e-01, 0],
	[0, 1.263275e+00, 2.284088e+00, 9.083133e-01, 2.085455e+00, 0, 0, 0, 0],
	[0, 1.263275e+00, 2.284088e+00, 9.083133e-01, 2.085455e+00, 0, 0, 0, 0],
	[0, 1.263275e+00, 2.284088e+00, 9.083133e-01, 2.085455e+00, 0, 0, 0, 0],
	[0, 1.263275e+00, 2.284088e+00, 9.083133e-01, 2.085455e+00, 0, 0, 0, 0],
	[0, 1.681702e+00, 2.059648e+00, 0, 1.871321e+00, 0, 0, 0, 0],
	[0, 1.681702e+00, 2.059648e+00, 0, 1.871321e+00, 0, 0, 0, 0],
	[0, 1.681702e+00, 2.059648e+00, 0, 1.871321e+00, 0, 0, 0, 0],
	[0, 1.681702e+00, 2.059648e+00, 0, 1.871321e+00, 0, 0, 0, 0],
	[0, 0, 0, 0, 0, 0, 0, 0, 0],
	[0, 0, 0, 0, 0, 0, 0, 0, 0],
	[0, 0, 0, 0, 0, 0, 0, 0, 0],
	[0, 0, 0, 0, 0, 0, 0, 0, 0],
	[0, 0, 0, 0, 0, 0, 0, 0, 0],
	[0, 0, 0, 0, 0, 0, 0, 0, 0],
	[0, 0, 0, 0, 0, 0, 0, 0, 0],
	[0, 0, 0, 0, 0, 0, 0, 0, 0],
	[0, 0, 0, 0, 0, 0, 0, 0, 0],
	[0, 0, 0, 0, 0, 0, 0, 0, 0],
	[0, 0, 0, 0, 0, 0, 0, 0, 0],
	[0, 0, 0, 0, 0, 0, 0, 0, 0],
	[0, 0, 0, 0, 0, 0, 0, 0, 0],
	[0, 0, 0, 0, 0, 0, 0, 0, 0],
	[0, 0, 0, 0, 0, 0, 0, 0, 0],
	[0, 0, 0, 0, 0, 0, 0, 0, 0] ]
undercost [
	[0, 0, 0, 0, 0, 0, 0, 0, 0],
	[0, 0, 0, 0, 0, 0, 0, 0, 0],
	[0, 0, 0, 0, 0, 0, 0, 0, 0],
	[0, 0, 0, 0, 0, 0, 0, 0, 0],
	[0, 0, 0, 0, 0, 0, 0, 0, 0],
	[0, 0, 0, 0, 0, 0, 0, 0, 0],
	[0, 0, 0, 0, 0, 0, 0, 0, 0],
	[0, 0, 0, 0, 0, 0, 0, 0, 0],
	[0, 0, 0, 0, 0, 0, 0, 0, 0],
	[0, 0, 0, 0, 0, 0, 0, 0, 0],
	[0, 0, 0, 0, 0, 0, 0, 0, 0],
	[0, 0, 0, 0, 0, 0, 0, 0, 0],
	[0, 0, 0, 0, 0, 0, 0, 0, 0],
	[0, 0, 0, 0, 0, 0, 0, 0, 0],
	[0, 0, 0, 0, 0, 0, 0, 0, 0],
	[0, 0, 0, 0, 0, 0, 0, 0, 0],
	[0, 0, 0, 0, 0, 0, 0, 0, 0],
	[0, 0, 0, 0, 0, 0, 0, 0, 0],
	[0, 0, 0, 0, 0, 0, 0, 0, 0],
	[0, 0, 0, 0, 0, 0, 0, 0, 0],
	[0, 0, 0, 0, 0, 0, 0, 0, 0],
	[0, 0, 0, 0, 0, 0, 0, 0, 0],
	[0, 0, 0, 0, 0, 0, 0, 0, 0],
	[0, 0, 0, 0, 0, 0, 0, 0, 0],
	[0, 0, 0, 0, 0, 0, 0, 0, 0],
	[0, 0, 0, 0, 0, 0, 0, 0, 0],
	[0, 0, 0, 0, 0, 0, 0, 0, 0],
	[0, 0, 0, 0, 0, 0, 0, 0, 0],
	[0, 0, 0, 0, 0, 0, 0, 0, 0],
	[0, 0, 0, 0, 0, 0, 0, 0, 0],
	[0, 0, 0, 0, 0, 0, 0, 0, 0],
	[0, 0, 0, 0, 0, 0, 0, 0, 0],
	[0, 1.000000e+06, 0, 0, 0, 0, 0, 1.000000e+06, 0],
	[0, 1.000000e+06, 0, 0, 0, 0, 0, 1.000000e+06, 0],
	[0, 1.000000e+06, 0, 0, 0, 0, 0, 1.000000e+06, 0],
	[0, 1.000000e+06, 0, 0, 0, 0, 0, 1.000000e+06, 0],
	[1.000000e+06, 1.000000e+06, 1.000000e+06, 2.500817e+00, 1.000000e+06, 0, 0, 1.000000e+06, 0],
	[1.000000e+06, 1.000000e+06, 1.000000e+06, 2.500817e+00, 1.000000e+06, 0, 0, 1.000000e+06, 0],
	[1.000000e+06, 1.000000e+06, 1.000000e+06, 2.500817e+00, 1.000000e+06, 0, 0, 1.000000e+06, 0],
	[1.000000e+06, 1.000000e+06, 1.000000e+06, 2.500817e+00, 1.000000e+06, 0, 0, 1.000000e+06, 0],
	[0, 1.000000e+06, 1.000000e+06, 2.439976e+00, 0, 1.000000e+06, 0, 1.651544e+00, 1.000000e+06],
	[0, 1.000000e+06, 1.000000e+06, 2.439976e+00, 0, 1.000000e+06, 0, 1.651544e+00, 1.000000e+06],
	[0, 1.000000e+06, 1.000000e+06, 2.439976e+00, 0, 1.000000e+06, 0, 1.651544e+00, 1.000000e+06],
	[0, 1.000000e+06, 1.000000e+06, 2.439976e+00, 0, 1.000000e+06, 0, 1.651544e+00, 1.000000e+06],
	[1.000000e+06, 1.000000e+06, 1.000000e+06, 1.385792e+00, 1.000000e+06, 2.007611e+00, 1.718636e+00, 8.629188e-01, 1.000000e+06],
	[1.000000e+06, 1.000000e+06, 1.000000e+06, 1.385792e+00, 1.000000e+06, 2.007611e+00, 1.718636e+00, 8.629188e-01, 1.000000e+06],
	[1.000000e+06, 1.000000e+06, 1.000000e+06, 1.385792e+00, 1.000000e+06, 2.007611e+00, 1.718636e+00, 8.629188e-01, 1.000000e+06],
	[1.000000e+06, 1.000000e+06, 1.000000e+06, 1.385792e+00, 1.000000e+06, 2.007611e+00, 1.718636e+00, 8.629188e-01, 1.000000e+06],
	[1.000000e+06, 1.000000e+06, 1.000000e+06, 1.548537e+00, 1.000000e+06, 1.478400e+00, 2.071150e+00, 7.393135e-01, 1.000000e+06],
	[1.000000e+06, 1.000000e+06, 1.000000e+06, 1.548537e+00, 1.000000e+06, 1.478400e+00, 2.071150e+00, 7.393135e-01, 1.000000e+06],
	[1.000000e+06, 1.000000e+06, 1.000000e+06, 1.548537e+00, 1.000000e+06, 1.478400e+00, 2.071150e+00, 7.393135e-01, 1.000000e+06],
	[1.000000e+06, 1.000000e+06, 1.000000e+06, 1.548537e+00, 1.000000e+06, 1.478400e+00, 2.071150e+00, 7.393135e-01, 1.000000e+06],
	[1.000000e+06, 0, 1.000000e+06, 1.047167e+00, 1.000000e+06, 1.848721e+00, 2.421475e+00, 8.257497e-01, 1.000000e+06],
	[1.000000e+06, 0, 1.000000e+06, 1.047167e+00, 1.000000e+06, 1.848721e+00, 2.421475e+00, 8.257497e-01, 1.000000e+06],
	[1.000000e+06, 0, 1.000000e+06, 1.047167e+00, 1.000000e+06, 1.848721e+00, 2.421475e+00, 8.257497e-01, 1.000000e+06],
	[1.000000e+06, 0, 1.000000e+06, 1.047167e+00, 1.000000e+06, 1.848721e+00, 2.421475e+00, 8.257497e-01, 1.000000e+06],
	[1.000000e+06, 1.000000e+06, 1.000000e+06, 1.207855e+00, 1.000000e+06, 1.986099e+00, 1.435196e+00, 9.823327e-01, 1.000000e+06],
	[1.000000e+06, 1.000000e+06, 1.000000e+06, 1.207855e+00, 1.000000e+06, 1.986099e+00, 1.435196e+00, 9.823327e-01, 1.000000e+06],
	[1.000000e+06, 1.000000e+06, 1.000000e+06, 1.207855e+00, 1.000000e+06, 1.986099e+00, 1.435196e+00, 9.823327e-01, 1.000000e+06],
	[1.000000e+06, 1.000000e+06, 1.000000e+06, 1.207855e+00, 1.000000e+06, 1.986099e+00, 1.435196e+00, 9.823327e-01, 1.000000e+06],
	[1.000000e+06, 1.000000e+06, 1.000000e+06, 1.491697e+00, 1.000000e+06, 1.985985e+00, 1.615902e+00, 6.787555e-01, 1.000000e+06],
	[1.000000e+06, 1.000000e+06, 1.000000e+06, 1.491697e+00, 1.000000e+06, 1.985985e+00, 1.615902e+00, 6.787555e-01, 1.000000e+06],
	[1.000000e+06, 1.000000e+06, 1.000000e+06, 1.491697e+00, 1.000000e+06, 1.985985e+00, 1.615902e+00, 6.787555e-01, 1.000000e+06],
	[1.000000e+06, 1.000000e+06, 1.000000e+06, 1.491697e+00, 1.000000e+06, 1.985985e+00, 1.615902e+00, 6.787555e-01, 1.000000e+06],
	[1.000000e+06, 1.000000e+06, 1.000000e+06, 1.760345e+00, 1.000000e+06, 0, 2.009096e+00, 9.186920e-01, 1.000000e+06],
	[1.000000e+06, 1.000000e+06, 1.000000e+06, 1.760345e+00, 1.000000e+06, 0, 2.009096e+00, 9.186920e-01, 1.000000e+06],
	[1.000000e+06, 1.000000e+06, 1.000000e+06, 1.760345e+00, 1.000000e+06, 0, 2.009096e+00, 9.186920e-01, 1.000000e+06],
	[1.000000e+06, 1.000000e+06, 1.000000e+06, 1.760345e+00, 1.000000e+06, 0, 2.009096e+00, 9.186920e-01, 1.000000e+06],
	[0, 1.000000e+06, 1.000000e+06, 1.295685e+00, 1.000000e+06, 0, 2.452377e+00, 1.131895e+00, 0],
	[0, 1.000000e+06, 1.000000e+06, 1.295685e+00, 1.000000e+06, 0, 2.452377e+00, 1.131895e+00, 0],
	[0, 1.000000e+06, 1.000000e+06, 1.295685e+00, 1.000000e+06, 0, 2.452377e+00, 1.131895e+00, 0],
	[0, 1.000000e+06, 1.000000e+06, 1.295685e+00, 1.000000e+06, 0, 2.452377e+00, 1.131895e+00, 0],
	[0, 1.000000e+06, 1.000000e+06, 1.211991e+00, 1.000000e+06, 0, 0, 0, 0],
	[0, 1.000000e+06, 1.000000e+06, 1.211991e+00, 1.000000e+06, 0, 0, 0, 0],
	[0, 1.000000e+06, 1.000000e+06, 1.211991e+00, 1.000000e+06, 0, 0, 0, 0],
	[0, 1.000000e+06, 1.000000e+06, 1.211991e+00, 1.000000e+06, 0, 0, 0, 0],
	[0, 1.000000e+06, 1.000000e+06, 0, 1.000000e+06, 0, 0, 0, 0],
	[0, 1.000000e+06, 1.000000e+06, 0, 1.000000e+06, 0, 0, 0, 0],
	[0, 1.000000e+06, 1.000000e+06, 0, 1.000000e+06, 0, 0, 0, 0],
	[0, 1.000000e+06, 1.000000e+06, 0, 1.000000e+06, 0, 0, 0, 0],
	[0, 0, 0, 0, 0, 0, 0, 0, 0],
	[0, 0, 0, 0, 0, 0, 0, 0, 0],
	[0, 0, 0, 0, 0, 0, 0, 0, 0],
	[0, 0, 0, 0, 0, 0, 0, 0, 0],
	[0, 0, 0, 0, 0, 0, 0, 0, 0],
	[0, 0, 0, 0, 0, 0, 0, 0, 0],
	[0, 0, 0, 0, 0, 0, 0, 0, 0],
	[0, 0, 0, 0, 0, 0, 0, 0, 0],
	[0, 0, 0, 0, 0, 0, 0, 0, 0],
	[0, 0, 0, 0, 0, 0, 0, 0, 0],
	[0, 0, 0, 0, 0, 0, 0, 0, 0],
	[0, 0, 0, 0, 0, 0, 0, 0, 0],
	[0, 0, 0, 0, 0, 0, 0, 0, 0],
	[0, 0, 0, 0, 0, 0, 0, 0, 0],
	[0, 0, 0, 0, 0, 0, 0, 0, 0],
	[0, 0, 0, 0, 0, 0, 0, 0, 0] ]
