50 435 2317 2450 2822 3738 4284
SHOE
ACT	7
SHIFT	96
demand [
	[0, 0, 0, 0, 0, 0, 0],
	[0, 0, 0, 0, 0, 0, 0],
	[0, 0, 0, 0, 0, 0, 0],
	[0, 0, 0, 0, 0, 0, 0],
	[0, 0, 0, 0, 0, 0, 0],
	[0, 0, 0, 0, 0, 0, 0],
	[0, 0, 0, 0, 0, 0, 0],
	[0, 0, 0, 0, 0, 0, 0],
	[0, 0, 0, 0, 0, 0, 0],
	[0, 0, 0, 0, 0, 0, 0],
	[0, 0, 0, 0, 0, 0, 0],
	[0, 0, 0, 0, 0, 0, 0],
	[0, 0, 0, 0, 0, 0, 0],
	[0, 0, 0, 0, 0, 0, 0],
	[0, 0, 0, 0, 0, 0, 0],
	[0, 0, 0, 0, 0, 0, 0],
	[0, 0, 0, 0, 0, 0, 0],
	[0, 0, 0, 0, 0, 0, 0],
	[0, 0, 0, 0, 0, 0, 0],
	[0, 0, 0, 0, 0, 0, 0],
	[0, 0, 0, 0, 0, 0, 0],
	[0, 0, 0, 0, 0, 0, 0],
	[0, 0, 0, 0, 0, 0, 0],
	[0, 0, 0, 0, 0, 0, 0],
	[0, 0, 0, 0, 0, 0, 0],
	[0, 0, 0, 0, 0, 0, 0],
	[0, 0, 0, 0, 0, 0, 0],
	[0, 0, 0, 0, 0, 0, 0],
	[0, 0, 0, 0, 0, 0, 0],
	[0, 0, 0, 0, 0, 0, 0],
	[0, 0, 0, 0, 0, 0, 0],
	[0, 0, 0, 0, 0, 0, 0],
	[0, 0, 0, 0, 0, 0, 0],
	[0, 0, 0, 0, 0, 0, 0],
	[0, 0, 0, 0, 0, 0, 0],
	[0, 0, 0, 0, 0, 0, 0],
	[0, 0, 0, 0, 1.00, 1.75, 1.00],
	[0, 0, 0, 0, 1.00, 1.75, 1.00],
	[0, 0, 0, 0, 1.00, 1.75, 1.00],
	[0, 0, 0, 0, 1.00, 1.75, 1.00],
	[1.00, 1.00, 1.00, 0, 1.00, 3.00, 1.00],
	[1.00, 1.00, 1.00, 0, 1.00, 3.00, 1.00],
	[1.00, 1.00, 1.00, 0, 1.00, 3.00, 1.00],
	[1.00, 1.00, 1.00, 0, 1.00, 3.00, 1.00],
	[1.00, 1.50, 1.25, 1.00, 1.00, 5.00, 1.00],
	[1.00, 1.50, 1.25, 1.00, 1.00, 5.00, 1.00],
	[1.00, 1.50, 1.25, 1.00, 1.00, 5.00, 1.00],
	[1.00, 1.50, 1.25, 1.00, 1.00, 5.00, 1.00],
	[1.00, 1.50, 1.25, 1.00, 1.25, 5.75, 1.00],
	[1.00, 1.50, 1.25, 1.00, 1.25, 5.75, 1.00],
	[1.00, 1.50, 1.25, 1.00, 1.25, 5.75, 1.00],
	[1.00, 1.50, 1.25, 1.00, 1.25, 5.75, 1.00],
	[1.00, 1.50, 1.50, 1.00, 1.25, 6.25, 1.00],
	[1.00, 1.50, 1.50, 1.00, 1.25, 6.25, 1.00],
	[1.00, 1.50, 1.50, 1.00, 1.25, 6.25, 1.00],
	[1.00, 1.50, 1.50, 1.00, 1.25, 6.25, 1.00],
	[1.00, 1.75, 1.50, 1.00, 1.25, 6.50, 1.00],
	[1.00, 1.75, 1.50, 1.00, 1.25, 6.50, 1.00],
	[1.00, 1.75, 1.50, 1.00, 1.25, 6.50, 1.00],
	[1.00, 1.75, 1.50, 1.00, 1.25, 6.50, 1.00],
	[1.00, 1.75, 1.50, 1.00, 1.00, 6.25, 1.00],
	[1.00, 1.75, 1.50, 1.00, 1.00, 6.25, 1.00],
	[1.00, 1.75, 1.50, 1.00, 1.00, 6.25, 1.00],
	[1.00, 1.75, 1.50, 1.00, 1.00, 6.25, 1.00],
	[1.00, 1.50, 1.25, 1.00, 1.00, 5.00, 1.00],
	[1.00, 1.50, 1.25, 1.00, 1.00, 5.00, 1.00],
	[1.00, 1.50, 1.25, 1.00, 1.00, 5.00, 1.00],
	[1.00, 1.50, 1.25, 1.00, 1.00, 5.00, 1.00],
	[0, 1.50, 1.25, 1.00, 1.00, 0, 1.00],
	[0, 1.50, 1.25, 1.00, 1.00, 0, 1.00],
	[0, 1.50, 1.25, 1.00, 1.00, 0, 1.00],
	[0, 1.50, 1.25, 1.00, 1.00, 0, 1.00],
	[0, 1.75, 1.50, 1.00, 1.25, 0, 1.00],
	[0, 1.75, 1.50, 1.00, 1.25, 0, 1.00],
	[0, 1.75, 1.50, 1.00, 1.25, 0, 1.00],
	[0, 1.75, 1.50, 1.00, 1.25, 0, 1.00],
	[0, 1.75, 1.50, 1.00, 1.00, 0, 0],
	[0, 1.75, 1.50, 1.00, 1.00, 0, 0],
	[0, 1.75, 1.50, 1.00, 1.00, 0, 0],
	[0, 1.75, 1.50, 1.00, 1.00, 0, 0],
	[0, 1.00, 0, 0, 0, 0, 0],
	[0, 1.00, 0, 0, 0, 0, 0],
	[0, 1.00, 0, 0, 0, 0, 0],
	[0, 1.00, 0, 0, 0, 0, 0],
	[0, 0, 0, 0, 0, 0, 0],
	[0, 0, 0, 0, 0, 0, 0],
	[0, 0, 0, 0, 0, 0, 0],
	[0, 0, 0, 0, 0, 0, 0],
	[0, 0, 0, 0, 0, 0, 0],
	[0, 0, 0, 0, 0, 0, 0],
	[0, 0, 0, 0, 0, 0, 0],
	[0, 0, 0, 0, 0, 0, 0],
	[0, 0, 0, 0, 0, 0, 0],
	[0, 0, 0, 0, 0, 0, 0],
	[0, 0, 0, 0, 0, 0, 0],
	[0, 0, 0, 0, 0, 0, 0] ]
overcost [
	[0, 0, 0, 0, 0, 0, 0],
	[0, 0, 0, 0, 0, 0, 0],
	[0, 0, 0, 0, 0, 0, 0],
	[0, 0, 0, 0, 0, 0, 0],
	[0, 0, 0, 0, 0, 0, 0],
	[0, 0, 0, 0, 0, 0, 0],
	[0, 0, 0, 0, 0, 0, 0],
	[0, 0, 0, 0, 0, 0, 0],
	[0, 0, 0, 0, 0, 0, 0],
	[0, 0, 0, 0, 0, 0, 0],
	[0, 0, 0, 0, 0, 0, 0],
	[0, 0, 0, 0, 0, 0, 0],
	[0, 0, 0, 0, 0, 0, 0],
	[0, 0, 0, 0, 0, 0, 0],
	[0, 0, 0, 0, 0, 0, 0],
	[0, 0, 0, 0, 0, 0, 0],
	[0, 0, 0, 0, 0, 0, 0],
	[0, 0, 0, 0, 0, 0, 0],
	[0, 0, 0, 0, 0, 0, 0],
	[0, 0, 0, 0, 0, 0, 0],
	[0, 0, 0, 0, 0, 0, 0],
	[0, 0, 0, 0, 0, 0, 0],
	[0, 0, 0, 0, 0, 0, 0],
	[0, 0, 0, 0, 0, 0, 0],
	[0, 0, 0, 0, 0, 0, 0],
	[0, 0, 0, 0, 0, 0, 0],
	[0, 0, 0, 0, 0, 0, 0],
	[0, 0, 0, 0, 0, 0, 0],
	[0, 0, 0, 0, 0, 0, 0],
	[0, 0, 0, 0, 0, 0, 0],
	[0, 0, 0, 0, 0, 0, 0],
	[0, 0, 0, 0, 0, 0, 0],
	[0, 0, 0, 0, 0, 0, 0],
	[0, 0, 0, 0, 0, 0, 0],
	[0, 0, 0, 0, 0, 0, 0],
	[0, 0, 0, 0, 0, 0, 0],
	[0, 0, 0, 0, 9.795303e+00, 1.196014e+00, 6.628049e+00],
	[0, 0, 0, 0, 9.795303e+00, 1.196014e+00, 6.628049e+00],
	[0, 0, 0, 0, 9.795303e+00, 1.196014e+00, 6.628049e+00],
	[0, 0, 0, 0, 9.795303e+00, 1.196014e+00, 6.628049e+00],
	[8.066055e+00, 2.891239e+00, 2.990885e+00, 0, 9.759656e+00, 1.111938e+00, 5.721143e+00],
	[8.066055e+00, 2.891239e+00, 2.990885e+00, 0, 9.759656e+00, 1.111938e+00, 5.721143e+00],
	[8.066055e+00, 2.891239e+00, 2.990885e+00, 0, 9.759656e+00, 1.111938e+00, 5.721143e+00],
	[8.066055e+00, 2.891239e+00, 2.990885e+00, 0, 9.759656e+00, 1.111938e+00, 5.721143e+00],
	[6.344665e+00, 2.262081e+00, 1.980707e+00, 3.446674e+00, 4.426792e+00, 6.473249e-01, 4.238550e+00],
	[6.344665e+00, 2.262081e+00, 1.980707e+00, 3.446674e+00, 4.426792e+00, 6.473249e-01, 4.238550e+00],
	[6.344665e+00, 2.262081e+00, 1.980707e+00, 3.446674e+00, 4.426792e+00, 6.473249e-01, 4.238550e+00],
	[6.344665e+00, 2.262081e+00, 1.980707e+00, 3.446674e+00, 4.426792e+00, 6.473249e-01, 4.238550e+00],
	[5.662936e+00, 1.641909e+00, 1.517650e+00, 2.647974e+00, 2.457176e+00, 4.133254e-01, 3.922531e+00],
	[5.662936e+00, 1.641909e+00, 1.517650e+00, 2.647974e+00, 2.457176e+00, 4.133254e-01, 3.922531e+00],
	[5.662936e+00, 1.641909e+00, 1.517650e+00, 2.647974e+00, 2.457176e+00, 4.133254e-01, 3.922531e+00],
	[5.662936e+00, 1.641909e+00, 1.517650e+00, 2.647974e+00, 2.457176e+00, 4.133254e-01, 3.922531e+00],
	[5.403349e+00, 1.310738e+00, 2.051901e+00, 2.310583e+00, 1.716313e+00, 5.072246e-01, 3.703469e+00],
	[5.403349e+00, 1.310738e+00, 2.051901e+00, 2.310583e+00, 1.716313e+00, 5.072246e-01, 3.703469e+00],
	[5.403349e+00, 1.310738e+00, 2.051901e+00, 2.310583e+00, 1.716313e+00, 5.072246e-01, 3.703469e+00],
	[5.403349e+00, 1.310738e+00, 2.051901e+00, 2.310583e+00, 1.716313e+00, 5.072246e-01, 3.703469e+00],
	[5.356866e+00, 1.934582e+00, 1.940759e+00, 2.244355e+00, 1.645891e+00, 6.225536e-01, 3.679945e+00],
	[5.356866e+00, 1.934582e+00, 1.940759e+00, 2.244355e+00, 1.645891e+00, 6.225536e-01, 3.679945e+00],
	[5.356866e+00, 1.934582e+00, 1.940759e+00, 2.244355e+00, 1.645891e+00, 6.225536e-01, 3.679945e+00],
	[5.356866e+00, 1.934582e+00, 1.940759e+00, 2.244355e+00, 1.645891e+00, 6.225536e-01, 3.679945e+00],
	[5.572366e+00, 1.979973e+00, 1.906471e+00, 2.462784e+00, 1.795368e+00, 6.030891e-01, 3.715990e+00],
	[5.572366e+00, 1.979973e+00, 1.906471e+00, 2.462784e+00, 1.795368e+00, 6.030891e-01, 3.715990e+00],
	[5.572366e+00, 1.979973e+00, 1.906471e+00, 2.462784e+00, 1.795368e+00, 6.030891e-01, 3.715990e+00],
	[5.572366e+00, 1.979973e+00, 1.906471e+00, 2.462784e+00, 1.795368e+00, 6.030891e-01, 3.715990e+00],
	[6.416740e+00, 2.144708e+00, 1.803213e+00, 3.502643e+00, 5.091089e+00, 5.836260e-01, 4.281199e+00],
	[6.416740e+00, 2.144708e+00, 1.803213e+00, 3.502643e+00, 5.091089e+00, 5.836260e-01, 4.281199e+00],
	[6.416740e+00, 2.144708e+00, 1.803213e+00, 3.502643e+00, 5.091089e+00, 5.836260e-01, 4.281199e+00],
	[6.416740e+00, 2.144708e+00, 1.803213e+00, 3.502643e+00, 5.091089e+00, 5.836260e-01, 4.281199e+00],
	[0, 1.726444e+00, 1.447371e+00, 3.041397e+00, 3.820939e+00, 0, 3.947932e+00],
	[0, 1.726444e+00, 1.447371e+00, 3.041397e+00, 3.820939e+00, 0, 3.947932e+00],
	[0, 1.726444e+00, 1.447371e+00, 3.041397e+00, 3.820939e+00, 0, 3.947932e+00],
	[0, 1.726444e+00, 1.447371e+00, 3.041397e+00, 3.820939e+00, 0, 3.947932e+00],
	[0, 1.619632e+00, 1.576607e+00, 2.087006e+00, 2.230902e+00, 0, 3.306211e+00],
	[0, 1.619632e+00, 1.576607e+00, 2.087006e+00, 2.230902e+00, 0, 3.306211e+00],
	[0, 1.619632e+00, 1.576607e+00, 2.087006e+00, 2.230902e+00, 0, 3.306211e+00],
	[0, 1.619632e+00, 1.576607e+00, 2.087006e+00, 2.230902e+00, 0, 3.306211e+00],
	[0, 1.741579e+00, 1.534353e+00, 2.567136e+00, 4.408702e+00, 0, 0],
	[0, 1.741579e+00, 1.534353e+00, 2.567136e+00, 4.408702e+00, 0, 0],
	[0, 1.741579e+00, 1.534353e+00, 2.567136e+00, 4.408702e+00, 0, 0],
	[0, 1.741579e+00, 1.534353e+00, 2.567136e+00, 4.408702e+00, 0, 0],
	[0, 3.569844e+00, 0, 0, 0, 0, 0],
	[0, 3.569844e+00, 0, 0, 0, 0, 0],
	[0, 3.569844e+00, 0, 0, 0, 0, 0],
	[0, 3.569844e+00, 0, 0, 0, 0, 0],
	[0, 0, 0, 0, 0, 0, 0],
	[0, 0, 0, 0, 0, 0, 0],
	[0, 0, 0, 0, 0, 0, 0],
	[0, 0, 0, 0, 0, 0, 0],
	[0, 0, 0, 0, 0, 0, 0],
	[0, 0, 0, 0, 0, 0, 0],
	[0, 0, 0, 0, 0, 0, 0],
	[0, 0, 0, 0, 0, 0, 0],
	[0, 0, 0, 0, 0, 0, 0],
	[0, 0, 0, 0, 0, 0, 0],
	[0, 0, 0, 0, 0, 0, 0],
	[0, 0, 0, 0, 0, 0, 0] ]
undercost [
	[0, 0, 0, 0, 0, 0, 0],
	[0, 0, 0, 0, 0, 0, 0],
	[0, 0, 0, 0, 0, 0, 0],
	[0, 0, 0, 0, 0, 0, 0],
	[0, 0, 0, 0, 0, 0, 0],
	[0, 0, 0, 0, 0, 0, 0],
	[0, 0, 0, 0, 0, 0, 0],
	[0, 0, 0, 0, 0, 0, 0],
	[0, 0, 0, 0, 0, 0, 0],
	[0, 0, 0, 0, 0, 0, 0],
	[0, 0, 0, 0, 0, 0, 0],
	[0, 0, 0, 0, 0, 0, 0],
	[0, 0, 0, 0, 0, 0, 0],
	[0, 0, 0, 0, 0, 0, 0],
	[0, 0, 0, 0, 0, 0, 0],
	[0, 0, 0, 0, 0, 0, 0],
	[0, 0, 0, 0, 0, 0, 0],
	[0, 0, 0, 0, 0, 0, 0],
	[0, 0, 0, 0, 0, 0, 0],
	[0, 0, 0, 0, 0, 0, 0],
	[0, 0, 0, 0, 0, 0, 0],
	[0, 0, 0, 0, 0, 0, 0],
	[0, 0, 0, 0, 0, 0, 0],
	[0, 0, 0, 0, 0, 0, 0],
	[0, 0, 0, 0, 0, 0, 0],
	[0, 0, 0, 0, 0, 0, 0],
	[0, 0, 0, 0, 0, 0, 0],
	[0, 0, 0, 0, 0, 0, 0],
	[0, 0, 0, 0, 0, 0, 0],
	[0, 0, 0, 0, 0, 0, 0],
	[0, 0, 0, 0, 0, 0, 0],
	[0, 0, 0, 0, 0, 0, 0],
	[0, 0, 0, 0, 0, 0, 0],
	[0, 0, 0, 0, 0, 0, 0],
	[0, 0, 0, 0, 0, 0, 0],
	[0, 0, 0, 0, 0, 0, 0],
	[0, 0, 0, 0, 1.000000e+06, 1.000000e+06, 1.000000e+06],
	[0, 0, 0, 0, 1.000000e+06, 1.000000e+06, 1.000000e+06],
	[0, 0, 0, 0, 1.000000e+06, 1.000000e+06, 1.000000e+06],
	[0, 0, 0, 0, 1.000000e+06, 1.000000e+06, 1.000000e+06],
	[1.000000e+06, 1.000000e+06, 1.000000e+06, 0, 1.000000e+06, 1.289048e+00, 1.000000e+06],
	[1.000000e+06, 1.000000e+06, 1.000000e+06, 0, 1.000000e+06, 1.289048e+00, 1.000000e+06],
	[1.000000e+06, 1.000000e+06, 1.000000e+06, 0, 1.000000e+06, 1.289048e+00, 1.000000e+06],
	[1.000000e+06, 1.000000e+06, 1.000000e+06, 0, 1.000000e+06, 1.289048e+00, 1.000000e+06],
	[1.000000e+06, 1.000000e+06, 1.000000e+06, 1.000000e+06, 1.000000e+06, 7.704933e-01, 1.000000e+06],
	[1.000000e+06, 1.000000e+06, 1.000000e+06, 1.000000e+06, 1.000000e+06, 7.704933e-01, 1.000000e+06],
	[1.000000e+06, 1.000000e+06, 1.000000e+06, 1.000000e+06, 1.000000e+06, 7.704933e-01, 1.000000e+06],
	[1.000000e+06, 1.000000e+06, 1.000000e+06, 1.000000e+06, 1.000000e+06, 7.704933e-01, 1.000000e+06],
	[1.000000e+06, 1.000000e+06, 1.000000e+06, 1.000000e+06, 1.000000e+06, 8.342076e-01, 1.000000e+06],
	[1.000000e+06, 1.000000e+06, 1.000000e+06, 1.000000e+06, 1.000000e+06, 8.342076e-01, 1.000000e+06],
	[1.000000e+06, 1.000000e+06, 1.000000e+06, 1.000000e+06, 1.000000e+06, 8.342076e-01, 1.000000e+06],
	[1.000000e+06, 1.000000e+06, 1.000000e+06, 1.000000e+06, 1.000000e+06, 8.342076e-01, 1.000000e+06],
	[1.000000e+06, 1.000000e+06, 1.000000e+06, 1.000000e+06, 1.000000e+06, 6.232527e-01, 1.000000e+06],
	[1.000000e+06, 1.000000e+06, 1.000000e+06, 1.000000e+06, 1.000000e+06, 6.232527e-01, 1.000000e+06],
	[1.000000e+06, 1.000000e+06, 1.000000e+06, 1.000000e+06, 1.000000e+06, 6.232527e-01, 1.000000e+06],
	[1.000000e+06, 1.000000e+06, 1.000000e+06, 1.000000e+06, 1.000000e+06, 6.232527e-01, 1.000000e+06],
	[1.000000e+06, 1.000000e+06, 1.000000e+06, 1.000000e+06, 1.000000e+06, 4.492299e-01, 1.000000e+06],
	[1.000000e+06, 1.000000e+06, 1.000000e+06, 1.000000e+06, 1.000000e+06, 4.492299e-01, 1.000000e+06],
	[1.000000e+06, 1.000000e+06, 1.000000e+06, 1.000000e+06, 1.000000e+06, 4.492299e-01, 1.000000e+06],
	[1.000000e+06, 1.000000e+06, 1.000000e+06, 1.000000e+06, 1.000000e+06, 4.492299e-01, 1.000000e+06],
	[1.000000e+06, 1.000000e+06, 1.000000e+06, 1.000000e+06, 1.000000e+06, 5.169965e-01, 1.000000e+06],
	[1.000000e+06, 1.000000e+06, 1.000000e+06, 1.000000e+06, 1.000000e+06, 5.169965e-01, 1.000000e+06],
	[1.000000e+06, 1.000000e+06, 1.000000e+06, 1.000000e+06, 1.000000e+06, 5.169965e-01, 1.000000e+06],
	[1.000000e+06, 1.000000e+06, 1.000000e+06, 1.000000e+06, 1.000000e+06, 5.169965e-01, 1.000000e+06],
	[1.000000e+06, 1.000000e+06, 1.000000e+06, 1.000000e+06, 1.000000e+06, 8.436621e-01, 1.000000e+06],
	[1.000000e+06, 1.000000e+06, 1.000000e+06, 1.000000e+06, 1.000000e+06, 8.436621e-01, 1.000000e+06],
	[1.000000e+06, 1.000000e+06, 1.000000e+06, 1.000000e+06, 1.000000e+06, 8.436621e-01, 1.000000e+06],
	[1.000000e+06, 1.000000e+06, 1.000000e+06, 1.000000e+06, 1.000000e+06, 8.436621e-01, 1.000000e+06],
	[0, 1.000000e+06, 1.000000e+06, 1.000000e+06, 1.000000e+06, 0, 1.000000e+06],
	[0, 1.000000e+06, 1.000000e+06, 1.000000e+06, 1.000000e+06, 0, 1.000000e+06],
	[0, 1.000000e+06, 1.000000e+06, 1.000000e+06, 1.000000e+06, 0, 1.000000e+06],
	[0, 1.000000e+06, 1.000000e+06, 1.000000e+06, 1.000000e+06, 0, 1.000000e+06],
	[0, 1.000000e+06, 1.000000e+06, 1.000000e+06, 1.000000e+06, 0, 1.000000e+06],
	[0, 1.000000e+06, 1.000000e+06, 1.000000e+06, 1.000000e+06, 0, 1.000000e+06],
	[0, 1.000000e+06, 1.000000e+06, 1.000000e+06, 1.000000e+06, 0, 1.000000e+06],
	[0, 1.000000e+06, 1.000000e+06, 1.000000e+06, 1.000000e+06, 0, 1.000000e+06],
	[0, 1.000000e+06, 1.000000e+06, 1.000000e+06, 1.000000e+06, 0, 0],
	[0, 1.000000e+06, 1.000000e+06, 1.000000e+06, 1.000000e+06, 0, 0],
	[0, 1.000000e+06, 1.000000e+06, 1.000000e+06, 1.000000e+06, 0, 0],
	[0, 1.000000e+06, 1.000000e+06, 1.000000e+06, 1.000000e+06, 0, 0],
	[0, 1.000000e+06, 0, 0, 0, 0, 0],
	[0, 1.000000e+06, 0, 0, 0, 0, 0],
	[0, 1.000000e+06, 0, 0, 0, 0, 0],
	[0, 1.000000e+06, 0, 0, 0, 0, 0],
	[0, 0, 0, 0, 0, 0, 0],
	[0, 0, 0, 0, 0, 0, 0],
	[0, 0, 0, 0, 0, 0, 0],
	[0, 0, 0, 0, 0, 0, 0],
	[0, 0, 0, 0, 0, 0, 0],
	[0, 0, 0, 0, 0, 0, 0],
	[0, 0, 0, 0, 0, 0, 0],
	[0, 0, 0, 0, 0, 0, 0],
	[0, 0, 0, 0, 0, 0, 0],
	[0, 0, 0, 0, 0, 0, 0],
	[0, 0, 0, 0, 0, 0, 0],
	[0, 0, 0, 0, 0, 0, 0] ]
