879 2985 3313 3930
SHOE
ACT	4
SHIFT	96
demand [
	[0, 0, 0, 0],
	[0, 0, 0, 0],
	[0, 0, 0, 0],
	[0, 0, 0, 0],
	[0, 0, 0, 0],
	[0, 0, 0, 0],
	[0, 0, 0, 0],
	[0, 0, 0, 0],
	[0, 0, 0, 0],
	[0, 0, 0, 0],
	[0, 0, 0, 0],
	[0, 0, 0, 0],
	[0, 0, 0, 0],
	[0, 0, 0, 0],
	[0, 0, 0, 0],
	[0, 0, 0, 0],
	[0, 0, 0, 0],
	[0, 0, 0, 0],
	[0, 0, 0, 0],
	[0, 0, 0, 0],
	[0, 0, 0, 0],
	[0, 0, 0, 0],
	[0, 0, 0, 0],
	[0, 0, 0, 0],
	[0, 0, 0, 0],
	[0, 0, 0, 0],
	[0, 0, 0, 0],
	[0, 0, 0, 0],
	[0, 0, 0, 0],
	[0, 0, 0, 0],
	[0, 0, 0, 0],
	[0, 0, 0, 0],
	[0, 0, 2.75, 1.00],
	[0, 0, 2.75, 1.00],
	[0, 0, 2.75, 1.00],
	[0, 0, 2.75, 1.00],
	[0, 0, 5.50, 1.00],
	[0, 0, 5.50, 1.00],
	[0, 0, 5.50, 1.00],
	[0, 0, 5.50, 1.00],
	[1.00, 0, 7.00, 1.00],
	[1.00, 0, 7.00, 1.00],
	[1.00, 0, 7.00, 1.00],
	[1.00, 0, 7.00, 1.00],
	[1.75, 1.50, 10.00, 1.25],
	[1.75, 1.50, 10.00, 1.25],
	[1.75, 1.50, 10.00, 1.25],
	[1.75, 1.50, 10.00, 1.25],
	[2.00, 1.75, 10.75, 2.00],
	[2.00, 1.75, 10.75, 2.00],
	[2.00, 1.75, 10.75, 2.00],
	[2.00, 1.75, 10.75, 2.00],
	[2.00, 2.00, 11.25, 2.50],
	[2.00, 2.00, 11.25, 2.50],
	[2.00, 2.00, 11.25, 2.50],
	[2.00, 2.00, 11.25, 2.50],
	[2.00, 2.00, 11.50, 0],
	[2.00, 2.00, 11.50, 0],
	[2.00, 2.00, 11.50, 0],
	[2.00, 2.00, 11.50, 0],
	[2.00, 2.00, 11.50, 2.00],
	[2.00, 2.00, 11.50, 2.00],
	[2.00, 2.00, 11.50, 2.00],
	[2.00, 2.00, 11.50, 2.00],
	[1.75, 0, 0, 1.00],
	[1.75, 0, 0, 1.00],
	[1.75, 0, 0, 1.00],
	[1.75, 0, 0, 1.00],
	[1.75, 0, 0, 1.50],
	[1.75, 0, 0, 1.50],
	[1.75, 0, 0, 1.50],
	[1.75, 0, 0, 1.50],
	[0, 0, 0, 2.25],
	[0, 0, 0, 2.25],
	[0, 0, 0, 2.25],
	[0, 0, 0, 2.25],
	[0, 0, 0, 1.25],
	[0, 0, 0, 1.25],
	[0, 0, 0, 1.25],
	[0, 0, 0, 1.25],
	[0, 0, 0, 0],
	[0, 0, 0, 0],
	[0, 0, 0, 0],
	[0, 0, 0, 0],
	[0, 0, 0, 0],
	[0, 0, 0, 0],
	[0, 0, 0, 0],
	[0, 0, 0, 0],
	[0, 0, 0, 0],
	[0, 0, 0, 0],
	[0, 0, 0, 0],
	[0, 0, 0, 0],
	[0, 0, 0, 0],
	[0, 0, 0, 0],
	[0, 0, 0, 0],
	[0, 0, 0, 0] ]
overcost [
	[0, 0, 0, 0],
	[0, 0, 0, 0],
	[0, 0, 0, 0],
	[0, 0, 0, 0],
	[0, 0, 0, 0],
	[0, 0, 0, 0],
	[0, 0, 0, 0],
	[0, 0, 0, 0],
	[0, 0, 0, 0],
	[0, 0, 0, 0],
	[0, 0, 0, 0],
	[0, 0, 0, 0],
	[0, 0, 0, 0],
	[0, 0, 0, 0],
	[0, 0, 0, 0],
	[0, 0, 0, 0],
	[0, 0, 0, 0],
	[0, 0, 0, 0],
	[0, 0, 0, 0],
	[0, 0, 0, 0],
	[0, 0, 0, 0],
	[0, 0, 0, 0],
	[0, 0, 0, 0],
	[0, 0, 0, 0],
	[0, 0, 0, 0],
	[0, 0, 0, 0],
	[0, 0, 0, 0],
	[0, 0, 0, 0],
	[0, 0, 0, 0],
	[0, 0, 0, 0],
	[0, 0, 0, 0],
	[0, 0, 0, 0],
	[0, 0, 1.246707e+00, 9.345459e+00],
	[0, 0, 1.246707e+00, 9.345459e+00],
	[0, 0, 1.246707e+00, 9.345459e+00],
	[0, 0, 1.246707e+00, 9.345459e+00],
	[0, 0, 6.373727e-01, 9.106803e+00],
	[0, 0, 6.373727e-01, 9.106803e+00],
	[0, 0, 6.373727e-01, 9.106803e+00],
	[0, 0, 6.373727e-01, 9.106803e+00],
	[2.254742e+00, 0, 4.785752e-01, 9.049608e+00],
	[2.254742e+00, 0, 4.785752e-01, 9.049608e+00],
	[2.254742e+00, 0, 4.785752e-01, 9.049608e+00],
	[2.254742e+00, 0, 4.785752e-01, 9.049608e+00],
	[1.966671e+00, 1.361967e+00, 4.098385e-01, 1.919347e+00],
	[1.966671e+00, 1.361967e+00, 4.098385e-01, 1.919347e+00],
	[1.966671e+00, 1.361967e+00, 4.098385e-01, 1.919347e+00],
	[1.966671e+00, 1.361967e+00, 4.098385e-01, 1.919347e+00],
	[1.710732e+00, 1.277694e+00, 2.860693e-01, 1.018394e+00],
	[1.710732e+00, 1.277694e+00, 2.860693e-01, 1.018394e+00],
	[1.710732e+00, 1.277694e+00, 2.860693e-01, 1.018394e+00],
	[1.710732e+00, 1.277694e+00, 2.860693e-01, 1.018394e+00],
	[1.318846e+00, 1.601472e+00, 2.584928e-01, 1.389838e+00],
	[1.318846e+00, 1.601472e+00, 2.584928e-01, 1.389838e+00],
	[1.318846e+00, 1.601472e+00, 2.584928e-01, 1.389838e+00],
	[1.318846e+00, 1.601472e+00, 2.584928e-01, 1.389838e+00],
	[1.177936e+00, 1.467746e+00, 2.657373e-01, 0],
	[1.177936e+00, 1.467746e+00, 2.657373e-01, 0],
	[1.177936e+00, 1.467746e+00, 2.657373e-01, 0],
	[1.177936e+00, 1.467746e+00, 2.657373e-01, 0],
	[1.350289e+00, 1.579709e+00, 2.478680e-01, 1.242018e+00],
	[1.350289e+00, 1.579709e+00, 2.478680e-01, 1.242018e+00],
	[1.350289e+00, 1.579709e+00, 2.478680e-01, 1.242018e+00],
	[1.350289e+00, 1.579709e+00, 2.478680e-01, 1.242018e+00],
	[1.847670e+00, 0, 0, 1.828058e+00],
	[1.847670e+00, 0, 0, 1.828058e+00],
	[1.847670e+00, 0, 0, 1.828058e+00],
	[1.847670e+00, 0, 0, 1.828058e+00],
	[1.339258e+00, 0, 0, 1.956108e+00],
	[1.339258e+00, 0, 0, 1.956108e+00],
	[1.339258e+00, 0, 0, 1.956108e+00],
	[1.339258e+00, 0, 0, 1.956108e+00],
	[0, 0, 0, 1.275831e+00],
	[0, 0, 0, 1.275831e+00],
	[0, 0, 0, 1.275831e+00],
	[0, 0, 0, 1.275831e+00],
	[0, 0, 0, 1.653002e+00],
	[0, 0, 0, 1.653002e+00],
	[0, 0, 0, 1.653002e+00],
	[0, 0, 0, 1.653002e+00],
	[0, 0, 0, 0],
	[0, 0, 0, 0],
	[0, 0, 0, 0],
	[0, 0, 0, 0],
	[0, 0, 0, 0],
	[0, 0, 0, 0],
	[0, 0, 0, 0],
	[0, 0, 0, 0],
	[0, 0, 0, 0],
	[0, 0, 0, 0],
	[0, 0, 0, 0],
	[0, 0, 0, 0],
	[0, 0, 0, 0],
	[0, 0, 0, 0],
	[0, 0, 0, 0],
	[0, 0, 0, 0] ]
undercost [
	[0, 0, 0, 0],
	[0, 0, 0, 0],
	[0, 0, 0, 0],
	[0, 0, 0, 0],
	[0, 0, 0, 0],
	[0, 0, 0, 0],
	[0, 0, 0, 0],
	[0, 0, 0, 0],
	[0, 0, 0, 0],
	[0, 0, 0, 0],
	[0, 0, 0, 0],
	[0, 0, 0, 0],
	[0, 0, 0, 0],
	[0, 0, 0, 0],
	[0, 0, 0, 0],
	[0, 0, 0, 0],
	[0, 0, 0, 0],
	[0, 0, 0, 0],
	[0, 0, 0, 0],
	[0, 0, 0, 0],
	[0, 0, 0, 0],
	[0, 0, 0, 0],
	[0, 0, 0, 0],
	[0, 0, 0, 0],
	[0, 0, 0, 0],
	[0, 0, 0, 0],
	[0, 0, 0, 0],
	[0, 0, 0, 0],
	[0, 0, 0, 0],
	[0, 0, 0, 0],
	[0, 0, 0, 0],
	[0, 0, 0, 0],
	[0, 0, 1.567310e+00, 1.000000e+06],
	[0, 0, 1.567310e+00, 1.000000e+06],
	[0, 0, 1.567310e+00, 1.000000e+06],
	[0, 0, 1.567310e+00, 1.000000e+06],
	[0, 0, 7.311124e-01, 1.000000e+06],
	[0, 0, 7.311124e-01, 1.000000e+06],
	[0, 0, 7.311124e-01, 1.000000e+06],
	[0, 0, 7.311124e-01, 1.000000e+06],
	[1.000000e+06, 0, 5.955612e-01, 1.000000e+06],
	[1.000000e+06, 0, 5.955612e-01, 1.000000e+06],
	[1.000000e+06, 0, 5.955612e-01, 1.000000e+06],
	[1.000000e+06, 0, 5.955612e-01, 1.000000e+06],
	[1.000000e+06, 1.000000e+06, 3.344944e-01, 1.000000e+06],
	[1.000000e+06, 1.000000e+06, 3.344944e-01, 1.000000e+06],
	[1.000000e+06, 1.000000e+06, 3.344944e-01, 1.000000e+06],
	[1.000000e+06, 1.000000e+06, 3.344944e-01, 1.000000e+06],
	[2.440083e+00, 1.000000e+06, 4.122387e-01, 2.919812e+00],
	[2.440083e+00, 1.000000e+06, 4.122387e-01, 2.919812e+00],
	[2.440083e+00, 1.000000e+06, 4.122387e-01, 2.919812e+00],
	[2.440083e+00, 1.000000e+06, 4.122387e-01, 2.919812e+00],
	[2.994878e+00, 2.192861e+00, 4.094539e-01, 1.448865e+00],
	[2.994878e+00, 2.192861e+00, 4.094539e-01, 1.448865e+00],
	[2.994878e+00, 2.192861e+00, 4.094539e-01, 1.448865e+00],
	[2.994878e+00, 2.192861e+00, 4.094539e-01, 1.448865e+00],
	[3.195302e+00, 2.383210e+00, 3.868137e-01, 0],
	[3.195302e+00, 2.383210e+00, 3.868137e-01, 0],
	[3.195302e+00, 2.383210e+00, 3.868137e-01, 0],
	[3.195302e+00, 2.383210e+00, 3.868137e-01, 0],
	[2.957234e+00, 2.229111e+00, 4.059281e-01, 2.606537e+00],
	[2.957234e+00, 2.229111e+00, 4.059281e-01, 2.606537e+00],
	[2.957234e+00, 2.229111e+00, 4.059281e-01, 2.606537e+00],
	[2.957234e+00, 2.229111e+00, 4.059281e-01, 2.606537e+00],
	[1.000000e+06, 0, 0, 1.000000e+06],
	[1.000000e+06, 0, 0, 1.000000e+06],
	[1.000000e+06, 0, 0, 1.000000e+06],
	[1.000000e+06, 0, 0, 1.000000e+06],
	[1.000000e+06, 0, 0, 1.000000e+06],
	[1.000000e+06, 0, 0, 1.000000e+06],
	[1.000000e+06, 0, 0, 1.000000e+06],
	[1.000000e+06, 0, 0, 1.000000e+06],
	[0, 0, 0, 2.011451e+00],
	[0, 0, 0, 2.011451e+00],
	[0, 0, 0, 2.011451e+00],
	[0, 0, 0, 2.011451e+00],
	[0, 0, 0, 1.000000e+06],
	[0, 0, 0, 1.000000e+06],
	[0, 0, 0, 1.000000e+06],
	[0, 0, 0, 1.000000e+06],
	[0, 0, 0, 0],
	[0, 0, 0, 0],
	[0, 0, 0, 0],
	[0, 0, 0, 0],
	[0, 0, 0, 0],
	[0, 0, 0, 0],
	[0, 0, 0, 0],
	[0, 0, 0, 0],
	[0, 0, 0, 0],
	[0, 0, 0, 0],
	[0, 0, 0, 0],
	[0, 0, 0, 0],
	[0, 0, 0, 0],
	[0, 0, 0, 0],
	[0, 0, 0, 0],
	[0, 0, 0, 0] ]
