159 1739 2311 2832 3013
SHOE
ACT	5
SHIFT	96
demand [
	[0, 0, 0, 0, 0],
	[0, 0, 0, 0, 0],
	[0, 0, 0, 0, 0],
	[0, 0, 0, 0, 0],
	[0, 0, 0, 0, 0],
	[0, 0, 0, 0, 0],
	[0, 0, 0, 0, 0],
	[0, 0, 0, 0, 0],
	[0, 0, 0, 0, 0],
	[0, 0, 0, 0, 0],
	[0, 0, 0, 0, 0],
	[0, 0, 0, 0, 0],
	[0, 0, 0, 0, 0],
	[0, 0, 0, 0, 0],
	[0, 0, 0, 0, 0],
	[0, 0, 0, 0, 0],
	[0, 0, 0, 0, 0],
	[0, 0, 0, 0, 0],
	[0, 0, 0, 0, 0],
	[0, 0, 0, 0, 0],
	[0, 0, 0, 0, 0],
	[0, 0, 0, 0, 0],
	[0, 0, 0, 0, 0],
	[0, 0, 0, 0, 0],
	[0, 0, 0, 0, 0],
	[0, 0, 0, 0, 0],
	[0, 0, 0, 0, 0],
	[0, 0, 0, 0, 0],
	[0, 0, 0, 0, 0],
	[0, 0, 0, 0, 0],
	[0, 0, 0, 0, 0],
	[0, 0, 0, 0, 0],
	[0, 0, 0, 1.00, 0],
	[0, 0, 0, 1.00, 0],
	[0, 0, 0, 1.00, 0],
	[0, 0, 0, 1.00, 0],
	[0, 0, 1.75, 2.00, 0],
	[0, 0, 1.75, 2.00, 0],
	[0, 0, 1.75, 2.00, 0],
	[0, 0, 1.75, 2.00, 0],
	[0, 0, 2.00, 2.75, 0],
	[0, 0, 2.00, 2.75, 0],
	[0, 0, 2.00, 2.75, 0],
	[0, 0, 2.00, 2.75, 0],
	[3.50, 0, 2.50, 4.50, 2.25],
	[3.50, 0, 2.50, 4.50, 2.25],
	[3.50, 0, 2.50, 4.50, 2.25],
	[3.50, 0, 2.50, 4.50, 2.25],
	[3.75, 1.50, 2.75, 4.75, 2.50],
	[3.75, 1.50, 2.75, 4.75, 2.50],
	[3.75, 1.50, 2.75, 4.75, 2.50],
	[3.75, 1.50, 2.75, 4.75, 2.50],
	[3.75, 1.50, 2.75, 5.25, 2.50],
	[3.75, 1.50, 2.75, 5.25, 2.50],
	[3.75, 1.50, 2.75, 5.25, 2.50],
	[3.75, 1.50, 2.75, 5.25, 2.50],
	[4.00, 1.50, 2.75, 5.25, 2.75],
	[4.00, 1.50, 2.75, 5.25, 2.75],
	[4.00, 1.50, 2.75, 5.25, 2.75],
	[4.00, 1.50, 2.75, 5.25, 2.75],
	[4.00, 1.50, 3.00, 5.25, 2.50],
	[4.00, 1.50, 3.00, 5.25, 2.50],
	[4.00, 1.50, 3.00, 5.25, 2.50],
	[4.00, 1.50, 3.00, 5.25, 2.50],
	[3.75, 1.25, 2.75, 0, 0],
	[3.75, 1.25, 2.75, 0, 0],
	[3.75, 1.25, 2.75, 0, 0],
	[3.75, 1.25, 2.75, 0, 0],
	[3.75, 1.50, 2.75, 0, 0],
	[3.75, 1.50, 2.75, 0, 0],
	[3.75, 1.50, 2.75, 0, 0],
	[3.75, 1.50, 2.75, 0, 0],
	[0, 1.75, 3.00, 0, 0],
	[0, 1.75, 3.00, 0, 0],
	[0, 1.75, 3.00, 0, 0],
	[0, 1.75, 3.00, 0, 0],
	[0, 1.75, 0, 0, 0],
	[0, 1.75, 0, 0, 0],
	[0, 1.75, 0, 0, 0],
	[0, 1.75, 0, 0, 0],
	[0, 0, 0, 0, 0],
	[0, 0, 0, 0, 0],
	[0, 0, 0, 0, 0],
	[0, 0, 0, 0, 0],
	[0, 0, 0, 0, 0],
	[0, 0, 0, 0, 0],
	[0, 0, 0, 0, 0],
	[0, 0, 0, 0, 0],
	[0, 0, 0, 0, 0],
	[0, 0, 0, 0, 0],
	[0, 0, 0, 0, 0],
	[0, 0, 0, 0, 0],
	[0, 0, 0, 0, 0],
	[0, 0, 0, 0, 0],
	[0, 0, 0, 0, 0],
	[0, 0, 0, 0, 0] ]
overcost [
	[0, 0, 0, 0, 0],
	[0, 0, 0, 0, 0],
	[0, 0, 0, 0, 0],
	[0, 0, 0, 0, 0],
	[0, 0, 0, 0, 0],
	[0, 0, 0, 0, 0],
	[0, 0, 0, 0, 0],
	[0, 0, 0, 0, 0],
	[0, 0, 0, 0, 0],
	[0, 0, 0, 0, 0],
	[0, 0, 0, 0, 0],
	[0, 0, 0, 0, 0],
	[0, 0, 0, 0, 0],
	[0, 0, 0, 0, 0],
	[0, 0, 0, 0, 0],
	[0, 0, 0, 0, 0],
	[0, 0, 0, 0, 0],
	[0, 0, 0, 0, 0],
	[0, 0, 0, 0, 0],
	[0, 0, 0, 0, 0],
	[0, 0, 0, 0, 0],
	[0, 0, 0, 0, 0],
	[0, 0, 0, 0, 0],
	[0, 0, 0, 0, 0],
	[0, 0, 0, 0, 0],
	[0, 0, 0, 0, 0],
	[0, 0, 0, 0, 0],
	[0, 0, 0, 0, 0],
	[0, 0, 0, 0, 0],
	[0, 0, 0, 0, 0],
	[0, 0, 0, 0, 0],
	[0, 0, 0, 0, 0],
	[0, 0, 0, 4.732571e+00, 0],
	[0, 0, 0, 4.732571e+00, 0],
	[0, 0, 0, 4.732571e+00, 0],
	[0, 0, 0, 4.732571e+00, 0],
	[0, 0, 1.841983e+00, 1.638599e+00, 0],
	[0, 0, 1.841983e+00, 1.638599e+00, 0],
	[0, 0, 1.841983e+00, 1.638599e+00, 0],
	[0, 0, 1.841983e+00, 1.638599e+00, 0],
	[0, 0, 1.469251e+00, 1.053880e+00, 0],
	[0, 0, 1.469251e+00, 1.053880e+00, 0],
	[0, 0, 1.469251e+00, 1.053880e+00, 0],
	[0, 0, 1.469251e+00, 1.053880e+00, 0],
	[9.260988e-01, 0, 9.851966e-01, 9.686526e-01, 1.556288e+00],
	[9.260988e-01, 0, 9.851966e-01, 9.686526e-01, 1.556288e+00],
	[9.260988e-01, 0, 9.851966e-01, 9.686526e-01, 1.556288e+00],
	[9.260988e-01, 0, 9.851966e-01, 9.686526e-01, 1.556288e+00],
	[1.072768e+00, 1.719532e+00, 1.239808e+00, 5.552310e-01, 1.348526e+00],
	[1.072768e+00, 1.719532e+00, 1.239808e+00, 5.552310e-01, 1.348526e+00],
	[1.072768e+00, 1.719532e+00, 1.239808e+00, 5.552310e-01, 1.348526e+00],
	[1.072768e+00, 1.719532e+00, 1.239808e+00, 5.552310e-01, 1.348526e+00],
	[7.884227e-01, 1.435501e+00, 1.001224e+00, 8.174203e-01, 1.001737e+00],
	[7.884227e-01, 1.435501e+00, 1.001224e+00, 8.174203e-01, 1.001737e+00],
	[7.884227e-01, 1.435501e+00, 1.001224e+00, 8.174203e-01, 1.001737e+00],
	[7.884227e-01, 1.435501e+00, 1.001224e+00, 8.174203e-01, 1.001737e+00],
	[1.064333e+00, 1.341606e+00, 8.663498e-01, 7.017613e-01, 1.392648e+00],
	[1.064333e+00, 1.341606e+00, 8.663498e-01, 7.017613e-01, 1.392648e+00],
	[1.064333e+00, 1.341606e+00, 8.663498e-01, 7.017613e-01, 1.392648e+00],
	[1.064333e+00, 1.341606e+00, 8.663498e-01, 7.017613e-01, 1.392648e+00],
	[8.922545e-01, 1.344658e+00, 1.184295e+00, 7.700097e-01, 9.438426e-01],
	[8.922545e-01, 1.344658e+00, 1.184295e+00, 7.700097e-01, 9.438426e-01],
	[8.922545e-01, 1.344658e+00, 1.184295e+00, 7.700097e-01, 9.438426e-01],
	[8.922545e-01, 1.344658e+00, 1.184295e+00, 7.700097e-01, 9.438426e-01],
	[1.088657e+00, 1.336986e+00, 1.224297e+00, 0, 0],
	[1.088657e+00, 1.336986e+00, 1.224297e+00, 0, 0],
	[1.088657e+00, 1.336986e+00, 1.224297e+00, 0, 0],
	[1.088657e+00, 1.336986e+00, 1.224297e+00, 0, 0],
	[7.404887e-01, 1.711635e+00, 9.470527e-01, 0, 0],
	[7.404887e-01, 1.711635e+00, 9.470527e-01, 0, 0],
	[7.404887e-01, 1.711635e+00, 9.470527e-01, 0, 0],
	[7.404887e-01, 1.711635e+00, 9.470527e-01, 0, 0],
	[0, 1.639863e+00, 8.696309e-01, 0, 0],
	[0, 1.639863e+00, 8.696309e-01, 0, 0],
	[0, 1.639863e+00, 8.696309e-01, 0, 0],
	[0, 1.639863e+00, 8.696309e-01, 0, 0],
	[0, 1.612007e+00, 0, 0, 0],
	[0, 1.612007e+00, 0, 0, 0],
	[0, 1.612007e+00, 0, 0, 0],
	[0, 1.612007e+00, 0, 0, 0],
	[0, 0, 0, 0, 0],
	[0, 0, 0, 0, 0],
	[0, 0, 0, 0, 0],
	[0, 0, 0, 0, 0],
	[0, 0, 0, 0, 0],
	[0, 0, 0, 0, 0],
	[0, 0, 0, 0, 0],
	[0, 0, 0, 0, 0],
	[0, 0, 0, 0, 0],
	[0, 0, 0, 0, 0],
	[0, 0, 0, 0, 0],
	[0, 0, 0, 0, 0],
	[0, 0, 0, 0, 0],
	[0, 0, 0, 0, 0],
	[0, 0, 0, 0, 0],
	[0, 0, 0, 0, 0] ]
undercost [
	[0, 0, 0, 0, 0],
	[0, 0, 0, 0, 0],
	[0, 0, 0, 0, 0],
	[0, 0, 0, 0, 0],
	[0, 0, 0, 0, 0],
	[0, 0, 0, 0, 0],
	[0, 0, 0, 0, 0],
	[0, 0, 0, 0, 0],
	[0, 0, 0, 0, 0],
	[0, 0, 0, 0, 0],
	[0, 0, 0, 0, 0],
	[0, 0, 0, 0, 0],
	[0, 0, 0, 0, 0],
	[0, 0, 0, 0, 0],
	[0, 0, 0, 0, 0],
	[0, 0, 0, 0, 0],
	[0, 0, 0, 0, 0],
	[0, 0, 0, 0, 0],
	[0, 0, 0, 0, 0],
	[0, 0, 0, 0, 0],
	[0, 0, 0, 0, 0],
	[0, 0, 0, 0, 0],
	[0, 0, 0, 0, 0],
	[0, 0, 0, 0, 0],
	[0, 0, 0, 0, 0],
	[0, 0, 0, 0, 0],
	[0, 0, 0, 0, 0],
	[0, 0, 0, 0, 0],
	[0, 0, 0, 0, 0],
	[0, 0, 0, 0, 0],
	[0, 0, 0, 0, 0],
	[0, 0, 0, 0, 0],
	[0, 0, 0, 1.000000e+06, 0],
	[0, 0, 0, 1.000000e+06, 0],
	[0, 0, 0, 1.000000e+06, 0],
	[0, 0, 0, 1.000000e+06, 0],
	[0, 0, 1.000000e+06, 2.673101e+00, 0],
	[0, 0, 1.000000e+06, 2.673101e+00, 0],
	[0, 0, 1.000000e+06, 2.673101e+00, 0],
	[0, 0, 1.000000e+06, 2.673101e+00, 0],
	[0, 0, 2.381276e+00, 1.996557e+00, 0],
	[0, 0, 2.381276e+00, 1.996557e+00, 0],
	[0, 0, 2.381276e+00, 1.996557e+00, 0],
	[0, 0, 2.381276e+00, 1.996557e+00, 0],
	[1.384986e+00, 0, 2.067035e+00, 7.848422e-01, 1.878603e+00],
	[1.384986e+00, 0, 2.067035e+00, 7.848422e-01, 1.878603e+00],
	[1.384986e+00, 0, 2.067035e+00, 7.848422e-01, 1.878603e+00],
	[1.384986e+00, 0, 2.067035e+00, 7.848422e-01, 1.878603e+00],
	[1.033119e+00, 1.000000e+06, 1.405004e+00, 1.157874e+00, 1.722914e+00],
	[1.033119e+00, 1.000000e+06, 1.405004e+00, 1.157874e+00, 1.722914e+00],
	[1.033119e+00, 1.000000e+06, 1.405004e+00, 1.157874e+00, 1.722914e+00],
	[1.033119e+00, 1.000000e+06, 1.405004e+00, 1.157874e+00, 1.722914e+00],
	[1.372520e+00, 1.000000e+06, 1.709161e+00, 6.839217e-01, 2.178557e+00],
	[1.372520e+00, 1.000000e+06, 1.709161e+00, 6.839217e-01, 2.178557e+00],
	[1.372520e+00, 1.000000e+06, 1.709161e+00, 6.839217e-01, 2.178557e+00],
	[1.372520e+00, 1.000000e+06, 1.709161e+00, 6.839217e-01, 2.178557e+00],
	[8.970779e-01, 1.000000e+06, 1.881594e+00, 8.153109e-01, 1.331233e+00],
	[8.970779e-01, 1.000000e+06, 1.881594e+00, 8.153109e-01, 1.331233e+00],
	[8.970779e-01, 1.000000e+06, 1.881594e+00, 8.153109e-01, 1.331233e+00],
	[8.970779e-01, 1.000000e+06, 1.881594e+00, 8.153109e-01, 1.331233e+00],
	[1.102673e+00, 1.000000e+06, 1.221011e+00, 7.390287e-01, 2.258589e+00],
	[1.102673e+00, 1.000000e+06, 1.221011e+00, 7.390287e-01, 2.258589e+00],
	[1.102673e+00, 1.000000e+06, 1.221011e+00, 7.390287e-01, 2.258589e+00],
	[1.102673e+00, 1.000000e+06, 1.221011e+00, 7.390287e-01, 2.258589e+00],
	[1.018897e+00, 1.000000e+06, 1.432514e+00, 0, 0],
	[1.018897e+00, 1.000000e+06, 1.432514e+00, 0, 0],
	[1.018897e+00, 1.000000e+06, 1.432514e+00, 0, 0],
	[1.018897e+00, 1.000000e+06, 1.432514e+00, 0, 0],
	[1.435062e+00, 1.000000e+06, 1.786728e+00, 0, 0],
	[1.435062e+00, 1.000000e+06, 1.786728e+00, 0, 0],
	[1.435062e+00, 1.000000e+06, 1.786728e+00, 0, 0],
	[1.435062e+00, 1.000000e+06, 1.786728e+00, 0, 0],
	[0, 1.000000e+06, 1.616749e+00, 0, 0],
	[0, 1.000000e+06, 1.616749e+00, 0, 0],
	[0, 1.000000e+06, 1.616749e+00, 0, 0],
	[0, 1.000000e+06, 1.616749e+00, 0, 0],
	[0, 1.000000e+06, 0, 0, 0],
	[0, 1.000000e+06, 0, 0, 0],
	[0, 1.000000e+06, 0, 0, 0],
	[0, 1.000000e+06, 0, 0, 0],
	[0, 0, 0, 0, 0],
	[0, 0, 0, 0, 0],
	[0, 0, 0, 0, 0],
	[0, 0, 0, 0, 0],
	[0, 0, 0, 0, 0],
	[0, 0, 0, 0, 0],
	[0, 0, 0, 0, 0],
	[0, 0, 0, 0, 0],
	[0, 0, 0, 0, 0],
	[0, 0, 0, 0, 0],
	[0, 0, 0, 0, 0],
	[0, 0, 0, 0, 0],
	[0, 0, 0, 0, 0],
	[0, 0, 0, 0, 0],
	[0, 0, 0, 0, 0],
	[0, 0, 0, 0, 0] ]
