2210 2472 3871
SHOE
ACT	3
SHIFT	96
demand [
	[0, 0, 0],
	[0, 0, 0],
	[0, 0, 0],
	[0, 0, 0],
	[0, 0, 0],
	[0, 0, 0],
	[0, 0, 0],
	[0, 0, 0],
	[0, 0, 0],
	[0, 0, 0],
	[0, 0, 0],
	[0, 0, 0],
	[0, 0, 0],
	[0, 0, 0],
	[0, 0, 0],
	[0, 0, 0],
	[0, 0, 0],
	[0, 0, 0],
	[0, 0, 0],
	[0, 0, 0],
	[0, 0, 0],
	[0, 0, 0],
	[0, 0, 0],
	[0, 0, 0],
	[0, 0, 0],
	[0, 0, 0],
	[0, 0, 0],
	[0, 0, 0],
	[0, 0, 0],
	[0, 0, 0],
	[0, 0, 0],
	[0, 0, 0],
	[0, 0, 0],
	[0, 0, 0],
	[0, 0, 0],
	[0, 0, 0],
	[1.00, 1.00, 0],
	[1.00, 1.00, 0],
	[1.00, 1.00, 0],
	[1.00, 1.00, 0],
	[0, 1.00, 0],
	[0, 1.00, 0],
	[0, 1.00, 0],
	[0, 1.00, 0],
	[1.00, 1.00, 0],
	[1.00, 1.00, 0],
	[1.00, 1.00, 0],
	[1.00, 1.00, 0],
	[1.00, 1.00, 1.25],
	[1.00, 1.00, 1.25],
	[1.00, 1.00, 1.25],
	[1.00, 1.00, 1.25],
	[1.00, 1.00, 1.50],
	[1.00, 1.00, 1.50],
	[1.00, 1.00, 1.50],
	[1.00, 1.00, 1.50],
	[1.00, 1.00, 1.50],
	[1.00, 1.00, 1.50],
	[1.00, 1.00, 1.50],
	[1.00, 1.00, 1.50],
	[0, 1.00, 1.25],
	[0, 1.00, 1.25],
	[0, 1.00, 1.25],
	[0, 1.00, 1.25],
	[1.00, 1.00, 1.00],
	[1.00, 1.00, 1.00],
	[1.00, 1.00, 1.00],
	[1.00, 1.00, 1.00],
	[1.00, 0, 0],
	[1.00, 0, 0],
	[1.00, 0, 0],
	[1.00, 0, 0],
	[1.00, 1.00, 0],
	[1.00, 1.00, 0],
	[1.00, 1.00, 0],
	[1.00, 1.00, 0],
	[1.00, 0, 0],
	[1.00, 0, 0],
	[1.00, 0, 0],
	[1.00, 0, 0],
	[0, 0, 0],
	[0, 0, 0],
	[0, 0, 0],
	[0, 0, 0],
	[0, 0, 0],
	[0, 0, 0],
	[0, 0, 0],
	[0, 0, 0],
	[0, 0, 0],
	[0, 0, 0],
	[0, 0, 0],
	[0, 0, 0],
	[0, 0, 0],
	[0, 0, 0],
	[0, 0, 0],
	[0, 0, 0] ]
overcost [
	[0, 0, 0],
	[0, 0, 0],
	[0, 0, 0],
	[0, 0, 0],
	[0, 0, 0],
	[0, 0, 0],
	[0, 0, 0],
	[0, 0, 0],
	[0, 0, 0],
	[0, 0, 0],
	[0, 0, 0],
	[0, 0, 0],
	[0, 0, 0],
	[0, 0, 0],
	[0, 0, 0],
	[0, 0, 0],
	[0, 0, 0],
	[0, 0, 0],
	[0, 0, 0],
	[0, 0, 0],
	[0, 0, 0],
	[0, 0, 0],
	[0, 0, 0],
	[0, 0, 0],
	[0, 0, 0],
	[0, 0, 0],
	[0, 0, 0],
	[0, 0, 0],
	[0, 0, 0],
	[0, 0, 0],
	[0, 0, 0],
	[0, 0, 0],
	[0, 0, 0],
	[0, 0, 0],
	[0, 0, 0],
	[0, 0, 0],
	[7.150163e+00, 7.148443e+00, 0],
	[7.150163e+00, 7.148443e+00, 0],
	[7.150163e+00, 7.148443e+00, 0],
	[7.150163e+00, 7.148443e+00, 0],
	[0, 5.670533e+00, 0],
	[0, 5.670533e+00, 0],
	[0, 5.670533e+00, 0],
	[0, 5.670533e+00, 0],
	[3.534327e+00, 3.474775e+00, 0],
	[3.534327e+00, 3.474775e+00, 0],
	[3.534327e+00, 3.474775e+00, 0],
	[3.534327e+00, 3.474775e+00, 0],
	[2.711929e+00, 2.600158e+00, 2.057204e+00],
	[2.711929e+00, 2.600158e+00, 2.057204e+00],
	[2.711929e+00, 2.600158e+00, 2.057204e+00],
	[2.711929e+00, 2.600158e+00, 2.057204e+00],
	[2.372432e+00, 2.259004e+00, 2.069035e+00],
	[2.372432e+00, 2.259004e+00, 2.069035e+00],
	[2.372432e+00, 2.259004e+00, 2.069035e+00],
	[2.372432e+00, 2.259004e+00, 2.069035e+00],
	[2.294791e+00, 2.178900e+00, 2.021849e+00],
	[2.294791e+00, 2.178900e+00, 2.021849e+00],
	[2.294791e+00, 2.178900e+00, 2.021849e+00],
	[2.294791e+00, 2.178900e+00, 2.021849e+00],
	[0, 2.427893e+00, 2.354336e+00],
	[0, 2.427893e+00, 2.354336e+00],
	[0, 2.427893e+00, 2.354336e+00],
	[0, 2.427893e+00, 2.354336e+00],
	[3.565852e+00, 3.512993e+00, 4.999616e+00],
	[3.565852e+00, 3.512993e+00, 4.999616e+00],
	[3.565852e+00, 3.512993e+00, 4.999616e+00],
	[3.565852e+00, 3.512993e+00, 4.999616e+00],
	[3.113664e+00, 0, 0],
	[3.113664e+00, 0, 0],
	[3.113664e+00, 0, 0],
	[3.113664e+00, 0, 0],
	[2.167652e+00, 2.114558e+00, 0],
	[2.167652e+00, 2.114558e+00, 0],
	[2.167652e+00, 2.114558e+00, 0],
	[2.167652e+00, 2.114558e+00, 0],
	[2.687238e+00, 0, 0],
	[2.687238e+00, 0, 0],
	[2.687238e+00, 0, 0],
	[2.687238e+00, 0, 0],
	[0, 0, 0],
	[0, 0, 0],
	[0, 0, 0],
	[0, 0, 0],
	[0, 0, 0],
	[0, 0, 0],
	[0, 0, 0],
	[0, 0, 0],
	[0, 0, 0],
	[0, 0, 0],
	[0, 0, 0],
	[0, 0, 0],
	[0, 0, 0],
	[0, 0, 0],
	[0, 0, 0],
	[0, 0, 0] ]
undercost [
	[0, 0, 0],
	[0, 0, 0],
	[0, 0, 0],
	[0, 0, 0],
	[0, 0, 0],
	[0, 0, 0],
	[0, 0, 0],
	[0, 0, 0],
	[0, 0, 0],
	[0, 0, 0],
	[0, 0, 0],
	[0, 0, 0],
	[0, 0, 0],
	[0, 0, 0],
	[0, 0, 0],
	[0, 0, 0],
	[0, 0, 0],
	[0, 0, 0],
	[0, 0, 0],
	[0, 0, 0],
	[0, 0, 0],
	[0, 0, 0],
	[0, 0, 0],
	[0, 0, 0],
	[0, 0, 0],
	[0, 0, 0],
	[0, 0, 0],
	[0, 0, 0],
	[0, 0, 0],
	[0, 0, 0],
	[0, 0, 0],
	[0, 0, 0],
	[0, 0, 0],
	[0, 0, 0],
	[0, 0, 0],
	[0, 0, 0],
	[1.000000e+06, 1.000000e+06, 0],
	[1.000000e+06, 1.000000e+06, 0],
	[1.000000e+06, 1.000000e+06, 0],
	[1.000000e+06, 1.000000e+06, 0],
	[0, 1.000000e+06, 0],
	[0, 1.000000e+06, 0],
	[0, 1.000000e+06, 0],
	[0, 1.000000e+06, 0],
	[1.000000e+06, 1.000000e+06, 0],
	[1.000000e+06, 1.000000e+06, 0],
	[1.000000e+06, 1.000000e+06, 0],
	[1.000000e+06, 1.000000e+06, 0],
	[1.000000e+06, 1.000000e+06, 1.000000e+06],
	[1.000000e+06, 1.000000e+06, 1.000000e+06],
	[1.000000e+06, 1.000000e+06, 1.000000e+06],
	[1.000000e+06, 1.000000e+06, 1.000000e+06],
	[1.000000e+06, 1.000000e+06, 1.000000e+06],
	[1.000000e+06, 1.000000e+06, 1.000000e+06],
	[1.000000e+06, 1.000000e+06, 1.000000e+06],
	[1.000000e+06, 1.000000e+06, 1.000000e+06],
	[1.000000e+06, 1.000000e+06, 1.000000e+06],
	[1.000000e+06, 1.000000e+06, 1.000000e+06],
	[1.000000e+06, 1.000000e+06, 1.000000e+06],
	[1.000000e+06, 1.000000e+06, 1.000000e+06],
	[0, 1.000000e+06, 1.000000e+06],
	[0, 1.000000e+06, 1.000000e+06],
	[0, 1.000000e+06, 1.000000e+06],
	[0, 1.000000e+06, 1.000000e+06],
	[1.000000e+06, 1.000000e+06, 1.000000e+06],
	[1.000000e+06, 1.000000e+06, 1.000000e+06],
	[1.000000e+06, 1.000000e+06, 1.000000e+06],
	[1.000000e+06, 1.000000e+06, 1.000000e+06],
	[1.000000e+06, 0, 0],
	[1.000000e+06, 0, 0],
	[1.000000e+06, 0, 0],
	[1.000000e+06, 0, 0],
	[1.000000e+06, 1.000000e+06, 0],
	[1.000000e+06, 1.000000e+06, 0],
	[1.000000e+06, 1.000000e+06, 0],
	[1.000000e+06, 1.000000e+06, 0],
	[1.000000e+06, 0, 0],
	[1.000000e+06, 0, 0],
	[1.000000e+06, 0, 0],
	[1.000000e+06, 0, 0],
	[0, 0, 0],
	[0, 0, 0],
	[0, 0, 0],
	[0, 0, 0],
	[0, 0, 0],
	[0, 0, 0],
	[0, 0, 0],
	[0, 0, 0],
	[0, 0, 0],
	[0, 0, 0],
	[0, 0, 0],
	[0, 0, 0],
	[0, 0, 0],
	[0, 0, 0],
	[0, 0, 0],
	[0, 0, 0] ]
