2493 2799
SHOE
ACT	2
SHIFT	96
demand [
	[0, 0],
	[0, 0],
	[0, 0],
	[0, 0],
	[0, 0],
	[0, 0],
	[0, 0],
	[0, 0],
	[0, 0],
	[0, 0],
	[0, 0],
	[0, 0],
	[0, 0],
	[0, 0],
	[0, 0],
	[0, 0],
	[0, 0],
	[0, 0],
	[0, 0],
	[0, 0],
	[0, 0],
	[0, 0],
	[0, 0],
	[0, 0],
	[0, 0],
	[0, 0],
	[0, 0],
	[0, 0],
	[0, 0],
	[0, 0],
	[0, 0],
	[0, 0],
	[0, 0],
	[0, 0],
	[0, 0],
	[0, 0],
	[1.00, 2.50],
	[1.00, 2.50],
	[1.00, 2.50],
	[1.00, 2.50],
	[1.00, 3.50],
	[1.00, 3.50],
	[1.00, 3.50],
	[1.00, 3.50],
	[1.50, 5.25],
	[1.50, 5.25],
	[1.50, 5.25],
	[1.50, 5.25],
	[1.75, 5.75],
	[1.75, 5.75],
	[1.75, 5.75],
	[1.75, 5.75],
	[2.00, 6.00],
	[2.00, 6.00],
	[2.00, 6.00],
	[2.00, 6.00],
	[2.00, 6.25],
	[2.00, 6.25],
	[2.00, 6.25],
	[2.00, 6.25],
	[2.00, 6.25],
	[2.00, 6.25],
	[2.00, 6.25],
	[2.00, 6.25],
	[1.50, 5.25],
	[1.50, 5.25],
	[1.50, 5.25],
	[1.50, 5.25],
	[1.75, 5.75],
	[1.75, 5.75],
	[1.75, 5.75],
	[1.75, 5.75],
	[0, 0],
	[0, 0],
	[0, 0],
	[0, 0],
	[0, 0],
	[0, 0],
	[0, 0],
	[0, 0],
	[0, 0],
	[0, 0],
	[0, 0],
	[0, 0],
	[0, 0],
	[0, 0],
	[0, 0],
	[0, 0],
	[0, 0],
	[0, 0],
	[0, 0],
	[0, 0],
	[0, 0],
	[0, 0],
	[0, 0],
	[0, 0] ]
overcost [
	[0, 0],
	[0, 0],
	[0, 0],
	[0, 0],
	[0, 0],
	[0, 0],
	[0, 0],
	[0, 0],
	[0, 0],
	[0, 0],
	[0, 0],
	[0, 0],
	[0, 0],
	[0, 0],
	[0, 0],
	[0, 0],
	[0, 0],
	[0, 0],
	[0, 0],
	[0, 0],
	[0, 0],
	[0, 0],
	[0, 0],
	[0, 0],
	[0, 0],
	[0, 0],
	[0, 0],
	[0, 0],
	[0, 0],
	[0, 0],
	[0, 0],
	[0, 0],
	[0, 0],
	[0, 0],
	[0, 0],
	[0, 0],
	[5.937481e+00, 1.196905e+00],
	[5.937481e+00, 1.196905e+00],
	[5.937481e+00, 1.196905e+00],
	[5.937481e+00, 1.196905e+00],
	[3.416713e+00, 9.866018e-01],
	[3.416713e+00, 9.866018e-01],
	[3.416713e+00, 9.866018e-01],
	[3.416713e+00, 9.866018e-01],
	[1.632524e+00, 6.121239e-01],
	[1.632524e+00, 6.121239e-01],
	[1.632524e+00, 6.121239e-01],
	[1.632524e+00, 6.121239e-01],
	[1.143770e+00, 5.041455e-01],
	[1.143770e+00, 5.041455e-01],
	[1.143770e+00, 5.041455e-01],
	[1.143770e+00, 5.041455e-01],
	[1.380486e+00, 4.046305e-01],
	[1.380486e+00, 4.046305e-01],
	[1.380486e+00, 4.046305e-01],
	[1.380486e+00, 4.046305e-01],
	[1.263042e+00, 5.490437e-01],
	[1.263042e+00, 5.490437e-01],
	[1.263042e+00, 5.490437e-01],
	[1.263042e+00, 5.490437e-01],
	[1.568309e+00, 5.907245e-01],
	[1.568309e+00, 5.907245e-01],
	[1.568309e+00, 5.907245e-01],
	[1.568309e+00, 5.907245e-01],
	[1.636875e+00, 4.963043e-01],
	[1.636875e+00, 4.963043e-01],
	[1.636875e+00, 4.963043e-01],
	[1.636875e+00, 4.963043e-01],
	[1.762257e+00, 5.659813e-01],
	[1.762257e+00, 5.659813e-01],
	[1.762257e+00, 5.659813e-01],
	[1.762257e+00, 5.659813e-01],
	[0, 0],
	[0, 0],
	[0, 0],
	[0, 0],
	[0, 0],
	[0, 0],
	[0, 0],
	[0, 0],
	[0, 0],
	[0, 0],
	[0, 0],
	[0, 0],
	[0, 0],
	[0, 0],
	[0, 0],
	[0, 0],
	[0, 0],
	[0, 0],
	[0, 0],
	[0, 0],
	[0, 0],
	[0, 0],
	[0, 0],
	[0, 0] ]
undercost [
	[0, 0],
	[0, 0],
	[0, 0],
	[0, 0],
	[0, 0],
	[0, 0],
	[0, 0],
	[0, 0],
	[0, 0],
	[0, 0],
	[0, 0],
	[0, 0],
	[0, 0],
	[0, 0],
	[0, 0],
	[0, 0],
	[0, 0],
	[0, 0],
	[0, 0],
	[0, 0],
	[0, 0],
	[0, 0],
	[0, 0],
	[0, 0],
	[0, 0],
	[0, 0],
	[0, 0],
	[0, 0],
	[0, 0],
	[0, 0],
	[0, 0],
	[0, 0],
	[0, 0],
	[0, 0],
	[0, 0],
	[0, 0],
	[1.000000e+06, 1.814557e+00],
	[1.000000e+06, 1.814557e+00],
	[1.000000e+06, 1.814557e+00],
	[1.000000e+06, 1.814557e+00],
	[1.000000e+06, 1.082878e+00],
	[1.000000e+06, 1.082878e+00],
	[1.000000e+06, 1.082878e+00],
	[1.000000e+06, 1.082878e+00],
	[1.000000e+06, 7.604459e-01],
	[1.000000e+06, 7.604459e-01],
	[1.000000e+06, 7.604459e-01],
	[1.000000e+06, 7.604459e-01],
	[1.000000e+06, 7.525443e-01],
	[1.000000e+06, 7.525443e-01],
	[1.000000e+06, 7.525443e-01],
	[1.000000e+06, 7.525443e-01],
	[2.546827e+00, 8.078502e-01],
	[2.546827e+00, 8.078502e-01],
	[2.546827e+00, 8.078502e-01],
	[2.546827e+00, 8.078502e-01],
	[2.713977e+00, 5.956003e-01],
	[2.713977e+00, 5.956003e-01],
	[2.713977e+00, 5.956003e-01],
	[2.713977e+00, 5.956003e-01],
	[2.286344e+00, 5.499490e-01],
	[2.286344e+00, 5.499490e-01],
	[2.286344e+00, 5.499490e-01],
	[2.286344e+00, 5.499490e-01],
	[1.000000e+06, 8.923470e-01],
	[1.000000e+06, 8.923470e-01],
	[1.000000e+06, 8.923470e-01],
	[1.000000e+06, 8.923470e-01],
	[1.000000e+06, 6.846505e-01],
	[1.000000e+06, 6.846505e-01],
	[1.000000e+06, 6.846505e-01],
	[1.000000e+06, 6.846505e-01],
	[0, 0],
	[0, 0],
	[0, 0],
	[0, 0],
	[0, 0],
	[0, 0],
	[0, 0],
	[0, 0],
	[0, 0],
	[0, 0],
	[0, 0],
	[0, 0],
	[0, 0],
	[0, 0],
	[0, 0],
	[0, 0],
	[0, 0],
	[0, 0],
	[0, 0],
	[0, 0],
	[0, 0],
	[0, 0],
	[0, 0],
	[0, 0] ]
