1426 2648 3183 4095
SHOE
ACT	4
SHIFT	96
demand [
	[0, 0, 0, 0],
	[0, 0, 0, 0],
	[0, 0, 0, 0],
	[0, 0, 0, 0],
	[0, 0, 0, 0],
	[0, 0, 0, 0],
	[0, 0, 0, 0],
	[0, 0, 0, 0],
	[0, 0, 0, 0],
	[0, 0, 0, 0],
	[0, 0, 0, 0],
	[0, 0, 0, 0],
	[0, 0, 0, 0],
	[0, 0, 0, 0],
	[0, 0, 0, 0],
	[0, 0, 0, 0],
	[0, 0, 0, 0],
	[0, 0, 0, 0],
	[0, 0, 0, 0],
	[0, 0, 0, 0],
	[0, 0, 0, 0],
	[0, 0, 0, 0],
	[0, 0, 0, 0],
	[0, 0, 0, 0],
	[0, 0, 0, 0],
	[0, 0, 0, 0],
	[0, 0, 0, 0],
	[0, 0, 0, 0],
	[0, 0, 0, 0],
	[0, 0, 0, 0],
	[0, 0, 0, 0],
	[0, 0, 0, 0],
	[0, 0, 0, 0],
	[0, 0, 0, 0],
	[0, 0, 0, 0],
	[0, 0, 0, 0],
	[1.00, 1.00, 1.00, 1.00],
	[1.00, 1.00, 1.00, 1.00],
	[1.00, 1.00, 1.00, 1.00],
	[1.00, 1.00, 1.00, 1.00],
	[0, 1.00, 1.00, 1.00],
	[0, 1.00, 1.00, 1.00],
	[0, 1.00, 1.00, 1.00],
	[0, 1.00, 1.00, 1.00],
	[1.00, 1.00, 1.75, 1.00],
	[1.00, 1.00, 1.75, 1.00],
	[1.00, 1.00, 1.75, 1.00],
	[1.00, 1.00, 1.75, 1.00],
	[1.25, 1.25, 3.00, 0],
	[1.25, 1.25, 3.00, 0],
	[1.25, 1.25, 3.00, 0],
	[1.25, 1.25, 3.00, 0],
	[1.25, 1.25, 3.25, 1.25],
	[1.25, 1.25, 3.25, 1.25],
	[1.25, 1.25, 3.25, 1.25],
	[1.25, 1.25, 3.25, 1.25],
	[1.25, 1.25, 3.25, 1.25],
	[1.25, 1.25, 3.25, 1.25],
	[1.25, 1.25, 3.25, 1.25],
	[1.25, 1.25, 3.25, 1.25],
	[1.25, 1.25, 2.75, 1.00],
	[1.25, 1.25, 2.75, 1.00],
	[1.25, 1.25, 2.75, 1.00],
	[1.25, 1.25, 2.75, 1.00],
	[1.00, 1.00, 1.50, 1.00],
	[1.00, 1.00, 1.50, 1.00],
	[1.00, 1.00, 1.50, 1.00],
	[1.00, 1.00, 1.50, 1.00],
	[1.00, 0, 2.00, 1.00],
	[1.00, 0, 2.00, 1.00],
	[1.00, 0, 2.00, 1.00],
	[1.00, 0, 2.00, 1.00],
	[1.25, 0, 0, 1.25],
	[1.25, 0, 0, 1.25],
	[1.25, 0, 0, 1.25],
	[1.25, 0, 0, 1.25],
	[1.00, 0, 0, 1.00],
	[1.00, 0, 0, 1.00],
	[1.00, 0, 0, 1.00],
	[1.00, 0, 0, 1.00],
	[0, 0, 0, 0],
	[0, 0, 0, 0],
	[0, 0, 0, 0],
	[0, 0, 0, 0],
	[0, 0, 0, 0],
	[0, 0, 0, 0],
	[0, 0, 0, 0],
	[0, 0, 0, 0],
	[0, 0, 0, 0],
	[0, 0, 0, 0],
	[0, 0, 0, 0],
	[0, 0, 0, 0],
	[0, 0, 0, 0],
	[0, 0, 0, 0],
	[0, 0, 0, 0],
	[0, 0, 0, 0] ]
overcost [
	[0, 0, 0, 0],
	[0, 0, 0, 0],
	[0, 0, 0, 0],
	[0, 0, 0, 0],
	[0, 0, 0, 0],
	[0, 0, 0, 0],
	[0, 0, 0, 0],
	[0, 0, 0, 0],
	[0, 0, 0, 0],
	[0, 0, 0, 0],
	[0, 0, 0, 0],
	[0, 0, 0, 0],
	[0, 0, 0, 0],
	[0, 0, 0, 0],
	[0, 0, 0, 0],
	[0, 0, 0, 0],
	[0, 0, 0, 0],
	[0, 0, 0, 0],
	[0, 0, 0, 0],
	[0, 0, 0, 0],
	[0, 0, 0, 0],
	[0, 0, 0, 0],
	[0, 0, 0, 0],
	[0, 0, 0, 0],
	[0, 0, 0, 0],
	[0, 0, 0, 0],
	[0, 0, 0, 0],
	[0, 0, 0, 0],
	[0, 0, 0, 0],
	[0, 0, 0, 0],
	[0, 0, 0, 0],
	[0, 0, 0, 0],
	[0, 0, 0, 0],
	[0, 0, 0, 0],
	[0, 0, 0, 0],
	[0, 0, 0, 0],
	[7.615695e+00, 1.068666e+01, 8.553199e+00, 9.215565e+00],
	[7.615695e+00, 1.068666e+01, 8.553199e+00, 9.215565e+00],
	[7.615695e+00, 1.068666e+01, 8.553199e+00, 9.215565e+00],
	[7.615695e+00, 1.068666e+01, 8.553199e+00, 9.215565e+00],
	[0, 1.059448e+01, 8.492661e+00, 9.183449e+00],
	[0, 1.059448e+01, 8.492661e+00, 9.183449e+00],
	[0, 1.059448e+01, 8.492661e+00, 9.183449e+00],
	[0, 1.059448e+01, 8.492661e+00, 9.183449e+00],
	[2.818180e+00, 3.886407e+00, 1.253885e+00, 4.651343e+00],
	[2.818180e+00, 3.886407e+00, 1.253885e+00, 4.651343e+00],
	[2.818180e+00, 3.886407e+00, 1.253885e+00, 4.651343e+00],
	[2.818180e+00, 3.886407e+00, 1.253885e+00, 4.651343e+00],
	[2.624569e+00, 2.369142e+00, 1.146823e+00, 0],
	[2.624569e+00, 2.369142e+00, 1.146823e+00, 0],
	[2.624569e+00, 2.369142e+00, 1.146823e+00, 0],
	[2.624569e+00, 2.369142e+00, 1.146823e+00, 0],
	[2.219878e+00, 1.643760e+00, 8.678478e-01, 1.746570e+00],
	[2.219878e+00, 1.643760e+00, 8.678478e-01, 1.746570e+00],
	[2.219878e+00, 1.643760e+00, 8.678478e-01, 1.746570e+00],
	[2.219878e+00, 1.643760e+00, 8.678478e-01, 1.746570e+00],
	[2.121985e+00, 1.581524e+00, 7.953360e-01, 1.680932e+00],
	[2.121985e+00, 1.581524e+00, 7.953360e-01, 1.680932e+00],
	[2.121985e+00, 1.581524e+00, 7.953360e-01, 1.680932e+00],
	[2.121985e+00, 1.581524e+00, 7.953360e-01, 1.680932e+00],
	[2.405148e+00, 2.483081e+00, 8.524924e-01, 1.967768e+00],
	[2.405148e+00, 2.483081e+00, 8.524924e-01, 1.967768e+00],
	[2.405148e+00, 2.483081e+00, 8.524924e-01, 1.967768e+00],
	[2.405148e+00, 2.483081e+00, 8.524924e-01, 1.967768e+00],
	[2.854963e+00, 4.443836e+00, 1.231413e+00, 5.390580e+00],
	[2.854963e+00, 4.443836e+00, 1.231413e+00, 5.390580e+00],
	[2.854963e+00, 4.443836e+00, 1.231413e+00, 5.390580e+00],
	[2.854963e+00, 4.443836e+00, 1.231413e+00, 5.390580e+00],
	[2.264578e+00, 0, 1.148158e+00, 4.077359e+00],
	[2.264578e+00, 0, 1.148158e+00, 4.077359e+00],
	[2.264578e+00, 0, 1.148158e+00, 4.077359e+00],
	[2.264578e+00, 0, 1.148158e+00, 4.077359e+00],
	[2.029830e+00, 0, 0, 2.365349e+00],
	[2.029830e+00, 0, 0, 2.365349e+00],
	[2.029830e+00, 0, 0, 2.365349e+00],
	[2.029830e+00, 0, 0, 2.365349e+00],
	[1.800096e+00, 0, 0, 4.874941e+00],
	[1.800096e+00, 0, 0, 4.874941e+00],
	[1.800096e+00, 0, 0, 4.874941e+00],
	[1.800096e+00, 0, 0, 4.874941e+00],
	[0, 0, 0, 0],
	[0, 0, 0, 0],
	[0, 0, 0, 0],
	[0, 0, 0, 0],
	[0, 0, 0, 0],
	[0, 0, 0, 0],
	[0, 0, 0, 0],
	[0, 0, 0, 0],
	[0, 0, 0, 0],
	[0, 0, 0, 0],
	[0, 0, 0, 0],
	[0, 0, 0, 0],
	[0, 0, 0, 0],
	[0, 0, 0, 0],
	[0, 0, 0, 0],
	[0, 0, 0, 0] ]
undercost [
	[0, 0, 0, 0],
	[0, 0, 0, 0],
	[0, 0, 0, 0],
	[0, 0, 0, 0],
	[0, 0, 0, 0],
	[0, 0, 0, 0],
	[0, 0, 0, 0],
	[0, 0, 0, 0],
	[0, 0, 0, 0],
	[0, 0, 0, 0],
	[0, 0, 0, 0],
	[0, 0, 0, 0],
	[0, 0, 0, 0],
	[0, 0, 0, 0],
	[0, 0, 0, 0],
	[0, 0, 0, 0],
	[0, 0, 0, 0],
	[0, 0, 0, 0],
	[0, 0, 0, 0],
	[0, 0, 0, 0],
	[0, 0, 0, 0],
	[0, 0, 0, 0],
	[0, 0, 0, 0],
	[0, 0, 0, 0],
	[0, 0, 0, 0],
	[0, 0, 0, 0],
	[0, 0, 0, 0],
	[0, 0, 0, 0],
	[0, 0, 0, 0],
	[0, 0, 0, 0],
	[0, 0, 0, 0],
	[0, 0, 0, 0],
	[0, 0, 0, 0],
	[0, 0, 0, 0],
	[0, 0, 0, 0],
	[0, 0, 0, 0],
	[1.000000e+06, 1.000000e+06, 1.000000e+06, 1.000000e+06],
	[1.000000e+06, 1.000000e+06, 1.000000e+06, 1.000000e+06],
	[1.000000e+06, 1.000000e+06, 1.000000e+06, 1.000000e+06],
	[1.000000e+06, 1.000000e+06, 1.000000e+06, 1.000000e+06],
	[0, 1.000000e+06, 1.000000e+06, 1.000000e+06],
	[0, 1.000000e+06, 1.000000e+06, 1.000000e+06],
	[0, 1.000000e+06, 1.000000e+06, 1.000000e+06],
	[0, 1.000000e+06, 1.000000e+06, 1.000000e+06],
	[1.000000e+06, 1.000000e+06, 1.000000e+06, 1.000000e+06],
	[1.000000e+06, 1.000000e+06, 1.000000e+06, 1.000000e+06],
	[1.000000e+06, 1.000000e+06, 1.000000e+06, 1.000000e+06],
	[1.000000e+06, 1.000000e+06, 1.000000e+06, 1.000000e+06],
	[1.000000e+06, 1.000000e+06, 1.095899e+00, 0],
	[1.000000e+06, 1.000000e+06, 1.095899e+00, 0],
	[1.000000e+06, 1.000000e+06, 1.095899e+00, 0],
	[1.000000e+06, 1.000000e+06, 1.095899e+00, 0],
	[1.000000e+06, 1.000000e+06, 1.239710e+00, 1.000000e+06],
	[1.000000e+06, 1.000000e+06, 1.239710e+00, 1.000000e+06],
	[1.000000e+06, 1.000000e+06, 1.239710e+00, 1.000000e+06],
	[1.000000e+06, 1.000000e+06, 1.239710e+00, 1.000000e+06],
	[1.000000e+06, 1.000000e+06, 1.329196e+00, 1.000000e+06],
	[1.000000e+06, 1.000000e+06, 1.329196e+00, 1.000000e+06],
	[1.000000e+06, 1.000000e+06, 1.329196e+00, 1.000000e+06],
	[1.000000e+06, 1.000000e+06, 1.329196e+00, 1.000000e+06],
	[1.000000e+06, 1.000000e+06, 1.719935e+00, 1.000000e+06],
	[1.000000e+06, 1.000000e+06, 1.719935e+00, 1.000000e+06],
	[1.000000e+06, 1.000000e+06, 1.719935e+00, 1.000000e+06],
	[1.000000e+06, 1.000000e+06, 1.719935e+00, 1.000000e+06],
	[1.000000e+06, 1.000000e+06, 1.000000e+06, 1.000000e+06],
	[1.000000e+06, 1.000000e+06, 1.000000e+06, 1.000000e+06],
	[1.000000e+06, 1.000000e+06, 1.000000e+06, 1.000000e+06],
	[1.000000e+06, 1.000000e+06, 1.000000e+06, 1.000000e+06],
	[1.000000e+06, 0, 2.579814e+00, 1.000000e+06],
	[1.000000e+06, 0, 2.579814e+00, 1.000000e+06],
	[1.000000e+06, 0, 2.579814e+00, 1.000000e+06],
	[1.000000e+06, 0, 2.579814e+00, 1.000000e+06],
	[1.000000e+06, 0, 0, 1.000000e+06],
	[1.000000e+06, 0, 0, 1.000000e+06],
	[1.000000e+06, 0, 0, 1.000000e+06],
	[1.000000e+06, 0, 0, 1.000000e+06],
	[1.000000e+06, 0, 0, 1.000000e+06],
	[1.000000e+06, 0, 0, 1.000000e+06],
	[1.000000e+06, 0, 0, 1.000000e+06],
	[1.000000e+06, 0, 0, 1.000000e+06],
	[0, 0, 0, 0],
	[0, 0, 0, 0],
	[0, 0, 0, 0],
	[0, 0, 0, 0],
	[0, 0, 0, 0],
	[0, 0, 0, 0],
	[0, 0, 0, 0],
	[0, 0, 0, 0],
	[0, 0, 0, 0],
	[0, 0, 0, 0],
	[0, 0, 0, 0],
	[0, 0, 0, 0],
	[0, 0, 0, 0],
	[0, 0, 0, 0],
	[0, 0, 0, 0],
	[0, 0, 0, 0] ]
