85 445 1099 1175 1739 2092 2555 4123
SHOE
ACT	8
SHIFT	96
demand [
	[0, 0, 0, 0, 0, 0, 0, 0],
	[0, 0, 0, 0, 0, 0, 0, 0],
	[0, 0, 0, 0, 0, 0, 0, 0],
	[0, 0, 0, 0, 0, 0, 0, 0],
	[0, 0, 0, 0, 0, 0, 0, 0],
	[0, 0, 0, 0, 0, 0, 0, 0],
	[0, 0, 0, 0, 0, 0, 0, 0],
	[0, 0, 0, 0, 0, 0, 0, 0],
	[0, 0, 0, 0, 0, 0, 0, 0],
	[0, 0, 0, 0, 0, 0, 0, 0],
	[0, 0, 0, 0, 0, 0, 0, 0],
	[0, 0, 0, 0, 0, 0, 0, 0],
	[0, 0, 0, 0, 0, 0, 0, 0],
	[0, 0, 0, 0, 0, 0, 0, 0],
	[0, 0, 0, 0, 0, 0, 0, 0],
	[0, 0, 0, 0, 0, 0, 0, 0],
	[0, 0, 0, 0, 0, 0, 0, 0],
	[0, 0, 0, 0, 0, 0, 0, 0],
	[0, 0, 0, 0, 0, 0, 0, 0],
	[0, 0, 0, 0, 0, 0, 0, 0],
	[0, 0, 0, 0, 0, 0, 0, 0],
	[0, 0, 0, 0, 0, 0, 0, 0],
	[0, 0, 0, 0, 0, 0, 0, 0],
	[0, 0, 0, 0, 0, 0, 0, 0],
	[0, 0, 0, 0, 0, 0, 0, 0],
	[0, 0, 0, 0, 0, 0, 0, 0],
	[0, 0, 0, 0, 0, 0, 0, 0],
	[0, 0, 0, 0, 0, 0, 0, 0],
	[0, 0, 0, 0, 0, 0, 0, 0],
	[0, 0, 0, 0, 0, 0, 0, 0],
	[0, 0, 0, 0, 0, 0, 0, 0],
	[0, 0, 0, 0, 0, 0, 0, 0],
	[0, 0, 0, 0, 0, 0, 0, 0],
	[0, 0, 0, 0, 0, 0, 0, 0],
	[0, 0, 0, 0, 0, 0, 0, 0],
	[0, 0, 0, 0, 0, 0, 0, 0],
	[1.00, 1.00, 0, 0, 0, 0, 1.00, 1.00],
	[1.00, 1.00, 0, 0, 0, 0, 1.00, 1.00],
	[1.00, 1.00, 0, 0, 0, 0, 1.00, 1.00],
	[1.00, 1.00, 0, 0, 0, 0, 1.00, 1.00],
	[1.00, 1.00, 0, 0, 0, 1.00, 0, 1.00],
	[1.00, 1.00, 0, 0, 0, 1.00, 0, 1.00],
	[1.00, 1.00, 0, 0, 0, 1.00, 0, 1.00],
	[1.00, 1.00, 0, 0, 0, 1.00, 0, 1.00],
	[1.00, 1.00, 2.00, 2.50, 0, 1.25, 1.00, 1.00],
	[1.00, 1.00, 2.00, 2.50, 0, 1.25, 1.00, 1.00],
	[1.00, 1.00, 2.00, 2.50, 0, 1.25, 1.00, 1.00],
	[1.00, 1.00, 2.00, 2.50, 0, 1.25, 1.00, 1.00],
	[1.00, 1.00, 2.25, 2.75, 1.50, 0, 1.00, 1.00],
	[1.00, 1.00, 2.25, 2.75, 1.50, 0, 1.00, 1.00],
	[1.00, 1.00, 2.25, 2.75, 1.50, 0, 1.00, 1.00],
	[1.00, 1.00, 2.25, 2.75, 1.50, 0, 1.00, 1.00],
	[1.25, 1.00, 2.50, 3.00, 1.50, 1.25, 1.00, 1.00],
	[1.25, 1.00, 2.50, 3.00, 1.50, 1.25, 1.00, 1.00],
	[1.25, 1.00, 2.50, 3.00, 1.50, 1.25, 1.00, 1.00],
	[1.25, 1.00, 2.50, 3.00, 1.50, 1.25, 1.00, 1.00],
	[1.25, 1.00, 2.50, 3.00, 1.50, 1.25, 1.00, 0],
	[1.25, 1.00, 2.50, 3.00, 1.50, 1.25, 1.00, 0],
	[1.25, 1.00, 2.50, 3.00, 1.50, 1.25, 1.00, 0],
	[1.25, 1.00, 2.50, 3.00, 1.50, 1.25, 1.00, 0],
	[1.00, 1.00, 2.50, 3.00, 1.50, 1.25, 1.00, 0],
	[1.00, 1.00, 2.50, 3.00, 1.50, 1.25, 1.00, 0],
	[1.00, 1.00, 2.50, 3.00, 1.50, 1.25, 1.00, 0],
	[1.00, 1.00, 2.50, 3.00, 1.50, 1.25, 1.00, 0],
	[1.00, 1.00, 2.00, 2.75, 1.25, 1.25, 1.00, 1.00],
	[1.00, 1.00, 2.00, 2.75, 1.25, 1.25, 1.00, 1.00],
	[1.00, 1.00, 2.00, 2.75, 1.25, 1.25, 1.00, 1.00],
	[1.00, 1.00, 2.00, 2.75, 1.25, 1.25, 1.00, 1.00],
	[0, 1.00, 0, 2.75, 1.50, 1.25, 0, 1.00],
	[0, 1.00, 0, 2.75, 1.50, 1.25, 0, 1.00],
	[0, 1.00, 0, 2.75, 1.50, 1.25, 0, 1.00],
	[0, 1.00, 0, 2.75, 1.50, 1.25, 0, 1.00],
	[0, 0, 0, 3.25, 1.75, 1.50, 0, 1.00],
	[0, 0, 0, 3.25, 1.75, 1.50, 0, 1.00],
	[0, 0, 0, 3.25, 1.75, 1.50, 0, 1.00],
	[0, 0, 0, 3.25, 1.75, 1.50, 0, 1.00],
	[0, 0, 0, 0, 1.75, 1.50, 0, 1.00],
	[0, 0, 0, 0, 1.75, 1.50, 0, 1.00],
	[0, 0, 0, 0, 1.75, 1.50, 0, 1.00],
	[0, 0, 0, 0, 1.75, 1.50, 0, 1.00],
	[0, 0, 0, 0, 0, 0, 0, 0],
	[0, 0, 0, 0, 0, 0, 0, 0],
	[0, 0, 0, 0, 0, 0, 0, 0],
	[0, 0, 0, 0, 0, 0, 0, 0],
	[0, 0, 0, 0, 0, 0, 0, 0],
	[0, 0, 0, 0, 0, 0, 0, 0],
	[0, 0, 0, 0, 0, 0, 0, 0],
	[0, 0, 0, 0, 0, 0, 0, 0],
	[0, 0, 0, 0, 0, 0, 0, 0],
	[0, 0, 0, 0, 0, 0, 0, 0],
	[0, 0, 0, 0, 0, 0, 0, 0],
	[0, 0, 0, 0, 0, 0, 0, 0],
	[0, 0, 0, 0, 0, 0, 0, 0],
	[0, 0, 0, 0, 0, 0, 0, 0],
	[0, 0, 0, 0, 0, 0, 0, 0],
	[0, 0, 0, 0, 0, 0, 0, 0] ]
overcost [
	[0, 0, 0, 0, 0, 0, 0, 0],
	[0, 0, 0, 0, 0, 0, 0, 0],
	[0, 0, 0, 0, 0, 0, 0, 0],
	[0, 0, 0, 0, 0, 0, 0, 0],
	[0, 0, 0, 0, 0, 0, 0, 0],
	[0, 0, 0, 0, 0, 0, 0, 0],
	[0, 0, 0, 0, 0, 0, 0, 0],
	[0, 0, 0, 0, 0, 0, 0, 0],
	[0, 0, 0, 0, 0, 0, 0, 0],
	[0, 0, 0, 0, 0, 0, 0, 0],
	[0, 0, 0, 0, 0, 0, 0, 0],
	[0, 0, 0, 0, 0, 0, 0, 0],
	[0, 0, 0, 0, 0, 0, 0, 0],
	[0, 0, 0, 0, 0, 0, 0, 0],
	[0, 0, 0, 0, 0, 0, 0, 0],
	[0, 0, 0, 0, 0, 0, 0, 0],
	[0, 0, 0, 0, 0, 0, 0, 0],
	[0, 0, 0, 0, 0, 0, 0, 0],
	[0, 0, 0, 0, 0, 0, 0, 0],
	[0, 0, 0, 0, 0, 0, 0, 0],
	[0, 0, 0, 0, 0, 0, 0, 0],
	[0, 0, 0, 0, 0, 0, 0, 0],
	[0, 0, 0, 0, 0, 0, 0, 0],
	[0, 0, 0, 0, 0, 0, 0, 0],
	[0, 0, 0, 0, 0, 0, 0, 0],
	[0, 0, 0, 0, 0, 0, 0, 0],
	[0, 0, 0, 0, 0, 0, 0, 0],
	[0, 0, 0, 0, 0, 0, 0, 0],
	[0, 0, 0, 0, 0, 0, 0, 0],
	[0, 0, 0, 0, 0, 0, 0, 0],
	[0, 0, 0, 0, 0, 0, 0, 0],
	[0, 0, 0, 0, 0, 0, 0, 0],
	[0, 0, 0, 0, 0, 0, 0, 0],
	[0, 0, 0, 0, 0, 0, 0, 0],
	[0, 0, 0, 0, 0, 0, 0, 0],
	[0, 0, 0, 0, 0, 0, 0, 0],
	[8.463494e+00, 8.777920e+00, 0, 0, 0, 0, 9.016832e+00, 9.756436e+00],
	[8.463494e+00, 8.777920e+00, 0, 0, 0, 0, 9.016832e+00, 9.756436e+00],
	[8.463494e+00, 8.777920e+00, 0, 0, 0, 0, 9.016832e+00, 9.756436e+00],
	[8.463494e+00, 8.777920e+00, 0, 0, 0, 0, 9.016832e+00, 9.756436e+00],
	[6.199393e+00, 7.488611e+00, 0, 0, 0, 3.232338e+00, 0, 9.719971e+00],
	[6.199393e+00, 7.488611e+00, 0, 0, 0, 3.232338e+00, 0, 9.719971e+00],
	[6.199393e+00, 7.488611e+00, 0, 0, 0, 3.232338e+00, 0, 9.719971e+00],
	[6.199393e+00, 7.488611e+00, 0, 0, 0, 3.232338e+00, 0, 9.719971e+00],
	[3.107513e+00, 4.078641e+00, 1.823660e+00, 7.883985e-01, 0, 2.462515e+00, 3.743010e+00, 6.570033e+00],
	[3.107513e+00, 4.078641e+00, 1.823660e+00, 7.883985e-01, 0, 2.462515e+00, 3.743010e+00, 6.570033e+00],
	[3.107513e+00, 4.078641e+00, 1.823660e+00, 7.883985e-01, 0, 2.462515e+00, 3.743010e+00, 6.570033e+00],
	[3.107513e+00, 4.078641e+00, 1.823660e+00, 7.883985e-01, 0, 2.462515e+00, 3.743010e+00, 6.570033e+00],
	[1.828233e+00, 2.688306e+00, 1.237219e+00, 7.190596e-01, 1.719532e+00, 0, 2.531463e+00, 3.365314e+00],
	[1.828233e+00, 2.688306e+00, 1.237219e+00, 7.190596e-01, 1.719532e+00, 0, 2.531463e+00, 3.365314e+00],
	[1.828233e+00, 2.688306e+00, 1.237219e+00, 7.190596e-01, 1.719532e+00, 0, 2.531463e+00, 3.365314e+00],
	[1.828233e+00, 2.688306e+00, 1.237219e+00, 7.190596e-01, 1.719532e+00, 0, 2.531463e+00, 3.365314e+00],
	[2.272490e+00, 2.224283e+00, 1.389406e+00, 8.534380e-01, 1.435501e+00, 1.902610e+00, 2.078261e+00, 2.543873e+00],
	[2.272490e+00, 2.224283e+00, 1.389406e+00, 8.534380e-01, 1.435501e+00, 1.902610e+00, 2.078261e+00, 2.543873e+00],
	[2.272490e+00, 2.224283e+00, 1.389406e+00, 8.534380e-01, 1.435501e+00, 1.902610e+00, 2.078261e+00, 2.543873e+00],
	[2.272490e+00, 2.224283e+00, 1.389406e+00, 8.534380e-01, 1.435501e+00, 1.902610e+00, 2.078261e+00, 2.543873e+00],
	[2.188296e+00, 2.172873e+00, 1.258138e+00, 7.517712e-01, 1.341606e+00, 1.793452e+00, 2.000906e+00, 0],
	[2.188296e+00, 2.172873e+00, 1.258138e+00, 7.517712e-01, 1.341606e+00, 1.793452e+00, 2.000906e+00, 0],
	[2.188296e+00, 2.172873e+00, 1.258138e+00, 7.517712e-01, 1.341606e+00, 1.793452e+00, 2.000906e+00, 0],
	[2.188296e+00, 2.172873e+00, 1.258138e+00, 7.517712e-01, 1.341606e+00, 1.793452e+00, 2.000906e+00, 0],
	[1.675881e+00, 2.692397e+00, 1.551562e+00, 7.656041e-01, 1.344658e+00, 1.707244e+00, 2.394441e+00, 0],
	[1.675881e+00, 2.692397e+00, 1.551562e+00, 7.656041e-01, 1.344658e+00, 1.707244e+00, 2.394441e+00, 0],
	[1.675881e+00, 2.692397e+00, 1.551562e+00, 7.656041e-01, 1.344658e+00, 1.707244e+00, 2.394441e+00, 0],
	[1.675881e+00, 2.692397e+00, 1.551562e+00, 7.656041e-01, 1.344658e+00, 1.707244e+00, 2.394441e+00, 0],
	[3.224396e+00, 4.340879e+00, 1.804330e+00, 1.135107e+00, 1.336986e+00, 2.279452e+00, 3.884656e+00, 7.497355e+00],
	[3.224396e+00, 4.340879e+00, 1.804330e+00, 1.135107e+00, 1.336986e+00, 2.279452e+00, 3.884656e+00, 7.497355e+00],
	[3.224396e+00, 4.340879e+00, 1.804330e+00, 1.135107e+00, 1.336986e+00, 2.279452e+00, 3.884656e+00, 7.497355e+00],
	[3.224396e+00, 4.340879e+00, 1.804330e+00, 1.135107e+00, 1.336986e+00, 2.279452e+00, 3.884656e+00, 7.497355e+00],
	[0, 3.667221e+00, 0, 7.332747e-01, 1.711635e+00, 1.984459e+00, 0, 6.050845e+00],
	[0, 3.667221e+00, 0, 7.332747e-01, 1.711635e+00, 1.984459e+00, 0, 6.050845e+00],
	[0, 3.667221e+00, 0, 7.332747e-01, 1.711635e+00, 1.984459e+00, 0, 6.050845e+00],
	[0, 3.667221e+00, 0, 7.332747e-01, 1.711635e+00, 1.984459e+00, 0, 6.050845e+00],
	[0, 0, 0, 7.970572e-01, 1.639863e+00, 2.162369e+00, 0, 3.343154e+00],
	[0, 0, 0, 7.970572e-01, 1.639863e+00, 2.162369e+00, 0, 3.343154e+00],
	[0, 0, 0, 7.970572e-01, 1.639863e+00, 2.162369e+00, 0, 3.343154e+00],
	[0, 0, 0, 7.970572e-01, 1.639863e+00, 2.162369e+00, 0, 3.343154e+00],
	[0, 0, 0, 0, 1.612007e+00, 2.005257e+00, 0, 7.174172e+00],
	[0, 0, 0, 0, 1.612007e+00, 2.005257e+00, 0, 7.174172e+00],
	[0, 0, 0, 0, 1.612007e+00, 2.005257e+00, 0, 7.174172e+00],
	[0, 0, 0, 0, 1.612007e+00, 2.005257e+00, 0, 7.174172e+00],
	[0, 0, 0, 0, 0, 0, 0, 0],
	[0, 0, 0, 0, 0, 0, 0, 0],
	[0, 0, 0, 0, 0, 0, 0, 0],
	[0, 0, 0, 0, 0, 0, 0, 0],
	[0, 0, 0, 0, 0, 0, 0, 0],
	[0, 0, 0, 0, 0, 0, 0, 0],
	[0, 0, 0, 0, 0, 0, 0, 0],
	[0, 0, 0, 0, 0, 0, 0, 0],
	[0, 0, 0, 0, 0, 0, 0, 0],
	[0, 0, 0, 0, 0, 0, 0, 0],
	[0, 0, 0, 0, 0, 0, 0, 0],
	[0, 0, 0, 0, 0, 0, 0, 0],
	[0, 0, 0, 0, 0, 0, 0, 0],
	[0, 0, 0, 0, 0, 0, 0, 0],
	[0, 0, 0, 0, 0, 0, 0, 0],
	[0, 0, 0, 0, 0, 0, 0, 0] ]
undercost [
	[0, 0, 0, 0, 0, 0, 0, 0],
	[0, 0, 0, 0, 0, 0, 0, 0],
	[0, 0, 0, 0, 0, 0, 0, 0],
	[0, 0, 0, 0, 0, 0, 0, 0],
	[0, 0, 0, 0, 0, 0, 0, 0],
	[0, 0, 0, 0, 0, 0, 0, 0],
	[0, 0, 0, 0, 0, 0, 0, 0],
	[0, 0, 0, 0, 0, 0, 0, 0],
	[0, 0, 0, 0, 0, 0, 0, 0],
	[0, 0, 0, 0, 0, 0, 0, 0],
	[0, 0, 0, 0, 0, 0, 0, 0],
	[0, 0, 0, 0, 0, 0, 0, 0],
	[0, 0, 0, 0, 0, 0, 0, 0],
	[0, 0, 0, 0, 0, 0, 0, 0],
	[0, 0, 0, 0, 0, 0, 0, 0],
	[0, 0, 0, 0, 0, 0, 0, 0],
	[0, 0, 0, 0, 0, 0, 0, 0],
	[0, 0, 0, 0, 0, 0, 0, 0],
	[0, 0, 0, 0, 0, 0, 0, 0],
	[0, 0, 0, 0, 0, 0, 0, 0],
	[0, 0, 0, 0, 0, 0, 0, 0],
	[0, 0, 0, 0, 0, 0, 0, 0],
	[0, 0, 0, 0, 0, 0, 0, 0],
	[0, 0, 0, 0, 0, 0, 0, 0],
	[0, 0, 0, 0, 0, 0, 0, 0],
	[0, 0, 0, 0, 0, 0, 0, 0],
	[0, 0, 0, 0, 0, 0, 0, 0],
	[0, 0, 0, 0, 0, 0, 0, 0],
	[0, 0, 0, 0, 0, 0, 0, 0],
	[0, 0, 0, 0, 0, 0, 0, 0],
	[0, 0, 0, 0, 0, 0, 0, 0],
	[0, 0, 0, 0, 0, 0, 0, 0],
	[0, 0, 0, 0, 0, 0, 0, 0],
	[0, 0, 0, 0, 0, 0, 0, 0],
	[0, 0, 0, 0, 0, 0, 0, 0],
	[0, 0, 0, 0, 0, 0, 0, 0],
	[1.000000e+06, 1.000000e+06, 0, 0, 0, 0, 1.000000e+06, 1.000000e+06],
	[1.000000e+06, 1.000000e+06, 0, 0, 0, 0, 1.000000e+06, 1.000000e+06],
	[1.000000e+06, 1.000000e+06, 0, 0, 0, 0, 1.000000e+06, 1.000000e+06],
	[1.000000e+06, 1.000000e+06, 0, 0, 0, 0, 1.000000e+06, 1.000000e+06],
	[1.000000e+06, 1.000000e+06, 0, 0, 0, 1.000000e+06, 0, 1.000000e+06],
	[1.000000e+06, 1.000000e+06, 0, 0, 0, 1.000000e+06, 0, 1.000000e+06],
	[1.000000e+06, 1.000000e+06, 0, 0, 0, 1.000000e+06, 0, 1.000000e+06],
	[1.000000e+06, 1.000000e+06, 0, 0, 0, 1.000000e+06, 0, 1.000000e+06],
	[1.000000e+06, 1.000000e+06, 2.515073e+00, 2.012558e+00, 0, 1.000000e+06, 1.000000e+06, 1.000000e+06],
	[1.000000e+06, 1.000000e+06, 2.515073e+00, 2.012558e+00, 0, 1.000000e+06, 1.000000e+06, 1.000000e+06],
	[1.000000e+06, 1.000000e+06, 2.515073e+00, 2.012558e+00, 0, 1.000000e+06, 1.000000e+06, 1.000000e+06],
	[1.000000e+06, 1.000000e+06, 2.515073e+00, 2.012558e+00, 0, 1.000000e+06, 1.000000e+06, 1.000000e+06],
	[1.000000e+06, 1.000000e+06, 2.685919e+00, 1.790362e+00, 1.000000e+06, 0, 1.000000e+06, 1.000000e+06],
	[1.000000e+06, 1.000000e+06, 2.685919e+00, 1.790362e+00, 1.000000e+06, 0, 1.000000e+06, 1.000000e+06],
	[1.000000e+06, 1.000000e+06, 2.685919e+00, 1.790362e+00, 1.000000e+06, 0, 1.000000e+06, 1.000000e+06],
	[1.000000e+06, 1.000000e+06, 2.685919e+00, 1.790362e+00, 1.000000e+06, 0, 1.000000e+06, 1.000000e+06],
	[1.000000e+06, 1.000000e+06, 2.000774e+00, 1.377326e+00, 1.000000e+06, 1.000000e+06, 1.000000e+06, 1.000000e+06],
	[1.000000e+06, 1.000000e+06, 2.000774e+00, 1.377326e+00, 1.000000e+06, 1.000000e+06, 1.000000e+06, 1.000000e+06],
	[1.000000e+06, 1.000000e+06, 2.000774e+00, 1.377326e+00, 1.000000e+06, 1.000000e+06, 1.000000e+06, 1.000000e+06],
	[1.000000e+06, 1.000000e+06, 2.000774e+00, 1.377326e+00, 1.000000e+06, 1.000000e+06, 1.000000e+06, 1.000000e+06],
	[1.000000e+06, 1.000000e+06, 2.173762e+00, 1.504668e+00, 1.000000e+06, 1.000000e+06, 1.000000e+06, 0],
	[1.000000e+06, 1.000000e+06, 2.173762e+00, 1.504668e+00, 1.000000e+06, 1.000000e+06, 1.000000e+06, 0],
	[1.000000e+06, 1.000000e+06, 2.173762e+00, 1.504668e+00, 1.000000e+06, 1.000000e+06, 1.000000e+06, 0],
	[1.000000e+06, 1.000000e+06, 2.173762e+00, 1.504668e+00, 1.000000e+06, 1.000000e+06, 1.000000e+06, 0],
	[1.000000e+06, 1.000000e+06, 1.791739e+00, 1.490682e+00, 1.000000e+06, 1.000000e+06, 1.000000e+06, 0],
	[1.000000e+06, 1.000000e+06, 1.791739e+00, 1.490682e+00, 1.000000e+06, 1.000000e+06, 1.000000e+06, 0],
	[1.000000e+06, 1.000000e+06, 1.791739e+00, 1.490682e+00, 1.000000e+06, 1.000000e+06, 1.000000e+06, 0],
	[1.000000e+06, 1.000000e+06, 1.791739e+00, 1.490682e+00, 1.000000e+06, 1.000000e+06, 1.000000e+06, 0],
	[1.000000e+06, 1.000000e+06, 2.545133e+00, 1.265449e+00, 1.000000e+06, 1.000000e+06, 1.000000e+06, 1.000000e+06],
	[1.000000e+06, 1.000000e+06, 2.545133e+00, 1.265449e+00, 1.000000e+06, 1.000000e+06, 1.000000e+06, 1.000000e+06],
	[1.000000e+06, 1.000000e+06, 2.545133e+00, 1.265449e+00, 1.000000e+06, 1.000000e+06, 1.000000e+06, 1.000000e+06],
	[1.000000e+06, 1.000000e+06, 2.545133e+00, 1.265449e+00, 1.000000e+06, 1.000000e+06, 1.000000e+06, 1.000000e+06],
	[0, 1.000000e+06, 0, 1.779539e+00, 1.000000e+06, 1.000000e+06, 0, 1.000000e+06],
	[0, 1.000000e+06, 0, 1.779539e+00, 1.000000e+06, 1.000000e+06, 0, 1.000000e+06],
	[0, 1.000000e+06, 0, 1.779539e+00, 1.000000e+06, 1.000000e+06, 0, 1.000000e+06],
	[0, 1.000000e+06, 0, 1.779539e+00, 1.000000e+06, 1.000000e+06, 0, 1.000000e+06],
	[0, 0, 0, 1.253986e+00, 1.000000e+06, 1.000000e+06, 0, 1.000000e+06],
	[0, 0, 0, 1.253986e+00, 1.000000e+06, 1.000000e+06, 0, 1.000000e+06],
	[0, 0, 0, 1.253986e+00, 1.000000e+06, 1.000000e+06, 0, 1.000000e+06],
	[0, 0, 0, 1.253986e+00, 1.000000e+06, 1.000000e+06, 0, 1.000000e+06],
	[0, 0, 0, 0, 1.000000e+06, 1.000000e+06, 0, 1.000000e+06],
	[0, 0, 0, 0, 1.000000e+06, 1.000000e+06, 0, 1.000000e+06],
	[0, 0, 0, 0, 1.000000e+06, 1.000000e+06, 0, 1.000000e+06],
	[0, 0, 0, 0, 1.000000e+06, 1.000000e+06, 0, 1.000000e+06],
	[0, 0, 0, 0, 0, 0, 0, 0],
	[0, 0, 0, 0, 0, 0, 0, 0],
	[0, 0, 0, 0, 0, 0, 0, 0],
	[0, 0, 0, 0, 0, 0, 0, 0],
	[0, 0, 0, 0, 0, 0, 0, 0],
	[0, 0, 0, 0, 0, 0, 0, 0],
	[0, 0, 0, 0, 0, 0, 0, 0],
	[0, 0, 0, 0, 0, 0, 0, 0],
	[0, 0, 0, 0, 0, 0, 0, 0],
	[0, 0, 0, 0, 0, 0, 0, 0],
	[0, 0, 0, 0, 0, 0, 0, 0],
	[0, 0, 0, 0, 0, 0, 0, 0],
	[0, 0, 0, 0, 0, 0, 0, 0],
	[0, 0, 0, 0, 0, 0, 0, 0],
	[0, 0, 0, 0, 0, 0, 0, 0],
	[0, 0, 0, 0, 0, 0, 0, 0] ]
