1461 3159 4314
SHOE
ACT	3
SHIFT	96
demand [
	[0, 0, 0],
	[0, 0, 0],
	[0, 0, 0],
	[0, 0, 0],
	[0, 0, 0],
	[0, 0, 0],
	[0, 0, 0],
	[0, 0, 0],
	[0, 0, 0],
	[0, 0, 0],
	[0, 0, 0],
	[0, 0, 0],
	[0, 0, 0],
	[0, 0, 0],
	[0, 0, 0],
	[0, 0, 0],
	[0, 0, 0],
	[0, 0, 0],
	[0, 0, 0],
	[0, 0, 0],
	[0, 0, 0],
	[0, 0, 0],
	[0, 0, 0],
	[0, 0, 0],
	[0, 0, 0],
	[0, 0, 0],
	[0, 0, 0],
	[0, 0, 0],
	[0, 0, 0],
	[0, 0, 0],
	[0, 0, 0],
	[0, 0, 0],
	[0, 0, 1.00],
	[0, 0, 1.00],
	[0, 0, 1.00],
	[0, 0, 1.00],
	[0, 0, 1.00],
	[0, 0, 1.00],
	[0, 0, 1.00],
	[0, 0, 1.00],
	[1.00, 1.75, 1.25],
	[1.00, 1.75, 1.25],
	[1.00, 1.75, 1.25],
	[1.00, 1.75, 1.25],
	[1.00, 2.50, 1.75],
	[1.00, 2.50, 1.75],
	[1.00, 2.50, 1.75],
	[1.00, 2.50, 1.75],
	[0, 3.00, 1.75],
	[0, 3.00, 1.75],
	[0, 3.00, 1.75],
	[0, 3.00, 1.75],
	[1.25, 3.00, 1.75],
	[1.25, 3.00, 1.75],
	[1.25, 3.00, 1.75],
	[1.25, 3.00, 1.75],
	[0, 3.00, 1.75],
	[0, 3.00, 1.75],
	[0, 3.00, 1.75],
	[0, 3.00, 1.75],
	[1.25, 3.00, 2.00],
	[1.25, 3.00, 2.00],
	[1.25, 3.00, 2.00],
	[1.25, 3.00, 2.00],
	[1.25, 2.75, 1.75],
	[1.25, 2.75, 1.75],
	[1.25, 2.75, 1.75],
	[1.25, 2.75, 1.75],
	[1.25, 0, 0],
	[1.25, 0, 0],
	[1.25, 0, 0],
	[1.25, 0, 0],
	[1.25, 0, 0],
	[1.25, 0, 0],
	[1.25, 0, 0],
	[1.25, 0, 0],
	[1.50, 0, 0],
	[1.50, 0, 0],
	[1.50, 0, 0],
	[1.50, 0, 0],
	[0, 0, 0],
	[0, 0, 0],
	[0, 0, 0],
	[0, 0, 0],
	[0, 0, 0],
	[0, 0, 0],
	[0, 0, 0],
	[0, 0, 0],
	[0, 0, 0],
	[0, 0, 0],
	[0, 0, 0],
	[0, 0, 0],
	[0, 0, 0],
	[0, 0, 0],
	[0, 0, 0],
	[0, 0, 0] ]
overcost [
	[0, 0, 0],
	[0, 0, 0],
	[0, 0, 0],
	[0, 0, 0],
	[0, 0, 0],
	[0, 0, 0],
	[0, 0, 0],
	[0, 0, 0],
	[0, 0, 0],
	[0, 0, 0],
	[0, 0, 0],
	[0, 0, 0],
	[0, 0, 0],
	[0, 0, 0],
	[0, 0, 0],
	[0, 0, 0],
	[0, 0, 0],
	[0, 0, 0],
	[0, 0, 0],
	[0, 0, 0],
	[0, 0, 0],
	[0, 0, 0],
	[0, 0, 0],
	[0, 0, 0],
	[0, 0, 0],
	[0, 0, 0],
	[0, 0, 0],
	[0, 0, 0],
	[0, 0, 0],
	[0, 0, 0],
	[0, 0, 0],
	[0, 0, 0],
	[0, 0, 4.637792e+00],
	[0, 0, 4.637792e+00],
	[0, 0, 4.637792e+00],
	[0, 0, 4.637792e+00],
	[0, 0, 2.153633e+00],
	[0, 0, 2.153633e+00],
	[0, 0, 2.153633e+00],
	[0, 0, 2.153633e+00],
	[3.621158e+00, 1.537722e+00, 1.823528e+00],
	[3.621158e+00, 1.537722e+00, 1.823528e+00],
	[3.621158e+00, 1.537722e+00, 1.823528e+00],
	[3.621158e+00, 1.537722e+00, 1.823528e+00],
	[1.761670e+00, 9.715353e-01, 1.483945e+00],
	[1.761670e+00, 9.715353e-01, 1.483945e+00],
	[1.761670e+00, 9.715353e-01, 1.483945e+00],
	[1.761670e+00, 9.715353e-01, 1.483945e+00],
	[0, 1.171184e+00, 1.294691e+00],
	[0, 1.171184e+00, 1.294691e+00],
	[0, 1.171184e+00, 1.294691e+00],
	[0, 1.171184e+00, 1.294691e+00],
	[2.069076e+00, 8.616021e-01, 1.071375e+00],
	[2.069076e+00, 8.616021e-01, 1.071375e+00],
	[2.069076e+00, 8.616021e-01, 1.071375e+00],
	[2.069076e+00, 8.616021e-01, 1.071375e+00],
	[0, 7.279767e-01, 9.903786e-01],
	[0, 7.279767e-01, 9.903786e-01],
	[0, 7.279767e-01, 9.903786e-01],
	[0, 7.279767e-01, 9.903786e-01],
	[1.892424e+00, 8.058949e-01, 1.421622e+00],
	[1.892424e+00, 8.058949e-01, 1.421622e+00],
	[1.892424e+00, 8.058949e-01, 1.421622e+00],
	[1.892424e+00, 8.058949e-01, 1.421622e+00],
	[2.529010e+00, 1.274394e+00, 1.348384e+00],
	[2.529010e+00, 1.274394e+00, 1.348384e+00],
	[2.529010e+00, 1.274394e+00, 1.348384e+00],
	[2.529010e+00, 1.274394e+00, 1.348384e+00],
	[2.189762e+00, 0, 0],
	[2.189762e+00, 0, 0],
	[2.189762e+00, 0, 0],
	[2.189762e+00, 0, 0],
	[1.502048e+00, 0, 0],
	[1.502048e+00, 0, 0],
	[1.502048e+00, 0, 0],
	[1.502048e+00, 0, 0],
	[2.144040e+00, 0, 0],
	[2.144040e+00, 0, 0],
	[2.144040e+00, 0, 0],
	[2.144040e+00, 0, 0],
	[0, 0, 0],
	[0, 0, 0],
	[0, 0, 0],
	[0, 0, 0],
	[0, 0, 0],
	[0, 0, 0],
	[0, 0, 0],
	[0, 0, 0],
	[0, 0, 0],
	[0, 0, 0],
	[0, 0, 0],
	[0, 0, 0],
	[0, 0, 0],
	[0, 0, 0],
	[0, 0, 0],
	[0, 0, 0] ]
undercost [
	[0, 0, 0],
	[0, 0, 0],
	[0, 0, 0],
	[0, 0, 0],
	[0, 0, 0],
	[0, 0, 0],
	[0, 0, 0],
	[0, 0, 0],
	[0, 0, 0],
	[0, 0, 0],
	[0, 0, 0],
	[0, 0, 0],
	[0, 0, 0],
	[0, 0, 0],
	[0, 0, 0],
	[0, 0, 0],
	[0, 0, 0],
	[0, 0, 0],
	[0, 0, 0],
	[0, 0, 0],
	[0, 0, 0],
	[0, 0, 0],
	[0, 0, 0],
	[0, 0, 0],
	[0, 0, 0],
	[0, 0, 0],
	[0, 0, 0],
	[0, 0, 0],
	[0, 0, 0],
	[0, 0, 0],
	[0, 0, 0],
	[0, 0, 0],
	[0, 0, 1.000000e+06],
	[0, 0, 1.000000e+06],
	[0, 0, 1.000000e+06],
	[0, 0, 1.000000e+06],
	[0, 0, 1.000000e+06],
	[0, 0, 1.000000e+06],
	[0, 0, 1.000000e+06],
	[0, 0, 1.000000e+06],
	[1.000000e+06, 1.000000e+06, 1.000000e+06],
	[1.000000e+06, 1.000000e+06, 1.000000e+06],
	[1.000000e+06, 1.000000e+06, 1.000000e+06],
	[1.000000e+06, 1.000000e+06, 1.000000e+06],
	[1.000000e+06, 1.870231e+00, 1.000000e+06],
	[1.000000e+06, 1.870231e+00, 1.000000e+06],
	[1.000000e+06, 1.870231e+00, 1.000000e+06],
	[1.000000e+06, 1.870231e+00, 1.000000e+06],
	[0, 1.058450e+00, 1.000000e+06],
	[0, 1.058450e+00, 1.000000e+06],
	[0, 1.058450e+00, 1.000000e+06],
	[0, 1.058450e+00, 1.000000e+06],
	[1.000000e+06, 1.446564e+00, 1.000000e+06],
	[1.000000e+06, 1.446564e+00, 1.000000e+06],
	[1.000000e+06, 1.446564e+00, 1.000000e+06],
	[1.000000e+06, 1.446564e+00, 1.000000e+06],
	[0, 1.614399e+00, 1.000000e+06],
	[0, 1.614399e+00, 1.000000e+06],
	[0, 1.614399e+00, 1.000000e+06],
	[0, 1.614399e+00, 1.000000e+06],
	[1.000000e+06, 1.518492e+00, 1.687523e+00],
	[1.000000e+06, 1.518492e+00, 1.687523e+00],
	[1.000000e+06, 1.518492e+00, 1.687523e+00],
	[1.000000e+06, 1.518492e+00, 1.687523e+00],
	[1.000000e+06, 1.172136e+00, 1.000000e+06],
	[1.000000e+06, 1.172136e+00, 1.000000e+06],
	[1.000000e+06, 1.172136e+00, 1.000000e+06],
	[1.000000e+06, 1.172136e+00, 1.000000e+06],
	[1.000000e+06, 0, 0],
	[1.000000e+06, 0, 0],
	[1.000000e+06, 0, 0],
	[1.000000e+06, 0, 0],
	[1.000000e+06, 0, 0],
	[1.000000e+06, 0, 0],
	[1.000000e+06, 0, 0],
	[1.000000e+06, 0, 0],
	[1.000000e+06, 0, 0],
	[1.000000e+06, 0, 0],
	[1.000000e+06, 0, 0],
	[1.000000e+06, 0, 0],
	[0, 0, 0],
	[0, 0, 0],
	[0, 0, 0],
	[0, 0, 0],
	[0, 0, 0],
	[0, 0, 0],
	[0, 0, 0],
	[0, 0, 0],
	[0, 0, 0],
	[0, 0, 0],
	[0, 0, 0],
	[0, 0, 0],
	[0, 0, 0],
	[0, 0, 0],
	[0, 0, 0],
	[0, 0, 0] ]
