491 700 781 911 1403 1882 1934 1972 2162 3621
SHOE
ACT	10
SHIFT	96
demand [
	[0, 0, 0, 0, 0, 0, 0, 0, 0, 0],
	[0, 0, 0, 0, 0, 0, 0, 0, 0, 0],
	[0, 0, 0, 0, 0, 0, 0, 0, 0, 0],
	[0, 0, 0, 0, 0, 0, 0, 0, 0, 0],
	[0, 0, 0, 0, 0, 0, 0, 0, 0, 0],
	[0, 0, 0, 0, 0, 0, 0, 0, 0, 0],
	[0, 0, 0, 0, 0, 0, 0, 0, 0, 0],
	[0, 0, 0, 0, 0, 0, 0, 0, 0, 0],
	[0, 0, 0, 0, 0, 0, 0, 0, 0, 0],
	[0, 0, 0, 0, 0, 0, 0, 0, 0, 0],
	[0, 0, 0, 0, 0, 0, 0, 0, 0, 0],
	[0, 0, 0, 0, 0, 0, 0, 0, 0, 0],
	[0, 0, 0, 0, 0, 0, 0, 0, 0, 0],
	[0, 0, 0, 0, 0, 0, 0, 0, 0, 0],
	[0, 0, 0, 0, 0, 0, 0, 0, 0, 0],
	[0, 0, 0, 0, 0, 0, 0, 0, 0, 0],
	[0, 0, 0, 0, 0, 0, 0, 0, 0, 0],
	[0, 0, 0, 0, 0, 0, 0, 0, 0, 0],
	[0, 0, 0, 0, 0, 0, 0, 0, 0, 0],
	[0, 0, 0, 0, 0, 0, 0, 0, 0, 0],
	[0, 0, 0, 0, 0, 0, 0, 0, 0, 0],
	[0, 0, 0, 0, 0, 0, 0, 0, 0, 0],
	[0, 0, 0, 0, 0, 0, 0, 0, 0, 0],
	[0, 0, 0, 0, 0, 0, 0, 0, 0, 0],
	[0, 0, 0, 0, 0, 0, 0, 0, 0, 0],
	[0, 0, 0, 0, 0, 0, 0, 0, 0, 0],
	[0, 0, 0, 0, 0, 0, 0, 0, 0, 0],
	[0, 0, 0, 0, 0, 0, 0, 0, 0, 0],
	[0, 0, 0, 0, 0, 0, 0, 0, 0, 0],
	[0, 0, 0, 0, 0, 0, 0, 0, 0, 0],
	[0, 0, 0, 0, 0, 0, 0, 0, 0, 0],
	[0, 0, 0, 0, 0, 0, 0, 0, 0, 0],
	[0, 0, 0, 0, 1.00, 0, 0, 0, 1.00, 0],
	[0, 0, 0, 0, 1.00, 0, 0, 0, 1.00, 0],
	[0, 0, 0, 0, 1.00, 0, 0, 0, 1.00, 0],
	[0, 0, 0, 0, 1.00, 0, 0, 0, 1.00, 0],
	[1.00, 1.00, 1.00, 2.75, 2.00, 1.00, 1.50, 1.00, 0, 0],
	[1.00, 1.00, 1.00, 2.75, 2.00, 1.00, 1.50, 1.00, 0, 0],
	[1.00, 1.00, 1.00, 2.75, 2.00, 1.00, 1.50, 1.00, 0, 0],
	[1.00, 1.00, 1.00, 2.75, 2.00, 1.00, 1.50, 1.00, 0, 0],
	[1.00, 1.25, 0, 3.25, 2.50, 0, 2.00, 1.00, 1.00, 1.25],
	[1.00, 1.25, 0, 3.25, 2.50, 0, 2.00, 1.00, 1.00, 1.25],
	[1.00, 1.25, 0, 3.25, 2.50, 0, 2.00, 1.00, 1.00, 1.25],
	[1.00, 1.25, 0, 3.25, 2.50, 0, 2.00, 1.00, 1.00, 1.25],
	[1.00, 2.00, 0, 4.25, 3.50, 1.00, 2.75, 1.50, 1.00, 3.00],
	[1.00, 2.00, 0, 4.25, 3.50, 1.00, 2.75, 1.50, 1.00, 3.00],
	[1.00, 2.00, 0, 4.25, 3.50, 1.00, 2.75, 1.50, 1.00, 3.00],
	[1.00, 2.00, 0, 4.25, 3.50, 1.00, 2.75, 1.50, 1.00, 3.00],
	[1.25, 2.25, 0, 4.25, 3.50, 1.00, 3.00, 1.75, 1.00, 3.75],
	[1.25, 2.25, 0, 4.25, 3.50, 1.00, 3.00, 1.75, 1.00, 3.75],
	[1.25, 2.25, 0, 4.25, 3.50, 1.00, 3.00, 1.75, 1.00, 3.75],
	[1.25, 2.25, 0, 4.25, 3.50, 1.00, 3.00, 1.75, 1.00, 3.75],
	[1.50, 2.25, 0, 4.50, 3.75, 1.00, 3.25, 1.75, 1.00, 4.00],
	[1.50, 2.25, 0, 4.50, 3.75, 1.00, 3.25, 1.75, 1.00, 4.00],
	[1.50, 2.25, 0, 4.50, 3.75, 1.00, 3.25, 1.75, 1.00, 4.00],
	[1.50, 2.25, 0, 4.50, 3.75, 1.00, 3.25, 1.75, 1.00, 4.00],
	[1.50, 2.25, 1.00, 4.50, 3.75, 1.00, 3.25, 1.75, 1.00, 4.00],
	[1.50, 2.25, 1.00, 4.50, 3.75, 1.00, 3.25, 1.75, 1.00, 4.00],
	[1.50, 2.25, 1.00, 4.50, 3.75, 1.00, 3.25, 1.75, 1.00, 4.00],
	[1.50, 2.25, 1.00, 4.50, 3.75, 1.00, 3.25, 1.75, 1.00, 4.00],
	[1.50, 2.25, 1.00, 4.75, 4.00, 1.00, 3.25, 1.75, 1.00, 3.75],
	[1.50, 2.25, 1.00, 4.75, 4.00, 1.00, 3.25, 1.75, 1.00, 3.75],
	[1.50, 2.25, 1.00, 4.75, 4.00, 1.00, 3.25, 1.75, 1.00, 3.75],
	[1.50, 2.25, 1.00, 4.75, 4.00, 1.00, 3.25, 1.75, 1.00, 3.75],
	[1.00, 2.00, 0, 4.50, 3.50, 1.00, 3.00, 1.50, 1.00, 0],
	[1.00, 2.00, 0, 4.50, 3.50, 1.00, 3.00, 1.50, 1.00, 0],
	[1.00, 2.00, 0, 4.50, 3.50, 1.00, 3.00, 1.50, 1.00, 0],
	[1.00, 2.00, 0, 4.50, 3.50, 1.00, 3.00, 1.50, 1.00, 0],
	[1.25, 2.25, 1.00, 4.50, 3.75, 1.00, 0, 1.75, 0, 0],
	[1.25, 2.25, 1.00, 4.50, 3.75, 1.00, 0, 1.75, 0, 0],
	[1.25, 2.25, 1.00, 4.50, 3.75, 1.00, 0, 1.75, 0, 0],
	[1.25, 2.25, 1.00, 4.50, 3.75, 1.00, 0, 1.75, 0, 0],
	[1.50, 2.50, 1.00, 0, 4.00, 1.00, 0, 2.00, 0, 0],
	[1.50, 2.50, 1.00, 0, 4.00, 1.00, 0, 2.00, 0, 0],
	[1.50, 2.50, 1.00, 0, 4.00, 1.00, 0, 2.00, 0, 0],
	[1.50, 2.50, 1.00, 0, 4.00, 1.00, 0, 2.00, 0, 0],
	[1.25, 2.50, 1.00, 0, 4.25, 1.00, 0, 1.75, 0, 0],
	[1.25, 2.50, 1.00, 0, 4.25, 1.00, 0, 1.75, 0, 0],
	[1.25, 2.50, 1.00, 0, 4.25, 1.00, 0, 1.75, 0, 0],
	[1.25, 2.50, 1.00, 0, 4.25, 1.00, 0, 1.75, 0, 0],
	[0, 0, 0, 0, 0, 0, 0, 0, 0, 0],
	[0, 0, 0, 0, 0, 0, 0, 0, 0, 0],
	[0, 0, 0, 0, 0, 0, 0, 0, 0, 0],
	[0, 0, 0, 0, 0, 0, 0, 0, 0, 0],
	[0, 0, 0, 0, 0, 0, 0, 0, 0, 0],
	[0, 0, 0, 0, 0, 0, 0, 0, 0, 0],
	[0, 0, 0, 0, 0, 0, 0, 0, 0, 0],
	[0, 0, 0, 0, 0, 0, 0, 0, 0, 0],
	[0, 0, 0, 0, 0, 0, 0, 0, 0, 0],
	[0, 0, 0, 0, 0, 0, 0, 0, 0, 0],
	[0, 0, 0, 0, 0, 0, 0, 0, 0, 0],
	[0, 0, 0, 0, 0, 0, 0, 0, 0, 0],
	[0, 0, 0, 0, 0, 0, 0, 0, 0, 0],
	[0, 0, 0, 0, 0, 0, 0, 0, 0, 0],
	[0, 0, 0, 0, 0, 0, 0, 0, 0, 0],
	[0, 0, 0, 0, 0, 0, 0, 0, 0, 0] ]
overcost [
	[0, 0, 0, 0, 0, 0, 0, 0, 0, 0],
	[0, 0, 0, 0, 0, 0, 0, 0, 0, 0],
	[0, 0, 0, 0, 0, 0, 0, 0, 0, 0],
	[0, 0, 0, 0, 0, 0, 0, 0, 0, 0],
	[0, 0, 0, 0, 0, 0, 0, 0, 0, 0],
	[0, 0, 0, 0, 0, 0, 0, 0, 0, 0],
	[0, 0, 0, 0, 0, 0, 0, 0, 0, 0],
	[0, 0, 0, 0, 0, 0, 0, 0, 0, 0],
	[0, 0, 0, 0, 0, 0, 0, 0, 0, 0],
	[0, 0, 0, 0, 0, 0, 0, 0, 0, 0],
	[0, 0, 0, 0, 0, 0, 0, 0, 0, 0],
	[0, 0, 0, 0, 0, 0, 0, 0, 0, 0],
	[0, 0, 0, 0, 0, 0, 0, 0, 0, 0],
	[0, 0, 0, 0, 0, 0, 0, 0, 0, 0],
	[0, 0, 0, 0, 0, 0, 0, 0, 0, 0],
	[0, 0, 0, 0, 0, 0, 0, 0, 0, 0],
	[0, 0, 0, 0, 0, 0, 0, 0, 0, 0],
	[0, 0, 0, 0, 0, 0, 0, 0, 0, 0],
	[0, 0, 0, 0, 0, 0, 0, 0, 0, 0],
	[0, 0, 0, 0, 0, 0, 0, 0, 0, 0],
	[0, 0, 0, 0, 0, 0, 0, 0, 0, 0],
	[0, 0, 0, 0, 0, 0, 0, 0, 0, 0],
	[0, 0, 0, 0, 0, 0, 0, 0, 0, 0],
	[0, 0, 0, 0, 0, 0, 0, 0, 0, 0],
	[0, 0, 0, 0, 0, 0, 0, 0, 0, 0],
	[0, 0, 0, 0, 0, 0, 0, 0, 0, 0],
	[0, 0, 0, 0, 0, 0, 0, 0, 0, 0],
	[0, 0, 0, 0, 0, 0, 0, 0, 0, 0],
	[0, 0, 0, 0, 0, 0, 0, 0, 0, 0],
	[0, 0, 0, 0, 0, 0, 0, 0, 0, 0],
	[0, 0, 0, 0, 0, 0, 0, 0, 0, 0],
	[0, 0, 0, 0, 0, 0, 0, 0, 0, 0],
	[0, 0, 0, 0, 1.821071e+00, 0, 0, 0, 1.101205e+01, 0],
	[0, 0, 0, 0, 1.821071e+00, 0, 0, 0, 1.101205e+01, 0],
	[0, 0, 0, 0, 1.821071e+00, 0, 0, 0, 1.101205e+01, 0],
	[0, 0, 0, 0, 1.821071e+00, 0, 0, 0, 1.101205e+01, 0],
	[6.524174e+00, 2.315018e+00, 8.876217e+00, 1.235327e+00, 1.384946e+00, 7.392623e+00, 1.218691e+00, 4.229551e+00, 0, 0],
	[6.524174e+00, 2.315018e+00, 8.876217e+00, 1.235327e+00, 1.384946e+00, 7.392623e+00, 1.218691e+00, 4.229551e+00, 0, 0],
	[6.524174e+00, 2.315018e+00, 8.876217e+00, 1.235327e+00, 1.384946e+00, 7.392623e+00, 1.218691e+00, 4.229551e+00, 0, 0],
	[6.524174e+00, 2.315018e+00, 8.876217e+00, 1.235327e+00, 1.384946e+00, 7.392623e+00, 1.218691e+00, 4.229551e+00, 0, 0],
	[4.545771e+00, 1.648032e+00, 0, 1.058725e+00, 1.239384e+00, 0, 1.216622e+00, 2.506550e+00, 6.958112e+00, 1.891661e+00],
	[4.545771e+00, 1.648032e+00, 0, 1.058725e+00, 1.239384e+00, 0, 1.216622e+00, 2.506550e+00, 6.958112e+00, 1.891661e+00],
	[4.545771e+00, 1.648032e+00, 0, 1.058725e+00, 1.239384e+00, 0, 1.216622e+00, 2.506550e+00, 6.958112e+00, 1.891661e+00],
	[4.545771e+00, 1.648032e+00, 0, 1.058725e+00, 1.239384e+00, 0, 1.216622e+00, 2.506550e+00, 6.958112e+00, 1.891661e+00],
	[1.635555e+00, 1.629308e+00, 0, 8.954421e-01, 1.137883e+00, 4.292460e+00, 8.690598e-01, 1.564935e+00, 4.864642e+00, 1.365825e+00],
	[1.635555e+00, 1.629308e+00, 0, 8.954421e-01, 1.137883e+00, 4.292460e+00, 8.690598e-01, 1.564935e+00, 4.864642e+00, 1.365825e+00],
	[1.635555e+00, 1.629308e+00, 0, 8.954421e-01, 1.137883e+00, 4.292460e+00, 8.690598e-01, 1.564935e+00, 4.864642e+00, 1.365825e+00],
	[1.635555e+00, 1.629308e+00, 0, 8.954421e-01, 1.137883e+00, 4.292460e+00, 8.690598e-01, 1.564935e+00, 4.864642e+00, 1.365825e+00],
	[1.382502e+00, 1.677781e+00, 0, 6.351158e-01, 7.114484e-01, 3.691896e+00, 8.973732e-01, 1.519048e+00, 4.102324e+00, 1.126997e+00],
	[1.382502e+00, 1.677781e+00, 0, 6.351158e-01, 7.114484e-01, 3.691896e+00, 8.973732e-01, 1.519048e+00, 4.102324e+00, 1.126997e+00],
	[1.382502e+00, 1.677781e+00, 0, 6.351158e-01, 7.114484e-01, 3.691896e+00, 8.973732e-01, 1.519048e+00, 4.102324e+00, 1.126997e+00],
	[1.382502e+00, 1.677781e+00, 0, 6.351158e-01, 7.114484e-01, 3.691896e+00, 8.973732e-01, 1.519048e+00, 4.102324e+00, 1.126997e+00],
	[1.708898e+00, 1.355539e+00, 0, 7.421197e-01, 8.339366e-01, 3.389429e+00, 1.034777e+00, 1.178949e+00, 3.773723e+00, 9.758069e-01],
	[1.708898e+00, 1.355539e+00, 0, 7.421197e-01, 8.339366e-01, 3.389429e+00, 1.034777e+00, 1.178949e+00, 3.773723e+00, 9.758069e-01],
	[1.708898e+00, 1.355539e+00, 0, 7.421197e-01, 8.339366e-01, 3.389429e+00, 1.034777e+00, 1.178949e+00, 3.773723e+00, 9.758069e-01],
	[1.708898e+00, 1.355539e+00, 0, 7.421197e-01, 8.339366e-01, 3.389429e+00, 1.034777e+00, 1.178949e+00, 3.773723e+00, 9.758069e-01],
	[1.628389e+00, 1.228450e+00, 2.063509e+00, 5.915138e-01, 6.966040e-01, 3.306148e+00, 9.258264e-01, 1.076977e+00, 3.691036e+00, 8.659092e-01],
	[1.628389e+00, 1.228450e+00, 2.063509e+00, 5.915138e-01, 6.966040e-01, 3.306148e+00, 9.258264e-01, 1.076977e+00, 3.691036e+00, 8.659092e-01],
	[1.628389e+00, 1.228450e+00, 2.063509e+00, 5.915138e-01, 6.966040e-01, 3.306148e+00, 9.258264e-01, 1.076977e+00, 3.691036e+00, 8.659092e-01],
	[1.628389e+00, 1.228450e+00, 2.063509e+00, 5.915138e-01, 6.966040e-01, 3.306148e+00, 9.258264e-01, 1.076977e+00, 3.691036e+00, 8.659092e-01],
	[1.906669e+00, 1.225008e+00, 2.455417e+00, 7.533210e-01, 9.928483e-01, 3.399118e+00, 8.696427e-01, 1.188920e+00, 3.872748e+00, 9.123292e-01],
	[1.906669e+00, 1.225008e+00, 2.455417e+00, 7.533210e-01, 9.928483e-01, 3.399118e+00, 8.696427e-01, 1.188920e+00, 3.872748e+00, 9.123292e-01],
	[1.906669e+00, 1.225008e+00, 2.455417e+00, 7.533210e-01, 9.928483e-01, 3.399118e+00, 8.696427e-01, 1.188920e+00, 3.872748e+00, 9.123292e-01],
	[1.906669e+00, 1.225008e+00, 2.455417e+00, 7.533210e-01, 9.928483e-01, 3.399118e+00, 8.696427e-01, 1.188920e+00, 3.872748e+00, 9.123292e-01],
	[1.705157e+00, 1.451858e+00, 0, 9.616031e-01, 8.949272e-01, 4.251640e+00, 1.105305e+00, 1.496183e+00, 4.866686e+00, 0],
	[1.705157e+00, 1.451858e+00, 0, 9.616031e-01, 8.949272e-01, 4.251640e+00, 1.105305e+00, 1.496183e+00, 4.866686e+00, 0],
	[1.705157e+00, 1.451858e+00, 0, 9.616031e-01, 8.949272e-01, 4.251640e+00, 1.105305e+00, 1.496183e+00, 4.866686e+00, 0],
	[1.705157e+00, 1.451858e+00, 0, 9.616031e-01, 8.949272e-01, 4.251640e+00, 1.105305e+00, 1.496183e+00, 4.866686e+00, 0],
	[1.943952e+00, 1.671919e+00, 3.267763e+00, 6.397756e-01, 9.584292e-01, 3.852276e+00, 0, 1.719089e+00, 0, 0],
	[1.943952e+00, 1.671919e+00, 3.267763e+00, 6.397756e-01, 9.584292e-01, 3.852276e+00, 0, 1.719089e+00, 0, 0],
	[1.943952e+00, 1.671919e+00, 3.267763e+00, 6.397756e-01, 9.584292e-01, 3.852276e+00, 0, 1.719089e+00, 0, 0],
	[1.943952e+00, 1.671919e+00, 3.267763e+00, 6.397756e-01, 9.584292e-01, 3.852276e+00, 0, 1.719089e+00, 0, 0],
	[1.559280e+00, 1.437423e+00, 2.066428e+00, 0, 6.529495e-01, 3.028083e+00, 0, 1.441520e+00, 0, 0],
	[1.559280e+00, 1.437423e+00, 2.066428e+00, 0, 6.529495e-01, 3.028083e+00, 0, 1.441520e+00, 0, 0],
	[1.559280e+00, 1.437423e+00, 2.066428e+00, 0, 6.529495e-01, 3.028083e+00, 0, 1.441520e+00, 0, 0],
	[1.559280e+00, 1.437423e+00, 2.066428e+00, 0, 6.529495e-01, 3.028083e+00, 0, 1.441520e+00, 0, 0],
	[1.550950e+00, 1.469585e+00, 3.004527e+00, 0, 8.941068e-01, 3.215341e+00, 0, 1.069303e+00, 0, 0],
	[1.550950e+00, 1.469585e+00, 3.004527e+00, 0, 8.941068e-01, 3.215341e+00, 0, 1.069303e+00, 0, 0],
	[1.550950e+00, 1.469585e+00, 3.004527e+00, 0, 8.941068e-01, 3.215341e+00, 0, 1.069303e+00, 0, 0],
	[1.550950e+00, 1.469585e+00, 3.004527e+00, 0, 8.941068e-01, 3.215341e+00, 0, 1.069303e+00, 0, 0],
	[0, 0, 0, 0, 0, 0, 0, 0, 0, 0],
	[0, 0, 0, 0, 0, 0, 0, 0, 0, 0],
	[0, 0, 0, 0, 0, 0, 0, 0, 0, 0],
	[0, 0, 0, 0, 0, 0, 0, 0, 0, 0],
	[0, 0, 0, 0, 0, 0, 0, 0, 0, 0],
	[0, 0, 0, 0, 0, 0, 0, 0, 0, 0],
	[0, 0, 0, 0, 0, 0, 0, 0, 0, 0],
	[0, 0, 0, 0, 0, 0, 0, 0, 0, 0],
	[0, 0, 0, 0, 0, 0, 0, 0, 0, 0],
	[0, 0, 0, 0, 0, 0, 0, 0, 0, 0],
	[0, 0, 0, 0, 0, 0, 0, 0, 0, 0],
	[0, 0, 0, 0, 0, 0, 0, 0, 0, 0],
	[0, 0, 0, 0, 0, 0, 0, 0, 0, 0],
	[0, 0, 0, 0, 0, 0, 0, 0, 0, 0],
	[0, 0, 0, 0, 0, 0, 0, 0, 0, 0],
	[0, 0, 0, 0, 0, 0, 0, 0, 0, 0] ]
undercost [
	[0, 0, 0, 0, 0, 0, 0, 0, 0, 0],
	[0, 0, 0, 0, 0, 0, 0, 0, 0, 0],
	[0, 0, 0, 0, 0, 0, 0, 0, 0, 0],
	[0, 0, 0, 0, 0, 0, 0, 0, 0, 0],
	[0, 0, 0, 0, 0, 0, 0, 0, 0, 0],
	[0, 0, 0, 0, 0, 0, 0, 0, 0, 0],
	[0, 0, 0, 0, 0, 0, 0, 0, 0, 0],
	[0, 0, 0, 0, 0, 0, 0, 0, 0, 0],
	[0, 0, 0, 0, 0, 0, 0, 0, 0, 0],
	[0, 0, 0, 0, 0, 0, 0, 0, 0, 0],
	[0, 0, 0, 0, 0, 0, 0, 0, 0, 0],
	[0, 0, 0, 0, 0, 0, 0, 0, 0, 0],
	[0, 0, 0, 0, 0, 0, 0, 0, 0, 0],
	[0, 0, 0, 0, 0, 0, 0, 0, 0, 0],
	[0, 0, 0, 0, 0, 0, 0, 0, 0, 0],
	[0, 0, 0, 0, 0, 0, 0, 0, 0, 0],
	[0, 0, 0, 0, 0, 0, 0, 0, 0, 0],
	[0, 0, 0, 0, 0, 0, 0, 0, 0, 0],
	[0, 0, 0, 0, 0, 0, 0, 0, 0, 0],
	[0, 0, 0, 0, 0, 0, 0, 0, 0, 0],
	[0, 0, 0, 0, 0, 0, 0, 0, 0, 0],
	[0, 0, 0, 0, 0, 0, 0, 0, 0, 0],
	[0, 0, 0, 0, 0, 0, 0, 0, 0, 0],
	[0, 0, 0, 0, 0, 0, 0, 0, 0, 0],
	[0, 0, 0, 0, 0, 0, 0, 0, 0, 0],
	[0, 0, 0, 0, 0, 0, 0, 0, 0, 0],
	[0, 0, 0, 0, 0, 0, 0, 0, 0, 0],
	[0, 0, 0, 0, 0, 0, 0, 0, 0, 0],
	[0, 0, 0, 0, 0, 0, 0, 0, 0, 0],
	[0, 0, 0, 0, 0, 0, 0, 0, 0, 0],
	[0, 0, 0, 0, 0, 0, 0, 0, 0, 0],
	[0, 0, 0, 0, 0, 0, 0, 0, 0, 0],
	[0, 0, 0, 0, 1.000000e+06, 0, 0, 0, 1.000000e+06, 0],
	[0, 0, 0, 0, 1.000000e+06, 0, 0, 0, 1.000000e+06, 0],
	[0, 0, 0, 0, 1.000000e+06, 0, 0, 0, 1.000000e+06, 0],
	[0, 0, 0, 0, 1.000000e+06, 0, 0, 0, 1.000000e+06, 0],
	[1.000000e+06, 1.000000e+06, 1.000000e+06, 1.759299e+00, 2.631026e+00, 1.000000e+06, 1.000000e+06, 1.000000e+06, 0, 0],
	[1.000000e+06, 1.000000e+06, 1.000000e+06, 1.759299e+00, 2.631026e+00, 1.000000e+06, 1.000000e+06, 1.000000e+06, 0, 0],
	[1.000000e+06, 1.000000e+06, 1.000000e+06, 1.759299e+00, 2.631026e+00, 1.000000e+06, 1.000000e+06, 1.000000e+06, 0, 0],
	[1.000000e+06, 1.000000e+06, 1.000000e+06, 1.759299e+00, 2.631026e+00, 1.000000e+06, 1.000000e+06, 1.000000e+06, 0, 0],
	[1.000000e+06, 1.000000e+06, 0, 1.446026e+00, 1.826988e+00, 0, 2.232305e+00, 1.000000e+06, 1.000000e+06, 1.000000e+06],
	[1.000000e+06, 1.000000e+06, 0, 1.446026e+00, 1.826988e+00, 0, 2.232305e+00, 1.000000e+06, 1.000000e+06, 1.000000e+06],
	[1.000000e+06, 1.000000e+06, 0, 1.446026e+00, 1.826988e+00, 0, 2.232305e+00, 1.000000e+06, 1.000000e+06, 1.000000e+06],
	[1.000000e+06, 1.000000e+06, 0, 1.446026e+00, 1.826988e+00, 0, 2.232305e+00, 1.000000e+06, 1.000000e+06, 1.000000e+06],
	[1.000000e+06, 2.448720e+00, 0, 9.859429e-01, 9.477397e-01, 1.000000e+06, 1.540691e+00, 1.000000e+06, 1.000000e+06, 1.292563e+00],
	[1.000000e+06, 2.448720e+00, 0, 9.859429e-01, 9.477397e-01, 1.000000e+06, 1.540691e+00, 1.000000e+06, 1.000000e+06, 1.292563e+00],
	[1.000000e+06, 2.448720e+00, 0, 9.859429e-01, 9.477397e-01, 1.000000e+06, 1.540691e+00, 1.000000e+06, 1.000000e+06, 1.292563e+00],
	[1.000000e+06, 2.448720e+00, 0, 9.859429e-01, 9.477397e-01, 1.000000e+06, 1.540691e+00, 1.000000e+06, 1.000000e+06, 1.292563e+00],
	[1.000000e+06, 1.795193e+00, 0, 1.287624e+00, 1.461149e+00, 1.000000e+06, 1.265753e+00, 1.000000e+06, 1.000000e+06, 9.745305e-01],
	[1.000000e+06, 1.795193e+00, 0, 1.287624e+00, 1.461149e+00, 1.000000e+06, 1.265753e+00, 1.000000e+06, 1.000000e+06, 9.745305e-01],
	[1.000000e+06, 1.795193e+00, 0, 1.287624e+00, 1.461149e+00, 1.000000e+06, 1.265753e+00, 1.000000e+06, 1.000000e+06, 9.745305e-01],
	[1.000000e+06, 1.795193e+00, 0, 1.287624e+00, 1.461149e+00, 1.000000e+06, 1.265753e+00, 1.000000e+06, 1.000000e+06, 9.745305e-01],
	[1.000000e+06, 2.230889e+00, 0, 1.046694e+00, 1.151960e+00, 1.000000e+06, 9.052849e-01, 1.000000e+06, 1.000000e+06, 1.006637e+00],
	[1.000000e+06, 2.230889e+00, 0, 1.046694e+00, 1.151960e+00, 1.000000e+06, 9.052849e-01, 1.000000e+06, 1.000000e+06, 1.006637e+00],
	[1.000000e+06, 2.230889e+00, 0, 1.046694e+00, 1.151960e+00, 1.000000e+06, 9.052849e-01, 1.000000e+06, 1.000000e+06, 1.006637e+00],
	[1.000000e+06, 2.230889e+00, 0, 1.046694e+00, 1.151960e+00, 1.000000e+06, 9.052849e-01, 1.000000e+06, 1.000000e+06, 1.006637e+00],
	[1.000000e+06, 2.403414e+00, 1.000000e+06, 1.221410e+00, 1.316295e+00, 1.000000e+06, 1.039367e+00, 1.000000e+06, 1.000000e+06, 1.136787e+00],
	[1.000000e+06, 2.403414e+00, 1.000000e+06, 1.221410e+00, 1.316295e+00, 1.000000e+06, 1.039367e+00, 1.000000e+06, 1.000000e+06, 1.136787e+00],
	[1.000000e+06, 2.403414e+00, 1.000000e+06, 1.221410e+00, 1.316295e+00, 1.000000e+06, 1.039367e+00, 1.000000e+06, 1.000000e+06, 1.136787e+00],
	[1.000000e+06, 2.403414e+00, 1.000000e+06, 1.221410e+00, 1.316295e+00, 1.000000e+06, 1.039367e+00, 1.000000e+06, 1.000000e+06, 1.136787e+00],
	[1.000000e+06, 2.414983e+00, 1.000000e+06, 9.331963e-01, 8.279550e-01, 1.000000e+06, 1.110918e+00, 1.000000e+06, 1.000000e+06, 1.233112e+00],
	[1.000000e+06, 2.414983e+00, 1.000000e+06, 9.331963e-01, 8.279550e-01, 1.000000e+06, 1.110918e+00, 1.000000e+06, 1.000000e+06, 1.233112e+00],
	[1.000000e+06, 2.414983e+00, 1.000000e+06, 9.331963e-01, 8.279550e-01, 1.000000e+06, 1.110918e+00, 1.000000e+06, 1.000000e+06, 1.233112e+00],
	[1.000000e+06, 2.414983e+00, 1.000000e+06, 9.331963e-01, 8.279550e-01, 1.000000e+06, 1.110918e+00, 1.000000e+06, 1.000000e+06, 1.233112e+00],
	[1.000000e+06, 2.702862e+00, 0, 7.954174e-01, 1.243027e+00, 1.000000e+06, 1.010721e+00, 1.000000e+06, 1.000000e+06, 0],
	[1.000000e+06, 2.702862e+00, 0, 7.954174e-01, 1.243027e+00, 1.000000e+06, 1.010721e+00, 1.000000e+06, 1.000000e+06, 0],
	[1.000000e+06, 2.702862e+00, 0, 7.954174e-01, 1.243027e+00, 1.000000e+06, 1.010721e+00, 1.000000e+06, 1.000000e+06, 0],
	[1.000000e+06, 2.702862e+00, 0, 7.954174e-01, 1.243027e+00, 1.000000e+06, 1.010721e+00, 1.000000e+06, 1.000000e+06, 0],
	[1.000000e+06, 1.814784e+00, 1.000000e+06, 1.168748e+00, 1.006818e+00, 1.000000e+06, 0, 1.000000e+06, 0, 0],
	[1.000000e+06, 1.814784e+00, 1.000000e+06, 1.168748e+00, 1.006818e+00, 1.000000e+06, 0, 1.000000e+06, 0, 0],
	[1.000000e+06, 1.814784e+00, 1.000000e+06, 1.168748e+00, 1.006818e+00, 1.000000e+06, 0, 1.000000e+06, 0, 0],
	[1.000000e+06, 1.814784e+00, 1.000000e+06, 1.168748e+00, 1.006818e+00, 1.000000e+06, 0, 1.000000e+06, 0, 0],
	[1.000000e+06, 1.692196e+00, 1.000000e+06, 0, 1.230872e+00, 1.000000e+06, 0, 2.170040e+00, 0, 0],
	[1.000000e+06, 1.692196e+00, 1.000000e+06, 0, 1.230872e+00, 1.000000e+06, 0, 2.170040e+00, 0, 0],
	[1.000000e+06, 1.692196e+00, 1.000000e+06, 0, 1.230872e+00, 1.000000e+06, 0, 2.170040e+00, 0, 0],
	[1.000000e+06, 1.692196e+00, 1.000000e+06, 0, 1.230872e+00, 1.000000e+06, 0, 2.170040e+00, 0, 0],
	[1.000000e+06, 1.660823e+00, 1.000000e+06, 0, 8.294591e-01, 1.000000e+06, 0, 1.000000e+06, 0, 0],
	[1.000000e+06, 1.660823e+00, 1.000000e+06, 0, 8.294591e-01, 1.000000e+06, 0, 1.000000e+06, 0, 0],
	[1.000000e+06, 1.660823e+00, 1.000000e+06, 0, 8.294591e-01, 1.000000e+06, 0, 1.000000e+06, 0, 0],
	[1.000000e+06, 1.660823e+00, 1.000000e+06, 0, 8.294591e-01, 1.000000e+06, 0, 1.000000e+06, 0, 0],
	[0, 0, 0, 0, 0, 0, 0, 0, 0, 0],
	[0, 0, 0, 0, 0, 0, 0, 0, 0, 0],
	[0, 0, 0, 0, 0, 0, 0, 0, 0, 0],
	[0, 0, 0, 0, 0, 0, 0, 0, 0, 0],
	[0, 0, 0, 0, 0, 0, 0, 0, 0, 0],
	[0, 0, 0, 0, 0, 0, 0, 0, 0, 0],
	[0, 0, 0, 0, 0, 0, 0, 0, 0, 0],
	[0, 0, 0, 0, 0, 0, 0, 0, 0, 0],
	[0, 0, 0, 0, 0, 0, 0, 0, 0, 0],
	[0, 0, 0, 0, 0, 0, 0, 0, 0, 0],
	[0, 0, 0, 0, 0, 0, 0, 0, 0, 0],
	[0, 0, 0, 0, 0, 0, 0, 0, 0, 0],
	[0, 0, 0, 0, 0, 0, 0, 0, 0, 0],
	[0, 0, 0, 0, 0, 0, 0, 0, 0, 0],
	[0, 0, 0, 0, 0, 0, 0, 0, 0, 0],
	[0, 0, 0, 0, 0, 0, 0, 0, 0, 0] ]
