936 1432 1659 2306 2343 3258 3916
SHOE
ACT	7
SHIFT	96
demand [
	[0, 0, 0, 0, 0, 0, 0],
	[0, 0, 0, 0, 0, 0, 0],
	[0, 0, 0, 0, 0, 0, 0],
	[0, 0, 0, 0, 0, 0, 0],
	[0, 0, 0, 0, 0, 0, 0],
	[0, 0, 0, 0, 0, 0, 0],
	[0, 0, 0, 0, 0, 0, 0],
	[0, 0, 0, 0, 0, 0, 0],
	[0, 0, 0, 0, 0, 0, 0],
	[0, 0, 0, 0, 0, 0, 0],
	[0, 0, 0, 0, 0, 0, 0],
	[0, 0, 0, 0, 0, 0, 0],
	[0, 0, 0, 0, 0, 0, 0],
	[0, 0, 0, 0, 0, 0, 0],
	[0, 0, 0, 0, 0, 0, 0],
	[0, 0, 0, 0, 0, 0, 0],
	[0, 0, 0, 0, 0, 0, 0],
	[0, 0, 0, 0, 0, 0, 0],
	[0, 0, 0, 0, 0, 0, 0],
	[0, 0, 0, 0, 0, 0, 0],
	[0, 0, 0, 0, 0, 0, 0],
	[0, 0, 0, 0, 0, 0, 0],
	[0, 0, 0, 0, 0, 0, 0],
	[0, 0, 0, 0, 0, 0, 0],
	[0, 0, 0, 0, 0, 0, 0],
	[0, 0, 0, 0, 0, 0, 0],
	[0, 0, 0, 0, 0, 0, 0],
	[0, 0, 0, 0, 0, 0, 0],
	[0, 0, 0, 0, 0, 0, 0],
	[0, 0, 0, 0, 0, 0, 0],
	[0, 0, 0, 0, 0, 0, 0],
	[0, 0, 0, 0, 0, 0, 0],
	[1.00, 0, 0, 0, 0, 0, 0],
	[1.00, 0, 0, 0, 0, 0, 0],
	[1.00, 0, 0, 0, 0, 0, 0],
	[1.00, 0, 0, 0, 0, 0, 0],
	[1.00, 1.50, 1.00, 1.00, 0, 0, 1.00],
	[1.00, 1.50, 1.00, 1.00, 0, 0, 1.00],
	[1.00, 1.50, 1.00, 1.00, 0, 0, 1.00],
	[1.00, 1.50, 1.00, 1.00, 0, 0, 1.00],
	[1.00, 1.75, 1.00, 1.00, 0, 7.00, 1.00],
	[1.00, 1.75, 1.00, 1.00, 0, 7.00, 1.00],
	[1.00, 1.75, 1.00, 1.00, 0, 7.00, 1.00],
	[1.00, 1.75, 1.00, 1.00, 0, 7.00, 1.00],
	[1.50, 2.50, 1.00, 1.00, 1.00, 11.00, 1.25],
	[1.50, 2.50, 1.00, 1.00, 1.00, 11.00, 1.25],
	[1.50, 2.50, 1.00, 1.00, 1.00, 11.00, 1.25],
	[1.50, 2.50, 1.00, 1.00, 1.00, 11.00, 1.25],
	[1.75, 2.50, 1.00, 1.00, 1.00, 12.75, 2.00],
	[1.75, 2.50, 1.00, 1.00, 1.00, 12.75, 2.00],
	[1.75, 2.50, 1.00, 1.00, 1.00, 12.75, 2.00],
	[1.75, 2.50, 1.00, 1.00, 1.00, 12.75, 2.00],
	[1.75, 2.50, 1.25, 1.00, 1.25, 13.50, 2.50],
	[1.75, 2.50, 1.25, 1.00, 1.25, 13.50, 2.50],
	[1.75, 2.50, 1.25, 1.00, 1.25, 13.50, 2.50],
	[1.75, 2.50, 1.25, 1.00, 1.25, 13.50, 2.50],
	[1.75, 2.50, 1.25, 1.00, 1.25, 14.00, 2.50],
	[1.75, 2.50, 1.25, 1.00, 1.25, 14.00, 2.50],
	[1.75, 2.50, 1.25, 1.00, 1.25, 14.00, 2.50],
	[1.75, 2.50, 1.25, 1.00, 1.25, 14.00, 2.50],
	[1.75, 2.75, 1.00, 1.00, 1.25, 13.50, 2.00],
	[1.75, 2.75, 1.00, 1.00, 1.25, 13.50, 2.00],
	[1.75, 2.75, 1.00, 1.00, 1.25, 13.50, 2.00],
	[1.75, 2.75, 1.00, 1.00, 1.25, 13.50, 2.00],
	[1.50, 2.50, 1.00, 1.00, 1.00, 0, 1.00],
	[1.50, 2.50, 1.00, 1.00, 1.00, 0, 1.00],
	[1.50, 2.50, 1.00, 1.00, 1.00, 0, 1.00],
	[1.50, 2.50, 1.00, 1.00, 1.00, 0, 1.00],
	[1.75, 0, 1.00, 1.00, 1.00, 0, 1.50],
	[1.75, 0, 1.00, 1.00, 1.00, 0, 1.50],
	[1.75, 0, 1.00, 1.00, 1.00, 0, 1.50],
	[1.75, 0, 1.00, 1.00, 1.00, 0, 1.50],
	[2.00, 0, 1.25, 1.00, 1.25, 0, 2.25],
	[2.00, 0, 1.25, 1.00, 1.25, 0, 2.25],
	[2.00, 0, 1.25, 1.00, 1.25, 0, 2.25],
	[2.00, 0, 1.25, 1.00, 1.25, 0, 2.25],
	[2.00, 0, 0, 1.00, 1.25, 0, 1.25],
	[2.00, 0, 0, 1.00, 1.25, 0, 1.25],
	[2.00, 0, 0, 1.00, 1.25, 0, 1.25],
	[2.00, 0, 0, 1.00, 1.25, 0, 1.25],
	[0, 0, 0, 0, 0, 0, 0],
	[0, 0, 0, 0, 0, 0, 0],
	[0, 0, 0, 0, 0, 0, 0],
	[0, 0, 0, 0, 0, 0, 0],
	[0, 0, 0, 0, 0, 0, 0],
	[0, 0, 0, 0, 0, 0, 0],
	[0, 0, 0, 0, 0, 0, 0],
	[0, 0, 0, 0, 0, 0, 0],
	[0, 0, 0, 0, 0, 0, 0],
	[0, 0, 0, 0, 0, 0, 0],
	[0, 0, 0, 0, 0, 0, 0],
	[0, 0, 0, 0, 0, 0, 0],
	[0, 0, 0, 0, 0, 0, 0],
	[0, 0, 0, 0, 0, 0, 0],
	[0, 0, 0, 0, 0, 0, 0],
	[0, 0, 0, 0, 0, 0, 0] ]
overcost [
	[0, 0, 0, 0, 0, 0, 0],
	[0, 0, 0, 0, 0, 0, 0],
	[0, 0, 0, 0, 0, 0, 0],
	[0, 0, 0, 0, 0, 0, 0],
	[0, 0, 0, 0, 0, 0, 0],
	[0, 0, 0, 0, 0, 0, 0],
	[0, 0, 0, 0, 0, 0, 0],
	[0, 0, 0, 0, 0, 0, 0],
	[0, 0, 0, 0, 0, 0, 0],
	[0, 0, 0, 0, 0, 0, 0],
	[0, 0, 0, 0, 0, 0, 0],
	[0, 0, 0, 0, 0, 0, 0],
	[0, 0, 0, 0, 0, 0, 0],
	[0, 0, 0, 0, 0, 0, 0],
	[0, 0, 0, 0, 0, 0, 0],
	[0, 0, 0, 0, 0, 0, 0],
	[0, 0, 0, 0, 0, 0, 0],
	[0, 0, 0, 0, 0, 0, 0],
	[0, 0, 0, 0, 0, 0, 0],
	[0, 0, 0, 0, 0, 0, 0],
	[0, 0, 0, 0, 0, 0, 0],
	[0, 0, 0, 0, 0, 0, 0],
	[0, 0, 0, 0, 0, 0, 0],
	[0, 0, 0, 0, 0, 0, 0],
	[0, 0, 0, 0, 0, 0, 0],
	[0, 0, 0, 0, 0, 0, 0],
	[0, 0, 0, 0, 0, 0, 0],
	[0, 0, 0, 0, 0, 0, 0],
	[0, 0, 0, 0, 0, 0, 0],
	[0, 0, 0, 0, 0, 0, 0],
	[0, 0, 0, 0, 0, 0, 0],
	[0, 0, 0, 0, 0, 0, 0],
	[7.674011e+00, 0, 0, 0, 0, 0, 0],
	[7.674011e+00, 0, 0, 0, 0, 0, 0],
	[7.674011e+00, 0, 0, 0, 0, 0, 0],
	[7.674011e+00, 0, 0, 0, 0, 0, 0],
	[4.125419e+00, 1.640818e+00, 7.769470e+00, 6.096545e+00, 0, 0, 9.106803e+00],
	[4.125419e+00, 1.640818e+00, 7.769470e+00, 6.096545e+00, 0, 0, 9.106803e+00],
	[4.125419e+00, 1.640818e+00, 7.769470e+00, 6.096545e+00, 0, 0, 9.106803e+00],
	[4.125419e+00, 1.640818e+00, 7.769470e+00, 6.096545e+00, 0, 0, 9.106803e+00],
	[2.358043e+00, 1.233349e+00, 5.696504e+00, 4.954289e+00, 0, 4.235595e-01, 9.049608e+00],
	[2.358043e+00, 1.233349e+00, 5.696504e+00, 4.954289e+00, 0, 4.235595e-01, 9.049608e+00],
	[2.358043e+00, 1.233349e+00, 5.696504e+00, 4.954289e+00, 0, 4.235595e-01, 9.049608e+00],
	[2.358043e+00, 1.233349e+00, 5.696504e+00, 4.954289e+00, 0, 4.235595e-01, 9.049608e+00],
	[1.654130e+00, 1.340610e+00, 2.874338e+00, 3.060958e+00, 2.622213e+00, 2.628817e-01, 1.919347e+00],
	[1.654130e+00, 1.340610e+00, 2.874338e+00, 3.060958e+00, 2.622213e+00, 2.628817e-01, 1.919347e+00],
	[1.654130e+00, 1.340610e+00, 2.874338e+00, 3.060958e+00, 2.622213e+00, 2.628817e-01, 1.919347e+00],
	[1.654130e+00, 1.340610e+00, 2.874338e+00, 3.060958e+00, 2.622213e+00, 2.628817e-01, 1.919347e+00],
	[1.782099e+00, 1.225264e+00, 1.745107e+00, 2.469764e+00, 1.756297e+00, 1.985865e-01, 1.018394e+00],
	[1.782099e+00, 1.225264e+00, 1.745107e+00, 2.469764e+00, 1.756297e+00, 1.985865e-01, 1.018394e+00],
	[1.782099e+00, 1.225264e+00, 1.745107e+00, 2.469764e+00, 1.756297e+00, 1.985865e-01, 1.018394e+00],
	[1.782099e+00, 1.225264e+00, 1.745107e+00, 2.469764e+00, 1.756297e+00, 1.985865e-01, 1.018394e+00],
	[1.421395e+00, 9.827256e-01, 2.131407e+00, 2.166016e+00, 2.305099e+00, 1.816900e-01, 1.389838e+00],
	[1.421395e+00, 9.827256e-01, 2.131407e+00, 2.166016e+00, 2.305099e+00, 1.816900e-01, 1.389838e+00],
	[1.421395e+00, 9.827256e-01, 2.131407e+00, 2.166016e+00, 2.305099e+00, 1.816900e-01, 1.389838e+00],
	[1.421395e+00, 9.827256e-01, 2.131407e+00, 2.166016e+00, 2.305099e+00, 1.816900e-01, 1.389838e+00],
	[1.294625e+00, 8.696841e-01, 2.064932e+00, 2.062435e+00, 2.217930e+00, 2.678412e-01, 1.325678e+00],
	[1.294625e+00, 8.696841e-01, 2.064932e+00, 2.062435e+00, 2.217930e+00, 2.678412e-01, 1.325678e+00],
	[1.294625e+00, 8.696841e-01, 2.064932e+00, 2.062435e+00, 2.217930e+00, 2.678412e-01, 1.325678e+00],
	[1.294625e+00, 8.696841e-01, 2.064932e+00, 2.062435e+00, 2.217930e+00, 2.678412e-01, 1.325678e+00],
	[1.335960e+00, 1.177002e+00, 1.611920e+00, 2.122428e+00, 2.390837e+00, 2.100978e-01, 1.242018e+00],
	[1.335960e+00, 1.177002e+00, 1.611920e+00, 2.122428e+00, 2.390837e+00, 2.100978e-01, 1.242018e+00],
	[1.335960e+00, 1.177002e+00, 1.611920e+00, 2.122428e+00, 2.390837e+00, 2.100978e-01, 1.242018e+00],
	[1.335960e+00, 1.177002e+00, 1.611920e+00, 2.122428e+00, 2.390837e+00, 2.100978e-01, 1.242018e+00],
	[1.506938e+00, 1.107480e+00, 3.001404e+00, 2.963274e+00, 2.619166e+00, 0, 1.828058e+00],
	[1.506938e+00, 1.107480e+00, 3.001404e+00, 2.963274e+00, 2.619166e+00, 0, 1.828058e+00],
	[1.506938e+00, 1.107480e+00, 3.001404e+00, 2.963274e+00, 2.619166e+00, 0, 1.828058e+00],
	[1.506938e+00, 1.107480e+00, 3.001404e+00, 2.963274e+00, 2.619166e+00, 0, 1.828058e+00],
	[1.853523e+00, 0, 2.418583e+00, 2.579282e+00, 2.095842e+00, 0, 1.956108e+00],
	[1.853523e+00, 0, 2.418583e+00, 2.579282e+00, 2.095842e+00, 0, 1.956108e+00],
	[1.853523e+00, 0, 2.418583e+00, 2.579282e+00, 2.095842e+00, 0, 1.956108e+00],
	[1.853523e+00, 0, 2.418583e+00, 2.579282e+00, 2.095842e+00, 0, 1.956108e+00],
	[1.661271e+00, 0, 2.028055e+00, 1.775067e+00, 1.990495e+00, 0, 1.275831e+00],
	[1.661271e+00, 0, 2.028055e+00, 1.775067e+00, 1.990495e+00, 0, 1.275831e+00],
	[1.661271e+00, 0, 2.028055e+00, 1.775067e+00, 1.990495e+00, 0, 1.275831e+00],
	[1.661271e+00, 0, 2.028055e+00, 1.775067e+00, 1.990495e+00, 0, 1.275831e+00],
	[1.768467e+00, 0, 0, 1.940297e+00, 2.373265e+00, 0, 1.653002e+00],
	[1.768467e+00, 0, 0, 1.940297e+00, 2.373265e+00, 0, 1.653002e+00],
	[1.768467e+00, 0, 0, 1.940297e+00, 2.373265e+00, 0, 1.653002e+00],
	[1.768467e+00, 0, 0, 1.940297e+00, 2.373265e+00, 0, 1.653002e+00],
	[0, 0, 0, 0, 0, 0, 0],
	[0, 0, 0, 0, 0, 0, 0],
	[0, 0, 0, 0, 0, 0, 0],
	[0, 0, 0, 0, 0, 0, 0],
	[0, 0, 0, 0, 0, 0, 0],
	[0, 0, 0, 0, 0, 0, 0],
	[0, 0, 0, 0, 0, 0, 0],
	[0, 0, 0, 0, 0, 0, 0],
	[0, 0, 0, 0, 0, 0, 0],
	[0, 0, 0, 0, 0, 0, 0],
	[0, 0, 0, 0, 0, 0, 0],
	[0, 0, 0, 0, 0, 0, 0],
	[0, 0, 0, 0, 0, 0, 0],
	[0, 0, 0, 0, 0, 0, 0],
	[0, 0, 0, 0, 0, 0, 0],
	[0, 0, 0, 0, 0, 0, 0] ]
undercost [
	[0, 0, 0, 0, 0, 0, 0],
	[0, 0, 0, 0, 0, 0, 0],
	[0, 0, 0, 0, 0, 0, 0],
	[0, 0, 0, 0, 0, 0, 0],
	[0, 0, 0, 0, 0, 0, 0],
	[0, 0, 0, 0, 0, 0, 0],
	[0, 0, 0, 0, 0, 0, 0],
	[0, 0, 0, 0, 0, 0, 0],
	[0, 0, 0, 0, 0, 0, 0],
	[0, 0, 0, 0, 0, 0, 0],
	[0, 0, 0, 0, 0, 0, 0],
	[0, 0, 0, 0, 0, 0, 0],
	[0, 0, 0, 0, 0, 0, 0],
	[0, 0, 0, 0, 0, 0, 0],
	[0, 0, 0, 0, 0, 0, 0],
	[0, 0, 0, 0, 0, 0, 0],
	[0, 0, 0, 0, 0, 0, 0],
	[0, 0, 0, 0, 0, 0, 0],
	[0, 0, 0, 0, 0, 0, 0],
	[0, 0, 0, 0, 0, 0, 0],
	[0, 0, 0, 0, 0, 0, 0],
	[0, 0, 0, 0, 0, 0, 0],
	[0, 0, 0, 0, 0, 0, 0],
	[0, 0, 0, 0, 0, 0, 0],
	[0, 0, 0, 0, 0, 0, 0],
	[0, 0, 0, 0, 0, 0, 0],
	[0, 0, 0, 0, 0, 0, 0],
	[0, 0, 0, 0, 0, 0, 0],
	[0, 0, 0, 0, 0, 0, 0],
	[0, 0, 0, 0, 0, 0, 0],
	[0, 0, 0, 0, 0, 0, 0],
	[0, 0, 0, 0, 0, 0, 0],
	[1.000000e+06, 0, 0, 0, 0, 0, 0],
	[1.000000e+06, 0, 0, 0, 0, 0, 0],
	[1.000000e+06, 0, 0, 0, 0, 0, 0],
	[1.000000e+06, 0, 0, 0, 0, 0, 0],
	[1.000000e+06, 1.000000e+06, 1.000000e+06, 1.000000e+06, 0, 0, 1.000000e+06],
	[1.000000e+06, 1.000000e+06, 1.000000e+06, 1.000000e+06, 0, 0, 1.000000e+06],
	[1.000000e+06, 1.000000e+06, 1.000000e+06, 1.000000e+06, 0, 0, 1.000000e+06],
	[1.000000e+06, 1.000000e+06, 1.000000e+06, 1.000000e+06, 0, 0, 1.000000e+06],
	[1.000000e+06, 1.000000e+06, 1.000000e+06, 1.000000e+06, 0, 5.479266e-01, 1.000000e+06],
	[1.000000e+06, 1.000000e+06, 1.000000e+06, 1.000000e+06, 0, 5.479266e-01, 1.000000e+06],
	[1.000000e+06, 1.000000e+06, 1.000000e+06, 1.000000e+06, 0, 5.479266e-01, 1.000000e+06],
	[1.000000e+06, 1.000000e+06, 1.000000e+06, 1.000000e+06, 0, 5.479266e-01, 1.000000e+06],
	[1.000000e+06, 1.644548e+00, 1.000000e+06, 1.000000e+06, 1.000000e+06, 3.529812e-01, 1.000000e+06],
	[1.000000e+06, 1.644548e+00, 1.000000e+06, 1.000000e+06, 1.000000e+06, 3.529812e-01, 1.000000e+06],
	[1.000000e+06, 1.644548e+00, 1.000000e+06, 1.000000e+06, 1.000000e+06, 3.529812e-01, 1.000000e+06],
	[1.000000e+06, 1.644548e+00, 1.000000e+06, 1.000000e+06, 1.000000e+06, 3.529812e-01, 1.000000e+06],
	[1.000000e+06, 1.781662e+00, 1.000000e+06, 1.000000e+06, 1.000000e+06, 3.336703e-01, 2.919812e+00],
	[1.000000e+06, 1.781662e+00, 1.000000e+06, 1.000000e+06, 1.000000e+06, 3.336703e-01, 2.919812e+00],
	[1.000000e+06, 1.781662e+00, 1.000000e+06, 1.000000e+06, 1.000000e+06, 3.336703e-01, 2.919812e+00],
	[1.000000e+06, 1.781662e+00, 1.000000e+06, 1.000000e+06, 1.000000e+06, 3.336703e-01, 2.919812e+00],
	[1.000000e+06, 2.097081e+00, 1.000000e+06, 1.000000e+06, 1.000000e+06, 3.210504e-01, 1.448865e+00],
	[1.000000e+06, 2.097081e+00, 1.000000e+06, 1.000000e+06, 1.000000e+06, 3.210504e-01, 1.448865e+00],
	[1.000000e+06, 2.097081e+00, 1.000000e+06, 1.000000e+06, 1.000000e+06, 3.210504e-01, 1.448865e+00],
	[1.000000e+06, 2.097081e+00, 1.000000e+06, 1.000000e+06, 1.000000e+06, 3.210504e-01, 1.448865e+00],
	[1.000000e+06, 2.244298e+00, 1.000000e+06, 1.000000e+06, 1.000000e+06, 2.122531e-01, 1.533535e+00],
	[1.000000e+06, 2.244298e+00, 1.000000e+06, 1.000000e+06, 1.000000e+06, 2.122531e-01, 1.533535e+00],
	[1.000000e+06, 2.244298e+00, 1.000000e+06, 1.000000e+06, 1.000000e+06, 2.122531e-01, 1.533535e+00],
	[1.000000e+06, 2.244298e+00, 1.000000e+06, 1.000000e+06, 1.000000e+06, 2.122531e-01, 1.533535e+00],
	[1.000000e+06, 1.527680e+00, 1.000000e+06, 1.000000e+06, 1.000000e+06, 2.912660e-01, 2.606537e+00],
	[1.000000e+06, 1.527680e+00, 1.000000e+06, 1.000000e+06, 1.000000e+06, 2.912660e-01, 2.606537e+00],
	[1.000000e+06, 1.527680e+00, 1.000000e+06, 1.000000e+06, 1.000000e+06, 2.912660e-01, 2.606537e+00],
	[1.000000e+06, 1.527680e+00, 1.000000e+06, 1.000000e+06, 1.000000e+06, 2.912660e-01, 2.606537e+00],
	[1.000000e+06, 1.950577e+00, 1.000000e+06, 1.000000e+06, 1.000000e+06, 0, 1.000000e+06],
	[1.000000e+06, 1.950577e+00, 1.000000e+06, 1.000000e+06, 1.000000e+06, 0, 1.000000e+06],
	[1.000000e+06, 1.950577e+00, 1.000000e+06, 1.000000e+06, 1.000000e+06, 0, 1.000000e+06],
	[1.000000e+06, 1.950577e+00, 1.000000e+06, 1.000000e+06, 1.000000e+06, 0, 1.000000e+06],
	[1.000000e+06, 0, 1.000000e+06, 1.000000e+06, 1.000000e+06, 0, 1.000000e+06],
	[1.000000e+06, 0, 1.000000e+06, 1.000000e+06, 1.000000e+06, 0, 1.000000e+06],
	[1.000000e+06, 0, 1.000000e+06, 1.000000e+06, 1.000000e+06, 0, 1.000000e+06],
	[1.000000e+06, 0, 1.000000e+06, 1.000000e+06, 1.000000e+06, 0, 1.000000e+06],
	[2.625884e+00, 0, 1.000000e+06, 1.000000e+06, 1.000000e+06, 0, 2.011451e+00],
	[2.625884e+00, 0, 1.000000e+06, 1.000000e+06, 1.000000e+06, 0, 2.011451e+00],
	[2.625884e+00, 0, 1.000000e+06, 1.000000e+06, 1.000000e+06, 0, 2.011451e+00],
	[2.625884e+00, 0, 1.000000e+06, 1.000000e+06, 1.000000e+06, 0, 2.011451e+00],
	[2.495046e+00, 0, 0, 1.000000e+06, 1.000000e+06, 0, 1.000000e+06],
	[2.495046e+00, 0, 0, 1.000000e+06, 1.000000e+06, 0, 1.000000e+06],
	[2.495046e+00, 0, 0, 1.000000e+06, 1.000000e+06, 0, 1.000000e+06],
	[2.495046e+00, 0, 0, 1.000000e+06, 1.000000e+06, 0, 1.000000e+06],
	[0, 0, 0, 0, 0, 0, 0],
	[0, 0, 0, 0, 0, 0, 0],
	[0, 0, 0, 0, 0, 0, 0],
	[0, 0, 0, 0, 0, 0, 0],
	[0, 0, 0, 0, 0, 0, 0],
	[0, 0, 0, 0, 0, 0, 0],
	[0, 0, 0, 0, 0, 0, 0],
	[0, 0, 0, 0, 0, 0, 0],
	[0, 0, 0, 0, 0, 0, 0],
	[0, 0, 0, 0, 0, 0, 0],
	[0, 0, 0, 0, 0, 0, 0],
	[0, 0, 0, 0, 0, 0, 0],
	[0, 0, 0, 0, 0, 0, 0],
	[0, 0, 0, 0, 0, 0, 0],
	[0, 0, 0, 0, 0, 0, 0],
	[0, 0, 0, 0, 0, 0, 0] ]
