3294
SHOE
ACT	1
SHIFT	96
demand [
	[0],
	[0],
	[0],
	[0],
	[0],
	[0],
	[0],
	[0],
	[0],
	[0],
	[0],
	[0],
	[0],
	[0],
	[0],
	[0],
	[0],
	[0],
	[0],
	[0],
	[0],
	[0],
	[0],
	[0],
	[0],
	[0],
	[0],
	[0],
	[0],
	[0],
	[0],
	[0],
	[0],
	[0],
	[0],
	[0],
	[1.00],
	[1.00],
	[1.00],
	[1.00],
	[1.00],
	[1.00],
	[1.00],
	[1.00],
	[2.50],
	[2.50],
	[2.50],
	[2.50],
	[3.25],
	[3.25],
	[3.25],
	[3.25],
	[3.75],
	[3.75],
	[3.75],
	[3.75],
	[3.75],
	[3.75],
	[3.75],
	[3.75],
	[3.50],
	[3.50],
	[3.50],
	[3.50],
	[2.50],
	[2.50],
	[2.50],
	[2.50],
	[0],
	[0],
	[0],
	[0],
	[0],
	[0],
	[0],
	[0],
	[0],
	[0],
	[0],
	[0],
	[0],
	[0],
	[0],
	[0],
	[0],
	[0],
	[0],
	[0],
	[0],
	[0],
	[0],
	[0],
	[0],
	[0],
	[0],
	[0] ]
overcost [
	[0],
	[0],
	[0],
	[0],
	[0],
	[0],
	[0],
	[0],
	[0],
	[0],
	[0],
	[0],
	[0],
	[0],
	[0],
	[0],
	[0],
	[0],
	[0],
	[0],
	[0],
	[0],
	[0],
	[0],
	[0],
	[0],
	[0],
	[0],
	[0],
	[0],
	[0],
	[0],
	[0],
	[0],
	[0],
	[0],
	[9.800348e+00],
	[9.800348e+00],
	[9.800348e+00],
	[9.800348e+00],
	[3.198722e+00],
	[3.198722e+00],
	[3.198722e+00],
	[3.198722e+00],
	[1.201520e+00],
	[1.201520e+00],
	[1.201520e+00],
	[1.201520e+00],
	[7.800241e-01],
	[7.800241e-01],
	[7.800241e-01],
	[7.800241e-01],
	[1.031522e+00],
	[1.031522e+00],
	[1.031522e+00],
	[1.031522e+00],
	[9.371194e-01],
	[9.371194e-01],
	[9.371194e-01],
	[9.371194e-01],
	[1.118679e+00],
	[1.118679e+00],
	[1.118679e+00],
	[1.118679e+00],
	[1.485071e+00],
	[1.485071e+00],
	[1.485071e+00],
	[1.485071e+00],
	[0],
	[0],
	[0],
	[0],
	[0],
	[0],
	[0],
	[0],
	[0],
	[0],
	[0],
	[0],
	[0],
	[0],
	[0],
	[0],
	[0],
	[0],
	[0],
	[0],
	[0],
	[0],
	[0],
	[0],
	[0],
	[0],
	[0],
	[0] ]
undercost [
	[0],
	[0],
	[0],
	[0],
	[0],
	[0],
	[0],
	[0],
	[0],
	[0],
	[0],
	[0],
	[0],
	[0],
	[0],
	[0],
	[0],
	[0],
	[0],
	[0],
	[0],
	[0],
	[0],
	[0],
	[0],
	[0],
	[0],
	[0],
	[0],
	[0],
	[0],
	[0],
	[0],
	[0],
	[0],
	[0],
	[1.000000e+06],
	[1.000000e+06],
	[1.000000e+06],
	[1.000000e+06],
	[1.000000e+06],
	[1.000000e+06],
	[1.000000e+06],
	[1.000000e+06],
	[1.972997e+00],
	[1.972997e+00],
	[1.972997e+00],
	[1.972997e+00],
	[1.636815e+00],
	[1.636815e+00],
	[1.636815e+00],
	[1.636815e+00],
	[9.716193e-01],
	[9.716193e-01],
	[9.716193e-01],
	[9.716193e-01],
	[1.084736e+00],
	[1.084736e+00],
	[1.084736e+00],
	[1.084736e+00],
	[1.030547e+00],
	[1.030547e+00],
	[1.030547e+00],
	[1.030547e+00],
	[1.600421e+00],
	[1.600421e+00],
	[1.600421e+00],
	[1.600421e+00],
	[0],
	[0],
	[0],
	[0],
	[0],
	[0],
	[0],
	[0],
	[0],
	[0],
	[0],
	[0],
	[0],
	[0],
	[0],
	[0],
	[0],
	[0],
	[0],
	[0],
	[0],
	[0],
	[0],
	[0],
	[0],
	[0],
	[0],
	[0] ]
