136 593 999 1010 1301 1905 3734 4052
SHOE
ACT	8
SHIFT	96
demand [
	[0, 0, 0, 0, 0, 0, 0, 0],
	[0, 0, 0, 0, 0, 0, 0, 0],
	[0, 0, 0, 0, 0, 0, 0, 0],
	[0, 0, 0, 0, 0, 0, 0, 0],
	[0, 0, 0, 0, 0, 0, 0, 0],
	[0, 0, 0, 0, 0, 0, 0, 0],
	[0, 0, 0, 0, 0, 0, 0, 0],
	[0, 0, 0, 0, 0, 0, 0, 0],
	[0, 0, 0, 0, 0, 0, 0, 0],
	[0, 0, 0, 0, 0, 0, 0, 0],
	[0, 0, 0, 0, 0, 0, 0, 0],
	[0, 0, 0, 0, 0, 0, 0, 0],
	[0, 0, 0, 0, 0, 0, 0, 0],
	[0, 0, 0, 0, 0, 0, 0, 0],
	[0, 0, 0, 0, 0, 0, 0, 0],
	[0, 0, 0, 0, 0, 0, 0, 0],
	[0, 0, 0, 0, 0, 0, 0, 0],
	[0, 0, 0, 0, 0, 0, 0, 0],
	[0, 0, 0, 0, 0, 0, 0, 0],
	[0, 0, 0, 0, 0, 0, 0, 0],
	[0, 0, 0, 0, 0, 0, 0, 0],
	[0, 0, 0, 0, 0, 0, 0, 0],
	[0, 0, 0, 0, 0, 0, 0, 0],
	[0, 0, 0, 0, 0, 0, 0, 0],
	[0, 0, 0, 0, 0, 0, 0, 0],
	[0, 0, 0, 0, 0, 0, 0, 0],
	[0, 0, 0, 0, 0, 0, 0, 0],
	[0, 0, 0, 0, 0, 0, 0, 0],
	[0, 0, 0, 0, 0, 0, 0, 0],
	[0, 0, 0, 0, 0, 0, 0, 0],
	[0, 0, 0, 0, 0, 0, 0, 0],
	[0, 0, 0, 0, 0, 0, 0, 0],
	[0, 0, 0, 0, 0, 0, 0, 0],
	[0, 0, 0, 0, 0, 0, 0, 0],
	[0, 0, 0, 0, 0, 0, 0, 0],
	[0, 0, 0, 0, 0, 0, 0, 0],
	[1.00, 1.00, 1.00, 0, 1.00, 1.00, 1.00, 1.00],
	[1.00, 1.00, 1.00, 0, 1.00, 1.00, 1.00, 1.00],
	[1.00, 1.00, 1.00, 0, 1.00, 1.00, 1.00, 1.00],
	[1.00, 1.00, 1.00, 0, 1.00, 1.00, 1.00, 1.00],
	[1.00, 1.00, 1.00, 0, 1.00, 1.00, 1.00, 1.00],
	[1.00, 1.00, 1.00, 0, 1.00, 1.00, 1.00, 1.00],
	[1.00, 1.00, 1.00, 0, 1.00, 1.00, 1.00, 1.00],
	[1.00, 1.00, 1.00, 0, 1.00, 1.00, 1.00, 1.00],
	[1.00, 1.00, 1.50, 1.00, 1.00, 1.00, 1.00, 1.00],
	[1.00, 1.00, 1.50, 1.00, 1.00, 1.00, 1.00, 1.00],
	[1.00, 1.00, 1.50, 1.00, 1.00, 1.00, 1.00, 1.00],
	[1.00, 1.00, 1.50, 1.00, 1.00, 1.00, 1.00, 1.00],
	[1.00, 1.25, 1.75, 1.00, 1.25, 1.00, 1.00, 1.00],
	[1.00, 1.25, 1.75, 1.00, 1.25, 1.00, 1.00, 1.00],
	[1.00, 1.25, 1.75, 1.00, 1.25, 1.00, 1.00, 1.00],
	[1.00, 1.25, 1.75, 1.00, 1.25, 1.00, 1.00, 1.00],
	[1.00, 1.25, 2.00, 1.00, 1.25, 1.00, 1.00, 1.00],
	[1.00, 1.25, 2.00, 1.00, 1.25, 1.00, 1.00, 1.00],
	[1.00, 1.25, 2.00, 1.00, 1.25, 1.00, 1.00, 1.00],
	[1.00, 1.25, 2.00, 1.00, 1.25, 1.00, 1.00, 1.00],
	[1.00, 1.25, 2.00, 1.00, 1.25, 1.00, 1.00, 1.00],
	[1.00, 1.25, 2.00, 1.00, 1.25, 1.00, 1.00, 1.00],
	[1.00, 1.25, 2.00, 1.00, 1.25, 1.00, 1.00, 1.00],
	[1.00, 1.25, 2.00, 1.00, 1.25, 1.00, 1.00, 1.00],
	[1.00, 1.25, 2.00, 1.00, 1.25, 1.00, 1.00, 1.00],
	[1.00, 1.25, 2.00, 1.00, 1.25, 1.00, 1.00, 1.00],
	[1.00, 1.25, 2.00, 1.00, 1.25, 1.00, 1.00, 1.00],
	[1.00, 1.25, 2.00, 1.00, 1.25, 1.00, 1.00, 1.00],
	[1.00, 1.00, 1.50, 0, 1.00, 1.00, 1.00, 1.00],
	[1.00, 1.00, 1.50, 0, 1.00, 1.00, 1.00, 1.00],
	[1.00, 1.00, 1.50, 0, 1.00, 1.00, 1.00, 1.00],
	[1.00, 1.00, 1.50, 0, 1.00, 1.00, 1.00, 1.00],
	[1.00, 0, 1.75, 0, 0, 1.00, 1.00, 1.00],
	[1.00, 0, 1.75, 0, 0, 1.00, 1.00, 1.00],
	[1.00, 0, 1.75, 0, 0, 1.00, 1.00, 1.00],
	[1.00, 0, 1.75, 0, 0, 1.00, 1.00, 1.00],
	[1.00, 0, 2.00, 0, 1.25, 1.00, 1.00, 0],
	[1.00, 0, 2.00, 0, 1.25, 1.00, 1.00, 0],
	[1.00, 0, 2.00, 0, 1.25, 1.00, 1.00, 0],
	[1.00, 0, 2.00, 0, 1.25, 1.00, 1.00, 0],
	[1.00, 0, 1.75, 0, 1.25, 1.00, 1.00, 0],
	[1.00, 0, 1.75, 0, 1.25, 1.00, 1.00, 0],
	[1.00, 0, 1.75, 0, 1.25, 1.00, 1.00, 0],
	[1.00, 0, 1.75, 0, 1.25, 1.00, 1.00, 0],
	[0, 0, 0, 0, 0, 0, 0, 0],
	[0, 0, 0, 0, 0, 0, 0, 0],
	[0, 0, 0, 0, 0, 0, 0, 0],
	[0, 0, 0, 0, 0, 0, 0, 0],
	[0, 0, 0, 0, 0, 0, 0, 0],
	[0, 0, 0, 0, 0, 0, 0, 0],
	[0, 0, 0, 0, 0, 0, 0, 0],
	[0, 0, 0, 0, 0, 0, 0, 0],
	[0, 0, 0, 0, 0, 0, 0, 0],
	[0, 0, 0, 0, 0, 0, 0, 0],
	[0, 0, 0, 0, 0, 0, 0, 0],
	[0, 0, 0, 0, 0, 0, 0, 0],
	[0, 0, 0, 0, 0, 0, 0, 0],
	[0, 0, 0, 0, 0, 0, 0, 0],
	[0, 0, 0, 0, 0, 0, 0, 0],
	[0, 0, 0, 0, 0, 0, 0, 0] ]
overcost [
	[0, 0, 0, 0, 0, 0, 0, 0],
	[0, 0, 0, 0, 0, 0, 0, 0],
	[0, 0, 0, 0, 0, 0, 0, 0],
	[0, 0, 0, 0, 0, 0, 0, 0],
	[0, 0, 0, 0, 0, 0, 0, 0],
	[0, 0, 0, 0, 0, 0, 0, 0],
	[0, 0, 0, 0, 0, 0, 0, 0],
	[0, 0, 0, 0, 0, 0, 0, 0],
	[0, 0, 0, 0, 0, 0, 0, 0],
	[0, 0, 0, 0, 0, 0, 0, 0],
	[0, 0, 0, 0, 0, 0, 0, 0],
	[0, 0, 0, 0, 0, 0, 0, 0],
	[0, 0, 0, 0, 0, 0, 0, 0],
	[0, 0, 0, 0, 0, 0, 0, 0],
	[0, 0, 0, 0, 0, 0, 0, 0],
	[0, 0, 0, 0, 0, 0, 0, 0],
	[0, 0, 0, 0, 0, 0, 0, 0],
	[0, 0, 0, 0, 0, 0, 0, 0],
	[0, 0, 0, 0, 0, 0, 0, 0],
	[0, 0, 0, 0, 0, 0, 0, 0],
	[0, 0, 0, 0, 0, 0, 0, 0],
	[0, 0, 0, 0, 0, 0, 0, 0],
	[0, 0, 0, 0, 0, 0, 0, 0],
	[0, 0, 0, 0, 0, 0, 0, 0],
	[0, 0, 0, 0, 0, 0, 0, 0],
	[0, 0, 0, 0, 0, 0, 0, 0],
	[0, 0, 0, 0, 0, 0, 0, 0],
	[0, 0, 0, 0, 0, 0, 0, 0],
	[0, 0, 0, 0, 0, 0, 0, 0],
	[0, 0, 0, 0, 0, 0, 0, 0],
	[0, 0, 0, 0, 0, 0, 0, 0],
	[0, 0, 0, 0, 0, 0, 0, 0],
	[0, 0, 0, 0, 0, 0, 0, 0],
	[0, 0, 0, 0, 0, 0, 0, 0],
	[0, 0, 0, 0, 0, 0, 0, 0],
	[0, 0, 0, 0, 0, 0, 0, 0],
	[6.228764e+00, 8.176997e+00, 4.888760e+00, 0, 4.938231e+00, 6.153694e+00, 9.448107e+00, 6.995114e+00],
	[6.228764e+00, 8.176997e+00, 4.888760e+00, 0, 4.938231e+00, 6.153694e+00, 9.448107e+00, 6.995114e+00],
	[6.228764e+00, 8.176997e+00, 4.888760e+00, 0, 4.938231e+00, 6.153694e+00, 9.448107e+00, 6.995114e+00],
	[6.228764e+00, 8.176997e+00, 4.888760e+00, 0, 4.938231e+00, 6.153694e+00, 9.448107e+00, 6.995114e+00],
	[5.102206e+00, 6.044546e+00, 2.844959e+00, 0, 3.764887e+00, 5.102152e+00, 9.411569e+00, 5.508949e+00],
	[5.102206e+00, 6.044546e+00, 2.844959e+00, 0, 3.764887e+00, 5.102152e+00, 9.411569e+00, 5.508949e+00],
	[5.102206e+00, 6.044546e+00, 2.844959e+00, 0, 3.764887e+00, 5.102152e+00, 9.411569e+00, 5.508949e+00],
	[5.102206e+00, 6.044546e+00, 2.844959e+00, 0, 3.764887e+00, 5.102152e+00, 9.411569e+00, 5.508949e+00],
	[3.292010e+00, 2.877454e+00, 1.649554e+00, 4.903573e+00, 1.787840e+00, 3.329397e+00, 9.340834e+00, 3.128684e+00],
	[3.292010e+00, 2.877454e+00, 1.649554e+00, 4.903573e+00, 1.787840e+00, 3.329397e+00, 9.340834e+00, 3.128684e+00],
	[3.292010e+00, 2.877454e+00, 1.649554e+00, 4.903573e+00, 1.787840e+00, 3.329397e+00, 9.340834e+00, 3.128684e+00],
	[3.292010e+00, 2.877454e+00, 1.649554e+00, 4.903573e+00, 1.787840e+00, 3.329397e+00, 9.340834e+00, 3.128684e+00],
	[2.697436e+00, 2.613770e+00, 1.462992e+00, 3.718177e+00, 2.191401e+00, 2.835741e+00, 4.535648e+00, 2.308398e+00],
	[2.697436e+00, 2.613770e+00, 1.462992e+00, 3.718177e+00, 2.191401e+00, 2.835741e+00, 4.535648e+00, 2.308398e+00],
	[2.697436e+00, 2.613770e+00, 1.462992e+00, 3.718177e+00, 2.191401e+00, 2.835741e+00, 4.535648e+00, 2.308398e+00],
	[2.697436e+00, 2.613770e+00, 1.462992e+00, 3.718177e+00, 2.191401e+00, 2.835741e+00, 4.535648e+00, 2.308398e+00],
	[2.413523e+00, 2.168624e+00, 1.753345e+00, 3.289449e+00, 1.906603e+00, 2.551177e+00, 3.337340e+00, 1.932164e+00],
	[2.413523e+00, 2.168624e+00, 1.753345e+00, 3.289449e+00, 1.906603e+00, 2.551177e+00, 3.337340e+00, 1.932164e+00],
	[2.413523e+00, 2.168624e+00, 1.753345e+00, 3.289449e+00, 1.906603e+00, 2.551177e+00, 3.337340e+00, 1.932164e+00],
	[2.413523e+00, 2.168624e+00, 1.753345e+00, 3.289449e+00, 1.906603e+00, 2.551177e+00, 3.337340e+00, 1.932164e+00],
	[2.341029e+00, 2.057501e+00, 1.637239e+00, 3.216576e+00, 1.802868e+00, 2.444659e+00, 3.323430e+00, 1.828945e+00],
	[2.341029e+00, 2.057501e+00, 1.637239e+00, 3.216576e+00, 1.802868e+00, 2.444659e+00, 3.323430e+00, 1.828945e+00],
	[2.341029e+00, 2.057501e+00, 1.637239e+00, 3.216576e+00, 1.802868e+00, 2.444659e+00, 3.323430e+00, 1.828945e+00],
	[2.341029e+00, 2.057501e+00, 1.637239e+00, 3.216576e+00, 1.802868e+00, 2.444659e+00, 3.323430e+00, 1.828945e+00],
	[2.455331e+00, 2.387541e+00, 1.810305e+00, 3.613791e+00, 1.804265e+00, 2.448853e+00, 5.727448e+00, 1.992591e+00],
	[2.455331e+00, 2.387541e+00, 1.810305e+00, 3.613791e+00, 1.804265e+00, 2.448853e+00, 5.727448e+00, 1.992591e+00],
	[2.455331e+00, 2.387541e+00, 1.810305e+00, 3.613791e+00, 1.804265e+00, 2.448853e+00, 5.727448e+00, 1.992591e+00],
	[2.455331e+00, 2.387541e+00, 1.810305e+00, 3.613791e+00, 1.804265e+00, 2.448853e+00, 5.727448e+00, 1.992591e+00],
	[3.275950e+00, 2.917597e+00, 1.577219e+00, 0, 1.648026e+00, 3.198981e+00, 9.290786e+00, 3.095591e+00],
	[3.275950e+00, 2.917597e+00, 1.577219e+00, 0, 1.648026e+00, 3.198981e+00, 9.290786e+00, 3.095591e+00],
	[3.275950e+00, 2.917597e+00, 1.577219e+00, 0, 1.648026e+00, 3.198981e+00, 9.290786e+00, 3.095591e+00],
	[3.275950e+00, 2.917597e+00, 1.577219e+00, 0, 1.648026e+00, 3.198981e+00, 9.290786e+00, 3.095591e+00],
	[2.898441e+00, 0, 1.809784e+00, 0, 0, 2.841759e+00, 9.281697e+00, 2.604604e+00],
	[2.898441e+00, 0, 1.809784e+00, 0, 0, 2.841759e+00, 9.281697e+00, 2.604604e+00],
	[2.898441e+00, 0, 1.809784e+00, 0, 0, 2.841759e+00, 9.281697e+00, 2.604604e+00],
	[2.898441e+00, 0, 1.809784e+00, 0, 0, 2.841759e+00, 9.281697e+00, 2.604604e+00],
	[2.117863e+00, 0, 1.454887e+00, 0, 1.442045e+00, 2.098351e+00, 5.205735e+00, 0],
	[2.117863e+00, 0, 1.454887e+00, 0, 1.442045e+00, 2.098351e+00, 5.205735e+00, 0],
	[2.117863e+00, 0, 1.454887e+00, 0, 1.442045e+00, 2.098351e+00, 5.205735e+00, 0],
	[2.117863e+00, 0, 1.454887e+00, 0, 1.442045e+00, 2.098351e+00, 5.205735e+00, 0],
	[2.358316e+00, 0, 1.245173e+00, 0, 1.448130e+00, 2.128089e+00, 9.139507e+00, 0],
	[2.358316e+00, 0, 1.245173e+00, 0, 1.448130e+00, 2.128089e+00, 9.139507e+00, 0],
	[2.358316e+00, 0, 1.245173e+00, 0, 1.448130e+00, 2.128089e+00, 9.139507e+00, 0],
	[2.358316e+00, 0, 1.245173e+00, 0, 1.448130e+00, 2.128089e+00, 9.139507e+00, 0],
	[0, 0, 0, 0, 0, 0, 0, 0],
	[0, 0, 0, 0, 0, 0, 0, 0],
	[0, 0, 0, 0, 0, 0, 0, 0],
	[0, 0, 0, 0, 0, 0, 0, 0],
	[0, 0, 0, 0, 0, 0, 0, 0],
	[0, 0, 0, 0, 0, 0, 0, 0],
	[0, 0, 0, 0, 0, 0, 0, 0],
	[0, 0, 0, 0, 0, 0, 0, 0],
	[0, 0, 0, 0, 0, 0, 0, 0],
	[0, 0, 0, 0, 0, 0, 0, 0],
	[0, 0, 0, 0, 0, 0, 0, 0],
	[0, 0, 0, 0, 0, 0, 0, 0],
	[0, 0, 0, 0, 0, 0, 0, 0],
	[0, 0, 0, 0, 0, 0, 0, 0],
	[0, 0, 0, 0, 0, 0, 0, 0],
	[0, 0, 0, 0, 0, 0, 0, 0] ]
undercost [
	[0, 0, 0, 0, 0, 0, 0, 0],
	[0, 0, 0, 0, 0, 0, 0, 0],
	[0, 0, 0, 0, 0, 0, 0, 0],
	[0, 0, 0, 0, 0, 0, 0, 0],
	[0, 0, 0, 0, 0, 0, 0, 0],
	[0, 0, 0, 0, 0, 0, 0, 0],
	[0, 0, 0, 0, 0, 0, 0, 0],
	[0, 0, 0, 0, 0, 0, 0, 0],
	[0, 0, 0, 0, 0, 0, 0, 0],
	[0, 0, 0, 0, 0, 0, 0, 0],
	[0, 0, 0, 0, 0, 0, 0, 0],
	[0, 0, 0, 0, 0, 0, 0, 0],
	[0, 0, 0, 0, 0, 0, 0, 0],
	[0, 0, 0, 0, 0, 0, 0, 0],
	[0, 0, 0, 0, 0, 0, 0, 0],
	[0, 0, 0, 0, 0, 0, 0, 0],
	[0, 0, 0, 0, 0, 0, 0, 0],
	[0, 0, 0, 0, 0, 0, 0, 0],
	[0, 0, 0, 0, 0, 0, 0, 0],
	[0, 0, 0, 0, 0, 0, 0, 0],
	[0, 0, 0, 0, 0, 0, 0, 0],
	[0, 0, 0, 0, 0, 0, 0, 0],
	[0, 0, 0, 0, 0, 0, 0, 0],
	[0, 0, 0, 0, 0, 0, 0, 0],
	[0, 0, 0, 0, 0, 0, 0, 0],
	[0, 0, 0, 0, 0, 0, 0, 0],
	[0, 0, 0, 0, 0, 0, 0, 0],
	[0, 0, 0, 0, 0, 0, 0, 0],
	[0, 0, 0, 0, 0, 0, 0, 0],
	[0, 0, 0, 0, 0, 0, 0, 0],
	[0, 0, 0, 0, 0, 0, 0, 0],
	[0, 0, 0, 0, 0, 0, 0, 0],
	[0, 0, 0, 0, 0, 0, 0, 0],
	[0, 0, 0, 0, 0, 0, 0, 0],
	[0, 0, 0, 0, 0, 0, 0, 0],
	[0, 0, 0, 0, 0, 0, 0, 0],
	[1.000000e+06, 1.000000e+06, 1.000000e+06, 0, 1.000000e+06, 1.000000e+06, 1.000000e+06, 1.000000e+06],
	[1.000000e+06, 1.000000e+06, 1.000000e+06, 0, 1.000000e+06, 1.000000e+06, 1.000000e+06, 1.000000e+06],
	[1.000000e+06, 1.000000e+06, 1.000000e+06, 0, 1.000000e+06, 1.000000e+06, 1.000000e+06, 1.000000e+06],
	[1.000000e+06, 1.000000e+06, 1.000000e+06, 0, 1.000000e+06, 1.000000e+06, 1.000000e+06, 1.000000e+06],
	[1.000000e+06, 1.000000e+06, 1.000000e+06, 0, 1.000000e+06, 1.000000e+06, 1.000000e+06, 1.000000e+06],
	[1.000000e+06, 1.000000e+06, 1.000000e+06, 0, 1.000000e+06, 1.000000e+06, 1.000000e+06, 1.000000e+06],
	[1.000000e+06, 1.000000e+06, 1.000000e+06, 0, 1.000000e+06, 1.000000e+06, 1.000000e+06, 1.000000e+06],
	[1.000000e+06, 1.000000e+06, 1.000000e+06, 0, 1.000000e+06, 1.000000e+06, 1.000000e+06, 1.000000e+06],
	[1.000000e+06, 1.000000e+06, 1.000000e+06, 1.000000e+06, 1.000000e+06, 1.000000e+06, 1.000000e+06, 1.000000e+06],
	[1.000000e+06, 1.000000e+06, 1.000000e+06, 1.000000e+06, 1.000000e+06, 1.000000e+06, 1.000000e+06, 1.000000e+06],
	[1.000000e+06, 1.000000e+06, 1.000000e+06, 1.000000e+06, 1.000000e+06, 1.000000e+06, 1.000000e+06, 1.000000e+06],
	[1.000000e+06, 1.000000e+06, 1.000000e+06, 1.000000e+06, 1.000000e+06, 1.000000e+06, 1.000000e+06, 1.000000e+06],
	[1.000000e+06, 1.000000e+06, 1.000000e+06, 1.000000e+06, 1.000000e+06, 1.000000e+06, 1.000000e+06, 1.000000e+06],
	[1.000000e+06, 1.000000e+06, 1.000000e+06, 1.000000e+06, 1.000000e+06, 1.000000e+06, 1.000000e+06, 1.000000e+06],
	[1.000000e+06, 1.000000e+06, 1.000000e+06, 1.000000e+06, 1.000000e+06, 1.000000e+06, 1.000000e+06, 1.000000e+06],
	[1.000000e+06, 1.000000e+06, 1.000000e+06, 1.000000e+06, 1.000000e+06, 1.000000e+06, 1.000000e+06, 1.000000e+06],
	[1.000000e+06, 1.000000e+06, 2.157354e+00, 1.000000e+06, 1.000000e+06, 1.000000e+06, 1.000000e+06, 1.000000e+06],
	[1.000000e+06, 1.000000e+06, 2.157354e+00, 1.000000e+06, 1.000000e+06, 1.000000e+06, 1.000000e+06, 1.000000e+06],
	[1.000000e+06, 1.000000e+06, 2.157354e+00, 1.000000e+06, 1.000000e+06, 1.000000e+06, 1.000000e+06, 1.000000e+06],
	[1.000000e+06, 1.000000e+06, 2.157354e+00, 1.000000e+06, 1.000000e+06, 1.000000e+06, 1.000000e+06, 1.000000e+06],
	[1.000000e+06, 1.000000e+06, 2.322267e+00, 1.000000e+06, 1.000000e+06, 1.000000e+06, 1.000000e+06, 1.000000e+06],
	[1.000000e+06, 1.000000e+06, 2.322267e+00, 1.000000e+06, 1.000000e+06, 1.000000e+06, 1.000000e+06, 1.000000e+06],
	[1.000000e+06, 1.000000e+06, 2.322267e+00, 1.000000e+06, 1.000000e+06, 1.000000e+06, 1.000000e+06, 1.000000e+06],
	[1.000000e+06, 1.000000e+06, 2.322267e+00, 1.000000e+06, 1.000000e+06, 1.000000e+06, 1.000000e+06, 1.000000e+06],
	[1.000000e+06, 1.000000e+06, 2.084125e+00, 1.000000e+06, 1.000000e+06, 1.000000e+06, 1.000000e+06, 1.000000e+06],
	[1.000000e+06, 1.000000e+06, 2.084125e+00, 1.000000e+06, 1.000000e+06, 1.000000e+06, 1.000000e+06, 1.000000e+06],
	[1.000000e+06, 1.000000e+06, 2.084125e+00, 1.000000e+06, 1.000000e+06, 1.000000e+06, 1.000000e+06, 1.000000e+06],
	[1.000000e+06, 1.000000e+06, 2.084125e+00, 1.000000e+06, 1.000000e+06, 1.000000e+06, 1.000000e+06, 1.000000e+06],
	[1.000000e+06, 1.000000e+06, 1.000000e+06, 0, 1.000000e+06, 1.000000e+06, 1.000000e+06, 1.000000e+06],
	[1.000000e+06, 1.000000e+06, 1.000000e+06, 0, 1.000000e+06, 1.000000e+06, 1.000000e+06, 1.000000e+06],
	[1.000000e+06, 1.000000e+06, 1.000000e+06, 0, 1.000000e+06, 1.000000e+06, 1.000000e+06, 1.000000e+06],
	[1.000000e+06, 1.000000e+06, 1.000000e+06, 0, 1.000000e+06, 1.000000e+06, 1.000000e+06, 1.000000e+06],
	[1.000000e+06, 0, 1.000000e+06, 0, 0, 1.000000e+06, 1.000000e+06, 1.000000e+06],
	[1.000000e+06, 0, 1.000000e+06, 0, 0, 1.000000e+06, 1.000000e+06, 1.000000e+06],
	[1.000000e+06, 0, 1.000000e+06, 0, 0, 1.000000e+06, 1.000000e+06, 1.000000e+06],
	[1.000000e+06, 0, 1.000000e+06, 0, 0, 1.000000e+06, 1.000000e+06, 1.000000e+06],
	[1.000000e+06, 0, 2.591223e+00, 0, 1.000000e+06, 1.000000e+06, 1.000000e+06, 0],
	[1.000000e+06, 0, 2.591223e+00, 0, 1.000000e+06, 1.000000e+06, 1.000000e+06, 0],
	[1.000000e+06, 0, 2.591223e+00, 0, 1.000000e+06, 1.000000e+06, 1.000000e+06, 0],
	[1.000000e+06, 0, 2.591223e+00, 0, 1.000000e+06, 1.000000e+06, 1.000000e+06, 0],
	[1.000000e+06, 0, 1.000000e+06, 0, 1.000000e+06, 1.000000e+06, 1.000000e+06, 0],
	[1.000000e+06, 0, 1.000000e+06, 0, 1.000000e+06, 1.000000e+06, 1.000000e+06, 0],
	[1.000000e+06, 0, 1.000000e+06, 0, 1.000000e+06, 1.000000e+06, 1.000000e+06, 0],
	[1.000000e+06, 0, 1.000000e+06, 0, 1.000000e+06, 1.000000e+06, 1.000000e+06, 0],
	[0, 0, 0, 0, 0, 0, 0, 0],
	[0, 0, 0, 0, 0, 0, 0, 0],
	[0, 0, 0, 0, 0, 0, 0, 0],
	[0, 0, 0, 0, 0, 0, 0, 0],
	[0, 0, 0, 0, 0, 0, 0, 0],
	[0, 0, 0, 0, 0, 0, 0, 0],
	[0, 0, 0, 0, 0, 0, 0, 0],
	[0, 0, 0, 0, 0, 0, 0, 0],
	[0, 0, 0, 0, 0, 0, 0, 0],
	[0, 0, 0, 0, 0, 0, 0, 0],
	[0, 0, 0, 0, 0, 0, 0, 0],
	[0, 0, 0, 0, 0, 0, 0, 0],
	[0, 0, 0, 0, 0, 0, 0, 0],
	[0, 0, 0, 0, 0, 0, 0, 0],
	[0, 0, 0, 0, 0, 0, 0, 0],
	[0, 0, 0, 0, 0, 0, 0, 0] ]
