1185 1878 2125
SHOE
ACT	3
SHIFT	96
demand [
	[0, 0, 0],
	[0, 0, 0],
	[0, 0, 0],
	[0, 0, 0],
	[0, 0, 0],
	[0, 0, 0],
	[0, 0, 0],
	[0, 0, 0],
	[0, 0, 0],
	[0, 0, 0],
	[0, 0, 0],
	[0, 0, 0],
	[0, 0, 0],
	[0, 0, 0],
	[0, 0, 0],
	[0, 0, 0],
	[0, 0, 0],
	[0, 0, 0],
	[0, 0, 0],
	[0, 0, 0],
	[0, 0, 0],
	[0, 0, 0],
	[0, 0, 0],
	[0, 0, 0],
	[0, 0, 0],
	[0, 0, 0],
	[0, 0, 0],
	[0, 0, 0],
	[0, 0, 0],
	[0, 0, 0],
	[0, 0, 0],
	[0, 0, 0],
	[0, 0, 1.00],
	[0, 0, 1.00],
	[0, 0, 1.00],
	[0, 0, 1.00],
	[0, 0, 0],
	[0, 0, 0],
	[0, 0, 0],
	[0, 0, 0],
	[1.00, 1.50, 0],
	[1.00, 1.50, 0],
	[1.00, 1.50, 0],
	[1.00, 1.50, 0],
	[1.00, 2.00, 0],
	[1.00, 2.00, 0],
	[1.00, 2.00, 0],
	[1.00, 2.00, 0],
	[1.00, 2.25, 0],
	[1.00, 2.25, 0],
	[1.00, 2.25, 0],
	[1.00, 2.25, 0],
	[1.25, 2.25, 0],
	[1.25, 2.25, 0],
	[1.25, 2.25, 0],
	[1.25, 2.25, 0],
	[1.25, 2.25, 0],
	[1.25, 2.25, 0],
	[1.25, 2.25, 0],
	[1.25, 2.25, 0],
	[1.00, 2.25, 2.50],
	[1.00, 2.25, 2.50],
	[1.00, 2.25, 2.50],
	[1.00, 2.25, 2.50],
	[1.00, 2.25, 0],
	[1.00, 2.25, 0],
	[1.00, 2.25, 0],
	[1.00, 2.25, 0],
	[1.00, 2.25, 0],
	[1.00, 2.25, 0],
	[1.00, 2.25, 0],
	[1.00, 2.25, 0],
	[1.25, 2.50, 0],
	[1.25, 2.50, 0],
	[1.25, 2.50, 0],
	[1.25, 2.50, 0],
	[1.00, 2.75, 0],
	[1.00, 2.75, 0],
	[1.00, 2.75, 0],
	[1.00, 2.75, 0],
	[0, 0, 0],
	[0, 0, 0],
	[0, 0, 0],
	[0, 0, 0],
	[0, 0, 0],
	[0, 0, 0],
	[0, 0, 0],
	[0, 0, 0],
	[0, 0, 0],
	[0, 0, 0],
	[0, 0, 0],
	[0, 0, 0],
	[0, 0, 0],
	[0, 0, 0],
	[0, 0, 0],
	[0, 0, 0] ]
overcost [
	[0, 0, 0],
	[0, 0, 0],
	[0, 0, 0],
	[0, 0, 0],
	[0, 0, 0],
	[0, 0, 0],
	[0, 0, 0],
	[0, 0, 0],
	[0, 0, 0],
	[0, 0, 0],
	[0, 0, 0],
	[0, 0, 0],
	[0, 0, 0],
	[0, 0, 0],
	[0, 0, 0],
	[0, 0, 0],
	[0, 0, 0],
	[0, 0, 0],
	[0, 0, 0],
	[0, 0, 0],
	[0, 0, 0],
	[0, 0, 0],
	[0, 0, 0],
	[0, 0, 0],
	[0, 0, 0],
	[0, 0, 0],
	[0, 0, 0],
	[0, 0, 0],
	[0, 0, 0],
	[0, 0, 0],
	[0, 0, 0],
	[0, 0, 0],
	[0, 0, 4.071725e+00],
	[0, 0, 4.071725e+00],
	[0, 0, 4.071725e+00],
	[0, 0, 4.071725e+00],
	[0, 0, 0],
	[0, 0, 0],
	[0, 0, 0],
	[0, 0, 0],
	[7.939123e+00, 1.626084e+00, 0],
	[7.939123e+00, 1.626084e+00, 0],
	[7.939123e+00, 1.626084e+00, 0],
	[7.939123e+00, 1.626084e+00, 0],
	[3.570929e+00, 1.237349e+00, 0],
	[3.570929e+00, 1.237349e+00, 0],
	[3.570929e+00, 1.237349e+00, 0],
	[3.570929e+00, 1.237349e+00, 0],
	[1.755438e+00, 1.608374e+00, 0],
	[1.755438e+00, 1.608374e+00, 0],
	[1.755438e+00, 1.608374e+00, 0],
	[1.755438e+00, 1.608374e+00, 0],
	[2.045812e+00, 1.351826e+00, 0],
	[2.045812e+00, 1.351826e+00, 0],
	[2.045812e+00, 1.351826e+00, 0],
	[2.045812e+00, 1.351826e+00, 0],
	[1.981207e+00, 1.229378e+00, 0],
	[1.981207e+00, 1.229378e+00, 0],
	[1.981207e+00, 1.229378e+00, 0],
	[1.981207e+00, 1.229378e+00, 0],
	[1.800216e+00, 1.067632e+00, 1.431771e+00],
	[1.800216e+00, 1.067632e+00, 1.431771e+00],
	[1.800216e+00, 1.067632e+00, 1.431771e+00],
	[1.800216e+00, 1.067632e+00, 1.431771e+00],
	[3.904196e+00, 1.624181e+00, 0],
	[3.904196e+00, 1.624181e+00, 0],
	[3.904196e+00, 1.624181e+00, 0],
	[3.904196e+00, 1.624181e+00, 0],
	[3.073528e+00, 1.303795e+00, 0],
	[3.073528e+00, 1.303795e+00, 0],
	[3.073528e+00, 1.303795e+00, 0],
	[3.073528e+00, 1.303795e+00, 0],
	[2.205809e+00, 1.256071e+00, 0],
	[2.205809e+00, 1.256071e+00, 0],
	[2.205809e+00, 1.256071e+00, 0],
	[2.205809e+00, 1.256071e+00, 0],
	[3.111035e+00, 1.428858e+00, 0],
	[3.111035e+00, 1.428858e+00, 0],
	[3.111035e+00, 1.428858e+00, 0],
	[3.111035e+00, 1.428858e+00, 0],
	[0, 0, 0],
	[0, 0, 0],
	[0, 0, 0],
	[0, 0, 0],
	[0, 0, 0],
	[0, 0, 0],
	[0, 0, 0],
	[0, 0, 0],
	[0, 0, 0],
	[0, 0, 0],
	[0, 0, 0],
	[0, 0, 0],
	[0, 0, 0],
	[0, 0, 0],
	[0, 0, 0],
	[0, 0, 0] ]
undercost [
	[0, 0, 0],
	[0, 0, 0],
	[0, 0, 0],
	[0, 0, 0],
	[0, 0, 0],
	[0, 0, 0],
	[0, 0, 0],
	[0, 0, 0],
	[0, 0, 0],
	[0, 0, 0],
	[0, 0, 0],
	[0, 0, 0],
	[0, 0, 0],
	[0, 0, 0],
	[0, 0, 0],
	[0, 0, 0],
	[0, 0, 0],
	[0, 0, 0],
	[0, 0, 0],
	[0, 0, 0],
	[0, 0, 0],
	[0, 0, 0],
	[0, 0, 0],
	[0, 0, 0],
	[0, 0, 0],
	[0, 0, 0],
	[0, 0, 0],
	[0, 0, 0],
	[0, 0, 0],
	[0, 0, 0],
	[0, 0, 0],
	[0, 0, 0],
	[0, 0, 1.000000e+06],
	[0, 0, 1.000000e+06],
	[0, 0, 1.000000e+06],
	[0, 0, 1.000000e+06],
	[0, 0, 0],
	[0, 0, 0],
	[0, 0, 0],
	[0, 0, 0],
	[1.000000e+06, 1.000000e+06, 0],
	[1.000000e+06, 1.000000e+06, 0],
	[1.000000e+06, 1.000000e+06, 0],
	[1.000000e+06, 1.000000e+06, 0],
	[1.000000e+06, 2.894358e+00, 0],
	[1.000000e+06, 2.894358e+00, 0],
	[1.000000e+06, 2.894358e+00, 0],
	[1.000000e+06, 2.894358e+00, 0],
	[1.000000e+06, 1.800302e+00, 0],
	[1.000000e+06, 1.800302e+00, 0],
	[1.000000e+06, 1.800302e+00, 0],
	[1.000000e+06, 1.800302e+00, 0],
	[1.000000e+06, 2.145410e+00, 0],
	[1.000000e+06, 2.145410e+00, 0],
	[1.000000e+06, 2.145410e+00, 0],
	[1.000000e+06, 2.145410e+00, 0],
	[1.000000e+06, 2.310745e+00, 0],
	[1.000000e+06, 2.310745e+00, 0],
	[1.000000e+06, 2.310745e+00, 0],
	[1.000000e+06, 2.310745e+00, 0],
	[1.000000e+06, 2.538121e+00, 1.664193e+00],
	[1.000000e+06, 2.538121e+00, 1.664193e+00],
	[1.000000e+06, 2.538121e+00, 1.664193e+00],
	[1.000000e+06, 2.538121e+00, 1.664193e+00],
	[1.000000e+06, 1.794686e+00, 0],
	[1.000000e+06, 1.794686e+00, 0],
	[1.000000e+06, 1.794686e+00, 0],
	[1.000000e+06, 1.794686e+00, 0],
	[1.000000e+06, 2.227715e+00, 0],
	[1.000000e+06, 2.227715e+00, 0],
	[1.000000e+06, 2.227715e+00, 0],
	[1.000000e+06, 2.227715e+00, 0],
	[1.000000e+06, 1.857938e+00, 0],
	[1.000000e+06, 1.857938e+00, 0],
	[1.000000e+06, 1.857938e+00, 0],
	[1.000000e+06, 1.857938e+00, 0],
	[1.000000e+06, 1.314002e+00, 0],
	[1.000000e+06, 1.314002e+00, 0],
	[1.000000e+06, 1.314002e+00, 0],
	[1.000000e+06, 1.314002e+00, 0],
	[0, 0, 0],
	[0, 0, 0],
	[0, 0, 0],
	[0, 0, 0],
	[0, 0, 0],
	[0, 0, 0],
	[0, 0, 0],
	[0, 0, 0],
	[0, 0, 0],
	[0, 0, 0],
	[0, 0, 0],
	[0, 0, 0],
	[0, 0, 0],
	[0, 0, 0],
	[0, 0, 0],
	[0, 0, 0] ]
