1267 2368 2620 2653 2897 4185
SHOE
ACT	6
SHIFT	96
demand [
	[0, 0, 0, 0, 0, 0],
	[0, 0, 0, 0, 0, 0],
	[0, 0, 0, 0, 0, 0],
	[0, 0, 0, 0, 0, 0],
	[0, 0, 0, 0, 0, 0],
	[0, 0, 0, 0, 0, 0],
	[0, 0, 0, 0, 0, 0],
	[0, 0, 0, 0, 0, 0],
	[0, 0, 0, 0, 0, 0],
	[0, 0, 0, 0, 0, 0],
	[0, 0, 0, 0, 0, 0],
	[0, 0, 0, 0, 0, 0],
	[0, 0, 0, 0, 0, 0],
	[0, 0, 0, 0, 0, 0],
	[0, 0, 0, 0, 0, 0],
	[0, 0, 0, 0, 0, 0],
	[0, 0, 0, 0, 0, 0],
	[0, 0, 0, 0, 0, 0],
	[0, 0, 0, 0, 0, 0],
	[0, 0, 0, 0, 0, 0],
	[0, 0, 0, 0, 0, 0],
	[0, 0, 0, 0, 0, 0],
	[0, 0, 0, 0, 0, 0],
	[0, 0, 0, 0, 0, 0],
	[0, 0, 0, 0, 0, 0],
	[0, 0, 0, 0, 0, 0],
	[0, 0, 0, 0, 0, 0],
	[0, 0, 0, 0, 0, 0],
	[0, 0, 0, 0, 0, 0],
	[0, 0, 0, 0, 0, 0],
	[0, 0, 0, 0, 0, 0],
	[0, 0, 0, 0, 0, 0],
	[0, 0, 0, 0, 1.00, 0],
	[0, 0, 0, 0, 1.00, 0],
	[0, 0, 0, 0, 1.00, 0],
	[0, 0, 0, 0, 1.00, 0],
	[1.00, 1.00, 0, 0, 1.50, 1.00],
	[1.00, 1.00, 0, 0, 1.50, 1.00],
	[1.00, 1.00, 0, 0, 1.50, 1.00],
	[1.00, 1.00, 0, 0, 1.50, 1.00],
	[1.00, 1.00, 1.00, 0, 1.75, 0],
	[1.00, 1.00, 1.00, 0, 1.75, 0],
	[1.00, 1.00, 1.00, 0, 1.75, 0],
	[1.00, 1.00, 1.00, 0, 1.75, 0],
	[1.25, 1.00, 1.00, 3.50, 2.25, 1.00],
	[1.25, 1.00, 1.00, 3.50, 2.25, 1.00],
	[1.25, 1.00, 1.00, 3.50, 2.25, 1.00],
	[1.25, 1.00, 1.00, 3.50, 2.25, 1.00],
	[1.25, 1.25, 0, 4.00, 2.25, 1.00],
	[1.25, 1.25, 0, 4.00, 2.25, 1.00],
	[1.25, 1.25, 0, 4.00, 2.25, 1.00],
	[1.25, 1.25, 0, 4.00, 2.25, 1.00],
	[1.50, 1.25, 1.00, 4.00, 2.25, 1.00],
	[1.50, 1.25, 1.00, 4.00, 2.25, 1.00],
	[1.50, 1.25, 1.00, 4.00, 2.25, 1.00],
	[1.50, 1.25, 1.00, 4.00, 2.25, 1.00],
	[1.50, 1.25, 1.00, 4.25, 2.50, 1.00],
	[1.50, 1.25, 1.00, 4.25, 2.50, 1.00],
	[1.50, 1.25, 1.00, 4.25, 2.50, 1.00],
	[1.50, 1.25, 1.00, 4.25, 2.50, 1.00],
	[1.50, 1.25, 1.00, 4.00, 2.50, 1.00],
	[1.50, 1.25, 1.00, 4.00, 2.50, 1.00],
	[1.50, 1.25, 1.00, 4.00, 2.50, 1.00],
	[1.50, 1.25, 1.00, 4.00, 2.50, 1.00],
	[1.25, 1.00, 1.00, 0, 2.25, 1.00],
	[1.25, 1.00, 1.00, 0, 2.25, 1.00],
	[1.25, 1.00, 1.00, 0, 2.25, 1.00],
	[1.25, 1.00, 1.00, 0, 2.25, 1.00],
	[1.25, 1.25, 1.00, 0, 2.50, 1.00],
	[1.25, 1.25, 1.00, 0, 2.50, 1.00],
	[1.25, 1.25, 1.00, 0, 2.50, 1.00],
	[1.25, 1.25, 1.00, 0, 2.50, 1.00],
	[1.50, 1.25, 1.00, 0, 0, 1.00],
	[1.50, 1.25, 1.00, 0, 0, 1.00],
	[1.50, 1.25, 1.00, 0, 0, 1.00],
	[1.50, 1.25, 1.00, 0, 0, 1.00],
	[1.50, 1.25, 1.00, 0, 0, 1.00],
	[1.50, 1.25, 1.00, 0, 0, 1.00],
	[1.50, 1.25, 1.00, 0, 0, 1.00],
	[1.50, 1.25, 1.00, 0, 0, 1.00],
	[0, 0, 0, 0, 0, 0],
	[0, 0, 0, 0, 0, 0],
	[0, 0, 0, 0, 0, 0],
	[0, 0, 0, 0, 0, 0],
	[0, 0, 0, 0, 0, 0],
	[0, 0, 0, 0, 0, 0],
	[0, 0, 0, 0, 0, 0],
	[0, 0, 0, 0, 0, 0],
	[0, 0, 0, 0, 0, 0],
	[0, 0, 0, 0, 0, 0],
	[0, 0, 0, 0, 0, 0],
	[0, 0, 0, 0, 0, 0],
	[0, 0, 0, 0, 0, 0],
	[0, 0, 0, 0, 0, 0],
	[0, 0, 0, 0, 0, 0],
	[0, 0, 0, 0, 0, 0] ]
overcost [
	[0, 0, 0, 0, 0, 0],
	[0, 0, 0, 0, 0, 0],
	[0, 0, 0, 0, 0, 0],
	[0, 0, 0, 0, 0, 0],
	[0, 0, 0, 0, 0, 0],
	[0, 0, 0, 0, 0, 0],
	[0, 0, 0, 0, 0, 0],
	[0, 0, 0, 0, 0, 0],
	[0, 0, 0, 0, 0, 0],
	[0, 0, 0, 0, 0, 0],
	[0, 0, 0, 0, 0, 0],
	[0, 0, 0, 0, 0, 0],
	[0, 0, 0, 0, 0, 0],
	[0, 0, 0, 0, 0, 0],
	[0, 0, 0, 0, 0, 0],
	[0, 0, 0, 0, 0, 0],
	[0, 0, 0, 0, 0, 0],
	[0, 0, 0, 0, 0, 0],
	[0, 0, 0, 0, 0, 0],
	[0, 0, 0, 0, 0, 0],
	[0, 0, 0, 0, 0, 0],
	[0, 0, 0, 0, 0, 0],
	[0, 0, 0, 0, 0, 0],
	[0, 0, 0, 0, 0, 0],
	[0, 0, 0, 0, 0, 0],
	[0, 0, 0, 0, 0, 0],
	[0, 0, 0, 0, 0, 0],
	[0, 0, 0, 0, 0, 0],
	[0, 0, 0, 0, 0, 0],
	[0, 0, 0, 0, 0, 0],
	[0, 0, 0, 0, 0, 0],
	[0, 0, 0, 0, 0, 0],
	[0, 0, 0, 0, 3.343872e+00, 0],
	[0, 0, 0, 0, 3.343872e+00, 0],
	[0, 0, 0, 0, 3.343872e+00, 0],
	[0, 0, 0, 0, 3.343872e+00, 0],
	[4.587530e+00, 6.022665e+00, 0, 0, 2.014922e+00, 9.002867e+00],
	[4.587530e+00, 6.022665e+00, 0, 0, 2.014922e+00, 9.002867e+00],
	[4.587530e+00, 6.022665e+00, 0, 0, 2.014922e+00, 9.002867e+00],
	[4.587530e+00, 6.022665e+00, 0, 0, 2.014922e+00, 9.002867e+00],
	[3.306790e+00, 4.535779e+00, 6.454037e+00, 0, 1.658867e+00, 0],
	[3.306790e+00, 4.535779e+00, 6.454037e+00, 0, 1.658867e+00, 0],
	[3.306790e+00, 4.535779e+00, 6.454037e+00, 0, 1.658867e+00, 0],
	[3.306790e+00, 4.535779e+00, 6.454037e+00, 0, 1.658867e+00, 0],
	[2.102254e+00, 2.138634e+00, 4.769710e+00, 1.102168e+00, 1.251058e+00, 7.977098e+00],
	[2.102254e+00, 2.138634e+00, 4.769710e+00, 1.102168e+00, 1.251058e+00, 7.977098e+00],
	[2.102254e+00, 2.138634e+00, 4.769710e+00, 1.102168e+00, 1.251058e+00, 7.977098e+00],
	[2.102254e+00, 2.138634e+00, 4.769710e+00, 1.102168e+00, 1.251058e+00, 7.977098e+00],
	[1.651184e+00, 2.242362e+00, 0, 1.068521e+00, 1.137744e+00, 4.571552e+00],
	[1.651184e+00, 2.242362e+00, 0, 1.068521e+00, 1.137744e+00, 4.571552e+00],
	[1.651184e+00, 2.242362e+00, 0, 1.068521e+00, 1.137744e+00, 4.571552e+00],
	[1.651184e+00, 2.242362e+00, 0, 1.068521e+00, 1.137744e+00, 4.571552e+00],
	[2.144322e+00, 1.896955e+00, 3.874974e+00, 6.382303e-01, 9.092497e-01, 3.812232e+00],
	[2.144322e+00, 1.896955e+00, 3.874974e+00, 6.382303e-01, 9.092497e-01, 3.812232e+00],
	[2.144322e+00, 1.896955e+00, 3.874974e+00, 6.382303e-01, 9.092497e-01, 3.812232e+00],
	[2.144322e+00, 1.896955e+00, 3.874974e+00, 6.382303e-01, 9.092497e-01, 3.812232e+00],
	[2.055124e+00, 1.790277e+00, 3.808429e+00, 9.218515e-01, 1.334763e+00, 3.793017e+00],
	[2.055124e+00, 1.790277e+00, 3.808429e+00, 9.218515e-01, 1.334763e+00, 3.793017e+00],
	[2.055124e+00, 1.790277e+00, 3.808429e+00, 9.218515e-01, 1.334763e+00, 3.793017e+00],
	[2.055124e+00, 1.790277e+00, 3.808429e+00, 9.218515e-01, 1.334763e+00, 3.793017e+00],
	[2.036319e+00, 1.934599e+00, 3.965656e+00, 6.623895e-01, 1.135646e+00, 5.158264e+00],
	[2.036319e+00, 1.934599e+00, 3.965656e+00, 6.623895e-01, 1.135646e+00, 5.158264e+00],
	[2.036319e+00, 1.934599e+00, 3.965656e+00, 6.623895e-01, 1.135646e+00, 5.158264e+00],
	[2.036319e+00, 1.934599e+00, 3.965656e+00, 6.623895e-01, 1.135646e+00, 5.158264e+00],
	[1.990869e+00, 2.071411e+00, 4.775432e+00, 0, 1.028151e+00, 8.881236e+00],
	[1.990869e+00, 2.071411e+00, 4.775432e+00, 0, 1.028151e+00, 8.881236e+00],
	[1.990869e+00, 2.071411e+00, 4.775432e+00, 0, 1.028151e+00, 8.881236e+00],
	[1.990869e+00, 2.071411e+00, 4.775432e+00, 0, 1.028151e+00, 8.881236e+00],
	[1.588328e+00, 2.510570e+00, 4.428677e+00, 0, 1.268390e+00, 7.522806e+00],
	[1.588328e+00, 2.510570e+00, 4.428677e+00, 0, 1.268390e+00, 7.522806e+00],
	[1.588328e+00, 2.510570e+00, 4.428677e+00, 0, 1.268390e+00, 7.522806e+00],
	[1.588328e+00, 2.510570e+00, 4.428677e+00, 0, 1.268390e+00, 7.522806e+00],
	[1.625960e+00, 1.584306e+00, 3.700168e+00, 0, 0, 4.756334e+00],
	[1.625960e+00, 1.584306e+00, 3.700168e+00, 0, 0, 4.756334e+00],
	[1.625960e+00, 1.584306e+00, 3.700168e+00, 0, 0, 4.756334e+00],
	[1.625960e+00, 1.584306e+00, 3.700168e+00, 0, 0, 4.756334e+00],
	[1.509582e+00, 1.966578e+00, 4.083597e+00, 0, 0, 8.757864e+00],
	[1.509582e+00, 1.966578e+00, 4.083597e+00, 0, 0, 8.757864e+00],
	[1.509582e+00, 1.966578e+00, 4.083597e+00, 0, 0, 8.757864e+00],
	[1.509582e+00, 1.966578e+00, 4.083597e+00, 0, 0, 8.757864e+00],
	[0, 0, 0, 0, 0, 0],
	[0, 0, 0, 0, 0, 0],
	[0, 0, 0, 0, 0, 0],
	[0, 0, 0, 0, 0, 0],
	[0, 0, 0, 0, 0, 0],
	[0, 0, 0, 0, 0, 0],
	[0, 0, 0, 0, 0, 0],
	[0, 0, 0, 0, 0, 0],
	[0, 0, 0, 0, 0, 0],
	[0, 0, 0, 0, 0, 0],
	[0, 0, 0, 0, 0, 0],
	[0, 0, 0, 0, 0, 0],
	[0, 0, 0, 0, 0, 0],
	[0, 0, 0, 0, 0, 0],
	[0, 0, 0, 0, 0, 0],
	[0, 0, 0, 0, 0, 0] ]
undercost [
	[0, 0, 0, 0, 0, 0],
	[0, 0, 0, 0, 0, 0],
	[0, 0, 0, 0, 0, 0],
	[0, 0, 0, 0, 0, 0],
	[0, 0, 0, 0, 0, 0],
	[0, 0, 0, 0, 0, 0],
	[0, 0, 0, 0, 0, 0],
	[0, 0, 0, 0, 0, 0],
	[0, 0, 0, 0, 0, 0],
	[0, 0, 0, 0, 0, 0],
	[0, 0, 0, 0, 0, 0],
	[0, 0, 0, 0, 0, 0],
	[0, 0, 0, 0, 0, 0],
	[0, 0, 0, 0, 0, 0],
	[0, 0, 0, 0, 0, 0],
	[0, 0, 0, 0, 0, 0],
	[0, 0, 0, 0, 0, 0],
	[0, 0, 0, 0, 0, 0],
	[0, 0, 0, 0, 0, 0],
	[0, 0, 0, 0, 0, 0],
	[0, 0, 0, 0, 0, 0],
	[0, 0, 0, 0, 0, 0],
	[0, 0, 0, 0, 0, 0],
	[0, 0, 0, 0, 0, 0],
	[0, 0, 0, 0, 0, 0],
	[0, 0, 0, 0, 0, 0],
	[0, 0, 0, 0, 0, 0],
	[0, 0, 0, 0, 0, 0],
	[0, 0, 0, 0, 0, 0],
	[0, 0, 0, 0, 0, 0],
	[0, 0, 0, 0, 0, 0],
	[0, 0, 0, 0, 0, 0],
	[0, 0, 0, 0, 1.000000e+06, 0],
	[0, 0, 0, 0, 1.000000e+06, 0],
	[0, 0, 0, 0, 1.000000e+06, 0],
	[0, 0, 0, 0, 1.000000e+06, 0],
	[1.000000e+06, 1.000000e+06, 0, 0, 1.000000e+06, 1.000000e+06],
	[1.000000e+06, 1.000000e+06, 0, 0, 1.000000e+06, 1.000000e+06],
	[1.000000e+06, 1.000000e+06, 0, 0, 1.000000e+06, 1.000000e+06],
	[1.000000e+06, 1.000000e+06, 0, 0, 1.000000e+06, 1.000000e+06],
	[1.000000e+06, 1.000000e+06, 1.000000e+06, 0, 1.000000e+06, 0],
	[1.000000e+06, 1.000000e+06, 1.000000e+06, 0, 1.000000e+06, 0],
	[1.000000e+06, 1.000000e+06, 1.000000e+06, 0, 1.000000e+06, 0],
	[1.000000e+06, 1.000000e+06, 1.000000e+06, 0, 1.000000e+06, 0],
	[1.000000e+06, 1.000000e+06, 1.000000e+06, 1.126770e+00, 1.952574e+00, 1.000000e+06],
	[1.000000e+06, 1.000000e+06, 1.000000e+06, 1.126770e+00, 1.952574e+00, 1.000000e+06],
	[1.000000e+06, 1.000000e+06, 1.000000e+06, 1.126770e+00, 1.952574e+00, 1.000000e+06],
	[1.000000e+06, 1.000000e+06, 1.000000e+06, 1.126770e+00, 1.952574e+00, 1.000000e+06],
	[1.000000e+06, 1.000000e+06, 0, 8.524731e-01, 2.088715e+00, 1.000000e+06],
	[1.000000e+06, 1.000000e+06, 0, 8.524731e-01, 2.088715e+00, 1.000000e+06],
	[1.000000e+06, 1.000000e+06, 0, 8.524731e-01, 2.088715e+00, 1.000000e+06],
	[1.000000e+06, 1.000000e+06, 0, 8.524731e-01, 2.088715e+00, 1.000000e+06],
	[1.000000e+06, 1.000000e+06, 1.000000e+06, 1.360961e+00, 2.394840e+00, 1.000000e+06],
	[1.000000e+06, 1.000000e+06, 1.000000e+06, 1.360961e+00, 2.394840e+00, 1.000000e+06],
	[1.000000e+06, 1.000000e+06, 1.000000e+06, 1.360961e+00, 2.394840e+00, 1.000000e+06],
	[1.000000e+06, 1.000000e+06, 1.000000e+06, 1.360961e+00, 2.394840e+00, 1.000000e+06],
	[1.000000e+06, 1.000000e+06, 1.000000e+06, 8.992279e-01, 1.442377e+00, 1.000000e+06],
	[1.000000e+06, 1.000000e+06, 1.000000e+06, 8.992279e-01, 1.442377e+00, 1.000000e+06],
	[1.000000e+06, 1.000000e+06, 1.000000e+06, 8.992279e-01, 1.442377e+00, 1.000000e+06],
	[1.000000e+06, 1.000000e+06, 1.000000e+06, 8.992279e-01, 1.442377e+00, 1.000000e+06],
	[1.000000e+06, 1.000000e+06, 1.000000e+06, 1.334648e+00, 1.709811e+00, 1.000000e+06],
	[1.000000e+06, 1.000000e+06, 1.000000e+06, 1.334648e+00, 1.709811e+00, 1.000000e+06],
	[1.000000e+06, 1.000000e+06, 1.000000e+06, 1.334648e+00, 1.709811e+00, 1.000000e+06],
	[1.000000e+06, 1.000000e+06, 1.000000e+06, 1.334648e+00, 1.709811e+00, 1.000000e+06],
	[1.000000e+06, 1.000000e+06, 1.000000e+06, 0, 2.254809e+00, 1.000000e+06],
	[1.000000e+06, 1.000000e+06, 1.000000e+06, 0, 2.254809e+00, 1.000000e+06],
	[1.000000e+06, 1.000000e+06, 1.000000e+06, 0, 2.254809e+00, 1.000000e+06],
	[1.000000e+06, 1.000000e+06, 1.000000e+06, 0, 2.254809e+00, 1.000000e+06],
	[1.000000e+06, 1.000000e+06, 1.000000e+06, 0, 1.544227e+00, 1.000000e+06],
	[1.000000e+06, 1.000000e+06, 1.000000e+06, 0, 1.544227e+00, 1.000000e+06],
	[1.000000e+06, 1.000000e+06, 1.000000e+06, 0, 1.544227e+00, 1.000000e+06],
	[1.000000e+06, 1.000000e+06, 1.000000e+06, 0, 1.544227e+00, 1.000000e+06],
	[1.000000e+06, 1.000000e+06, 1.000000e+06, 0, 0, 1.000000e+06],
	[1.000000e+06, 1.000000e+06, 1.000000e+06, 0, 0, 1.000000e+06],
	[1.000000e+06, 1.000000e+06, 1.000000e+06, 0, 0, 1.000000e+06],
	[1.000000e+06, 1.000000e+06, 1.000000e+06, 0, 0, 1.000000e+06],
	[1.000000e+06, 1.000000e+06, 1.000000e+06, 0, 0, 1.000000e+06],
	[1.000000e+06, 1.000000e+06, 1.000000e+06, 0, 0, 1.000000e+06],
	[1.000000e+06, 1.000000e+06, 1.000000e+06, 0, 0, 1.000000e+06],
	[1.000000e+06, 1.000000e+06, 1.000000e+06, 0, 0, 1.000000e+06],
	[0, 0, 0, 0, 0, 0],
	[0, 0, 0, 0, 0, 0],
	[0, 0, 0, 0, 0, 0],
	[0, 0, 0, 0, 0, 0],
	[0, 0, 0, 0, 0, 0],
	[0, 0, 0, 0, 0, 0],
	[0, 0, 0, 0, 0, 0],
	[0, 0, 0, 0, 0, 0],
	[0, 0, 0, 0, 0, 0],
	[0, 0, 0, 0, 0, 0],
	[0, 0, 0, 0, 0, 0],
	[0, 0, 0, 0, 0, 0],
	[0, 0, 0, 0, 0, 0],
	[0, 0, 0, 0, 0, 0],
	[0, 0, 0, 0, 0, 0],
	[0, 0, 0, 0, 0, 0] ]
