1363 1380 1478 1810 2404 3465
SHOE
ACT	6
SHIFT	96
demand [
	[0, 0, 0, 0, 0, 0],
	[0, 0, 0, 0, 0, 0],
	[0, 0, 0, 0, 0, 0],
	[0, 0, 0, 0, 0, 0],
	[0, 0, 0, 0, 0, 0],
	[0, 0, 0, 0, 0, 0],
	[0, 0, 0, 0, 0, 0],
	[0, 0, 0, 0, 0, 0],
	[0, 0, 0, 0, 0, 0],
	[0, 0, 0, 0, 0, 0],
	[0, 0, 0, 0, 0, 0],
	[0, 0, 0, 0, 0, 0],
	[0, 0, 0, 0, 0, 0],
	[0, 0, 0, 0, 0, 0],
	[0, 0, 0, 0, 0, 0],
	[0, 0, 0, 0, 0, 0],
	[0, 0, 0, 0, 0, 0],
	[0, 0, 0, 0, 0, 0],
	[0, 0, 0, 0, 0, 0],
	[0, 0, 0, 0, 0, 0],
	[0, 0, 0, 0, 0, 0],
	[0, 0, 0, 0, 0, 0],
	[0, 0, 0, 0, 0, 0],
	[0, 0, 0, 0, 0, 0],
	[0, 0, 0, 0, 0, 0],
	[0, 0, 0, 0, 0, 0],
	[0, 0, 0, 0, 0, 0],
	[0, 0, 0, 0, 0, 0],
	[0, 0, 0, 0, 0, 0],
	[0, 0, 0, 0, 0, 0],
	[0, 0, 0, 0, 0, 0],
	[0, 0, 0, 0, 0, 0],
	[0, 1.00, 0, 0, 0, 1.00],
	[0, 1.00, 0, 0, 0, 1.00],
	[0, 1.00, 0, 0, 0, 1.00],
	[0, 1.00, 0, 0, 0, 1.00],
	[0, 1.00, 1.00, 2.00, 1.00, 1.00],
	[0, 1.00, 1.00, 2.00, 1.00, 1.00],
	[0, 1.00, 1.00, 2.00, 1.00, 1.00],
	[0, 1.00, 1.00, 2.00, 1.00, 1.00],
	[0, 1.00, 1.00, 2.50, 0, 1.00],
	[0, 1.00, 1.00, 2.50, 0, 1.00],
	[0, 1.00, 1.00, 2.50, 0, 1.00],
	[0, 1.00, 1.00, 2.50, 0, 1.00],
	[3.75, 1.25, 1.25, 3.50, 1.25, 2.00],
	[3.75, 1.25, 1.25, 3.50, 1.25, 2.00],
	[3.75, 1.25, 1.25, 3.50, 1.25, 2.00],
	[3.75, 1.25, 1.25, 3.50, 1.25, 2.00],
	[4.00, 1.50, 1.25, 3.75, 1.50, 2.50],
	[4.00, 1.50, 1.25, 3.75, 1.50, 2.50],
	[4.00, 1.50, 1.25, 3.75, 1.50, 2.50],
	[4.00, 1.50, 1.25, 3.75, 1.50, 2.50],
	[4.00, 1.50, 1.50, 4.00, 1.50, 2.75],
	[4.00, 1.50, 1.50, 4.00, 1.50, 2.75],
	[4.00, 1.50, 1.50, 4.00, 1.50, 2.75],
	[4.00, 1.50, 1.50, 4.00, 1.50, 2.75],
	[4.25, 1.75, 1.50, 4.00, 1.50, 2.75],
	[4.25, 1.75, 1.50, 4.00, 1.50, 2.75],
	[4.25, 1.75, 1.50, 4.00, 1.50, 2.75],
	[4.25, 1.75, 1.50, 4.00, 1.50, 2.75],
	[4.25, 1.50, 1.50, 4.00, 1.50, 2.75],
	[4.25, 1.50, 1.50, 4.00, 1.50, 2.75],
	[4.25, 1.50, 1.50, 4.00, 1.50, 2.75],
	[4.25, 1.50, 1.50, 4.00, 1.50, 2.75],
	[4.00, 1.25, 1.25, 3.50, 1.50, 2.00],
	[4.00, 1.25, 1.25, 3.50, 1.50, 2.00],
	[4.00, 1.25, 1.25, 3.50, 1.50, 2.00],
	[4.00, 1.25, 1.25, 3.50, 1.50, 2.00],
	[0, 1.50, 1.50, 0, 1.50, 2.25],
	[0, 1.50, 1.50, 0, 1.50, 2.25],
	[0, 1.50, 1.50, 0, 1.50, 2.25],
	[0, 1.50, 1.50, 0, 1.50, 2.25],
	[0, 1.75, 1.50, 0, 1.75, 2.75],
	[0, 1.75, 1.50, 0, 1.75, 2.75],
	[0, 1.75, 1.50, 0, 1.75, 2.75],
	[0, 1.75, 1.50, 0, 1.75, 2.75],
	[0, 1.50, 1.50, 0, 1.75, 2.50],
	[0, 1.50, 1.50, 0, 1.75, 2.50],
	[0, 1.50, 1.50, 0, 1.75, 2.50],
	[0, 1.50, 1.50, 0, 1.75, 2.50],
	[0, 0, 0, 0, 0, 0],
	[0, 0, 0, 0, 0, 0],
	[0, 0, 0, 0, 0, 0],
	[0, 0, 0, 0, 0, 0],
	[0, 0, 0, 0, 0, 0],
	[0, 0, 0, 0, 0, 0],
	[0, 0, 0, 0, 0, 0],
	[0, 0, 0, 0, 0, 0],
	[0, 0, 0, 0, 0, 0],
	[0, 0, 0, 0, 0, 0],
	[0, 0, 0, 0, 0, 0],
	[0, 0, 0, 0, 0, 0],
	[0, 0, 0, 0, 0, 0],
	[0, 0, 0, 0, 0, 0],
	[0, 0, 0, 0, 0, 0],
	[0, 0, 0, 0, 0, 0] ]
overcost [
	[0, 0, 0, 0, 0, 0],
	[0, 0, 0, 0, 0, 0],
	[0, 0, 0, 0, 0, 0],
	[0, 0, 0, 0, 0, 0],
	[0, 0, 0, 0, 0, 0],
	[0, 0, 0, 0, 0, 0],
	[0, 0, 0, 0, 0, 0],
	[0, 0, 0, 0, 0, 0],
	[0, 0, 0, 0, 0, 0],
	[0, 0, 0, 0, 0, 0],
	[0, 0, 0, 0, 0, 0],
	[0, 0, 0, 0, 0, 0],
	[0, 0, 0, 0, 0, 0],
	[0, 0, 0, 0, 0, 0],
	[0, 0, 0, 0, 0, 0],
	[0, 0, 0, 0, 0, 0],
	[0, 0, 0, 0, 0, 0],
	[0, 0, 0, 0, 0, 0],
	[0, 0, 0, 0, 0, 0],
	[0, 0, 0, 0, 0, 0],
	[0, 0, 0, 0, 0, 0],
	[0, 0, 0, 0, 0, 0],
	[0, 0, 0, 0, 0, 0],
	[0, 0, 0, 0, 0, 0],
	[0, 0, 0, 0, 0, 0],
	[0, 0, 0, 0, 0, 0],
	[0, 0, 0, 0, 0, 0],
	[0, 0, 0, 0, 0, 0],
	[0, 0, 0, 0, 0, 0],
	[0, 0, 0, 0, 0, 0],
	[0, 0, 0, 0, 0, 0],
	[0, 0, 0, 0, 0, 0],
	[0, 9.891521e+00, 0, 0, 0, 1.039514e+01],
	[0, 9.891521e+00, 0, 0, 0, 1.039514e+01],
	[0, 9.891521e+00, 0, 0, 0, 1.039514e+01],
	[0, 9.891521e+00, 0, 0, 0, 1.039514e+01],
	[0, 5.891510e+00, 3.933425e+00, 1.304466e+00, 4.046874e+00, 6.714724e+00],
	[0, 5.891510e+00, 3.933425e+00, 1.304466e+00, 4.046874e+00, 6.714724e+00],
	[0, 5.891510e+00, 3.933425e+00, 1.304466e+00, 4.046874e+00, 6.714724e+00],
	[0, 5.891510e+00, 3.933425e+00, 1.304466e+00, 4.046874e+00, 6.714724e+00],
	[0, 3.915821e+00, 2.814520e+00, 1.098848e+00, 0, 2.790257e+00],
	[0, 3.915821e+00, 2.814520e+00, 1.098848e+00, 0, 2.790257e+00],
	[0, 3.915821e+00, 2.814520e+00, 1.098848e+00, 0, 2.790257e+00],
	[0, 3.915821e+00, 2.814520e+00, 1.098848e+00, 0, 2.790257e+00],
	[8.213870e-01, 1.812894e+00, 1.901446e+00, 9.232936e-01, 1.395969e+00, 1.314623e+00],
	[8.213870e-01, 1.812894e+00, 1.901446e+00, 9.232936e-01, 1.395969e+00, 1.314623e+00],
	[8.213870e-01, 1.812894e+00, 1.901446e+00, 9.232936e-01, 1.395969e+00, 1.314623e+00],
	[8.213870e-01, 1.812894e+00, 1.901446e+00, 9.232936e-01, 1.395969e+00, 1.314623e+00],
	[1.004234e+00, 1.715950e+00, 1.561279e+00, 8.429589e-01, 1.617649e+00, 1.075740e+00],
	[1.004234e+00, 1.715950e+00, 1.561279e+00, 8.429589e-01, 1.617649e+00, 1.075740e+00],
	[1.004234e+00, 1.715950e+00, 1.561279e+00, 8.429589e-01, 1.617649e+00, 1.075740e+00],
	[1.004234e+00, 1.715950e+00, 1.561279e+00, 8.429589e-01, 1.617649e+00, 1.075740e+00],
	[7.143041e-01, 1.310497e+00, 2.121973e+00, 9.220925e-01, 1.315837e+00, 1.096187e+00],
	[7.143041e-01, 1.310497e+00, 2.121973e+00, 9.220925e-01, 1.315837e+00, 1.096187e+00],
	[7.143041e-01, 1.310497e+00, 2.121973e+00, 9.220925e-01, 1.315837e+00, 1.096187e+00],
	[7.143041e-01, 1.310497e+00, 2.121973e+00, 9.220925e-01, 1.315837e+00, 1.096187e+00],
	[9.821620e-01, 1.956721e+00, 2.014745e+00, 7.959600e-01, 1.207388e+00, 9.977608e-01],
	[9.821620e-01, 1.956721e+00, 2.014745e+00, 7.959600e-01, 1.207388e+00, 9.977608e-01],
	[9.821620e-01, 1.956721e+00, 2.014745e+00, 7.959600e-01, 1.207388e+00, 9.977608e-01],
	[9.821620e-01, 1.956721e+00, 2.014745e+00, 7.959600e-01, 1.207388e+00, 9.977608e-01],
	[7.502849e-01, 1.405144e+00, 1.920897e+00, 7.423782e-01, 1.235010e+00, 1.402289e+00],
	[7.502849e-01, 1.405144e+00, 1.920897e+00, 7.423782e-01, 1.235010e+00, 1.402289e+00],
	[7.502849e-01, 1.405144e+00, 1.920897e+00, 7.423782e-01, 1.235010e+00, 1.402289e+00],
	[7.502849e-01, 1.405144e+00, 1.920897e+00, 7.423782e-01, 1.235010e+00, 1.402289e+00],
	[9.103897e-01, 1.802017e+00, 1.707762e+00, 7.042071e-01, 2.045188e+00, 1.452481e+00],
	[9.103897e-01, 1.802017e+00, 1.707762e+00, 7.042071e-01, 2.045188e+00, 1.452481e+00],
	[9.103897e-01, 1.802017e+00, 1.707762e+00, 7.042071e-01, 2.045188e+00, 1.452481e+00],
	[9.103897e-01, 1.802017e+00, 1.707762e+00, 7.042071e-01, 2.045188e+00, 1.452481e+00],
	[0, 2.069441e+00, 2.193694e+00, 0, 1.665737e+00, 1.288519e+00],
	[0, 2.069441e+00, 2.193694e+00, 0, 1.665737e+00, 1.288519e+00],
	[0, 2.069441e+00, 2.193694e+00, 0, 1.665737e+00, 1.288519e+00],
	[0, 2.069441e+00, 2.193694e+00, 0, 1.665737e+00, 1.288519e+00],
	[0, 1.725111e+00, 1.549057e+00, 0, 1.591131e+00, 8.990641e-01],
	[0, 1.725111e+00, 1.549057e+00, 0, 1.591131e+00, 8.990641e-01],
	[0, 1.725111e+00, 1.549057e+00, 0, 1.591131e+00, 8.990641e-01],
	[0, 1.725111e+00, 1.549057e+00, 0, 1.591131e+00, 8.990641e-01],
	[0, 1.400300e+00, 1.316945e+00, 0, 1.670486e+00, 1.324594e+00],
	[0, 1.400300e+00, 1.316945e+00, 0, 1.670486e+00, 1.324594e+00],
	[0, 1.400300e+00, 1.316945e+00, 0, 1.670486e+00, 1.324594e+00],
	[0, 1.400300e+00, 1.316945e+00, 0, 1.670486e+00, 1.324594e+00],
	[0, 0, 0, 0, 0, 0],
	[0, 0, 0, 0, 0, 0],
	[0, 0, 0, 0, 0, 0],
	[0, 0, 0, 0, 0, 0],
	[0, 0, 0, 0, 0, 0],
	[0, 0, 0, 0, 0, 0],
	[0, 0, 0, 0, 0, 0],
	[0, 0, 0, 0, 0, 0],
	[0, 0, 0, 0, 0, 0],
	[0, 0, 0, 0, 0, 0],
	[0, 0, 0, 0, 0, 0],
	[0, 0, 0, 0, 0, 0],
	[0, 0, 0, 0, 0, 0],
	[0, 0, 0, 0, 0, 0],
	[0, 0, 0, 0, 0, 0],
	[0, 0, 0, 0, 0, 0] ]
undercost [
	[0, 0, 0, 0, 0, 0],
	[0, 0, 0, 0, 0, 0],
	[0, 0, 0, 0, 0, 0],
	[0, 0, 0, 0, 0, 0],
	[0, 0, 0, 0, 0, 0],
	[0, 0, 0, 0, 0, 0],
	[0, 0, 0, 0, 0, 0],
	[0, 0, 0, 0, 0, 0],
	[0, 0, 0, 0, 0, 0],
	[0, 0, 0, 0, 0, 0],
	[0, 0, 0, 0, 0, 0],
	[0, 0, 0, 0, 0, 0],
	[0, 0, 0, 0, 0, 0],
	[0, 0, 0, 0, 0, 0],
	[0, 0, 0, 0, 0, 0],
	[0, 0, 0, 0, 0, 0],
	[0, 0, 0, 0, 0, 0],
	[0, 0, 0, 0, 0, 0],
	[0, 0, 0, 0, 0, 0],
	[0, 0, 0, 0, 0, 0],
	[0, 0, 0, 0, 0, 0],
	[0, 0, 0, 0, 0, 0],
	[0, 0, 0, 0, 0, 0],
	[0, 0, 0, 0, 0, 0],
	[0, 0, 0, 0, 0, 0],
	[0, 0, 0, 0, 0, 0],
	[0, 0, 0, 0, 0, 0],
	[0, 0, 0, 0, 0, 0],
	[0, 0, 0, 0, 0, 0],
	[0, 0, 0, 0, 0, 0],
	[0, 0, 0, 0, 0, 0],
	[0, 0, 0, 0, 0, 0],
	[0, 1.000000e+06, 0, 0, 0, 1.000000e+06],
	[0, 1.000000e+06, 0, 0, 0, 1.000000e+06],
	[0, 1.000000e+06, 0, 0, 0, 1.000000e+06],
	[0, 1.000000e+06, 0, 0, 0, 1.000000e+06],
	[0, 1.000000e+06, 1.000000e+06, 2.387223e+00, 1.000000e+06, 1.000000e+06],
	[0, 1.000000e+06, 1.000000e+06, 2.387223e+00, 1.000000e+06, 1.000000e+06],
	[0, 1.000000e+06, 1.000000e+06, 2.387223e+00, 1.000000e+06, 1.000000e+06],
	[0, 1.000000e+06, 1.000000e+06, 2.387223e+00, 1.000000e+06, 1.000000e+06],
	[0, 1.000000e+06, 1.000000e+06, 1.740947e+00, 0, 1.000000e+06],
	[0, 1.000000e+06, 1.000000e+06, 1.740947e+00, 0, 1.000000e+06],
	[0, 1.000000e+06, 1.000000e+06, 1.740947e+00, 0, 1.000000e+06],
	[0, 1.000000e+06, 1.000000e+06, 1.740947e+00, 0, 1.000000e+06],
	[1.602069e+00, 1.000000e+06, 1.000000e+06, 1.024540e+00, 1.000000e+06, 2.877673e+00],
	[1.602069e+00, 1.000000e+06, 1.000000e+06, 1.024540e+00, 1.000000e+06, 2.877673e+00],
	[1.602069e+00, 1.000000e+06, 1.000000e+06, 1.024540e+00, 1.000000e+06, 2.877673e+00],
	[1.602069e+00, 1.000000e+06, 1.000000e+06, 1.024540e+00, 1.000000e+06, 2.877673e+00],
	[1.214561e+00, 1.000000e+06, 1.000000e+06, 9.722518e-01, 1.000000e+06, 2.142130e+00],
	[1.214561e+00, 1.000000e+06, 1.000000e+06, 9.722518e-01, 1.000000e+06, 2.142130e+00],
	[1.214561e+00, 1.000000e+06, 1.000000e+06, 9.722518e-01, 1.000000e+06, 2.142130e+00],
	[1.214561e+00, 1.000000e+06, 1.000000e+06, 9.722518e-01, 1.000000e+06, 2.142130e+00],
	[1.556945e+00, 1.000000e+06, 1.000000e+06, 7.522687e-01, 1.000000e+06, 1.764275e+00],
	[1.556945e+00, 1.000000e+06, 1.000000e+06, 7.522687e-01, 1.000000e+06, 1.764275e+00],
	[1.556945e+00, 1.000000e+06, 1.000000e+06, 7.522687e-01, 1.000000e+06, 1.764275e+00],
	[1.556945e+00, 1.000000e+06, 1.000000e+06, 7.522687e-01, 1.000000e+06, 1.764275e+00],
	[1.096692e+00, 1.000000e+06, 1.000000e+06, 9.015383e-01, 1.000000e+06, 1.890489e+00],
	[1.096692e+00, 1.000000e+06, 1.000000e+06, 9.015383e-01, 1.000000e+06, 1.890489e+00],
	[1.096692e+00, 1.000000e+06, 1.000000e+06, 9.015383e-01, 1.000000e+06, 1.890489e+00],
	[1.096692e+00, 1.000000e+06, 1.000000e+06, 9.015383e-01, 1.000000e+06, 1.890489e+00],
	[1.369952e+00, 1.000000e+06, 1.000000e+06, 9.663552e-01, 1.000000e+06, 1.375941e+00],
	[1.369952e+00, 1.000000e+06, 1.000000e+06, 9.663552e-01, 1.000000e+06, 1.375941e+00],
	[1.369952e+00, 1.000000e+06, 1.000000e+06, 9.663552e-01, 1.000000e+06, 1.375941e+00],
	[1.369952e+00, 1.000000e+06, 1.000000e+06, 9.663552e-01, 1.000000e+06, 1.375941e+00],
	[1.329466e+00, 1.000000e+06, 1.000000e+06, 1.290908e+00, 1.000000e+06, 2.684320e+00],
	[1.329466e+00, 1.000000e+06, 1.000000e+06, 1.290908e+00, 1.000000e+06, 2.684320e+00],
	[1.329466e+00, 1.000000e+06, 1.000000e+06, 1.290908e+00, 1.000000e+06, 2.684320e+00],
	[1.329466e+00, 1.000000e+06, 1.000000e+06, 1.290908e+00, 1.000000e+06, 2.684320e+00],
	[0, 1.000000e+06, 1.000000e+06, 0, 1.000000e+06, 2.316214e+00],
	[0, 1.000000e+06, 1.000000e+06, 0, 1.000000e+06, 2.316214e+00],
	[0, 1.000000e+06, 1.000000e+06, 0, 1.000000e+06, 2.316214e+00],
	[0, 1.000000e+06, 1.000000e+06, 0, 1.000000e+06, 2.316214e+00],
	[0, 1.000000e+06, 1.000000e+06, 0, 1.000000e+06, 2.022829e+00],
	[0, 1.000000e+06, 1.000000e+06, 0, 1.000000e+06, 2.022829e+00],
	[0, 1.000000e+06, 1.000000e+06, 0, 1.000000e+06, 2.022829e+00],
	[0, 1.000000e+06, 1.000000e+06, 0, 1.000000e+06, 2.022829e+00],
	[0, 1.000000e+06, 1.000000e+06, 0, 1.000000e+06, 1.829945e+00],
	[0, 1.000000e+06, 1.000000e+06, 0, 1.000000e+06, 1.829945e+00],
	[0, 1.000000e+06, 1.000000e+06, 0, 1.000000e+06, 1.829945e+00],
	[0, 1.000000e+06, 1.000000e+06, 0, 1.000000e+06, 1.829945e+00],
	[0, 0, 0, 0, 0, 0],
	[0, 0, 0, 0, 0, 0],
	[0, 0, 0, 0, 0, 0],
	[0, 0, 0, 0, 0, 0],
	[0, 0, 0, 0, 0, 0],
	[0, 0, 0, 0, 0, 0],
	[0, 0, 0, 0, 0, 0],
	[0, 0, 0, 0, 0, 0],
	[0, 0, 0, 0, 0, 0],
	[0, 0, 0, 0, 0, 0],
	[0, 0, 0, 0, 0, 0],
	[0, 0, 0, 0, 0, 0],
	[0, 0, 0, 0, 0, 0],
	[0, 0, 0, 0, 0, 0],
	[0, 0, 0, 0, 0, 0],
	[0, 0, 0, 0, 0, 0] ]
