759
SHOE
ACT	1
SHIFT	96
demand [
	[0],
	[0],
	[0],
	[0],
	[0],
	[0],
	[0],
	[0],
	[0],
	[0],
	[0],
	[0],
	[0],
	[0],
	[0],
	[0],
	[0],
	[0],
	[0],
	[0],
	[0],
	[0],
	[0],
	[0],
	[0],
	[0],
	[0],
	[0],
	[0],
	[0],
	[0],
	[0],
	[0],
	[0],
	[0],
	[0],
	[1.00],
	[1.00],
	[1.00],
	[1.00],
	[1.00],
	[1.00],
	[1.00],
	[1.00],
	[1.00],
	[1.00],
	[1.00],
	[1.00],
	[1.00],
	[1.00],
	[1.00],
	[1.00],
	[1.25],
	[1.25],
	[1.25],
	[1.25],
	[0],
	[0],
	[0],
	[0],
	[1.00],
	[1.00],
	[1.00],
	[1.00],
	[1.00],
	[1.00],
	[1.00],
	[1.00],
	[0],
	[0],
	[0],
	[0],
	[0],
	[0],
	[0],
	[0],
	[0],
	[0],
	[0],
	[0],
	[0],
	[0],
	[0],
	[0],
	[0],
	[0],
	[0],
	[0],
	[0],
	[0],
	[0],
	[0],
	[0],
	[0],
	[0],
	[0] ]
overcost [
	[0],
	[0],
	[0],
	[0],
	[0],
	[0],
	[0],
	[0],
	[0],
	[0],
	[0],
	[0],
	[0],
	[0],
	[0],
	[0],
	[0],
	[0],
	[0],
	[0],
	[0],
	[0],
	[0],
	[0],
	[0],
	[0],
	[0],
	[0],
	[0],
	[0],
	[0],
	[0],
	[0],
	[0],
	[0],
	[0],
	[1.060394e+01],
	[1.060394e+01],
	[1.060394e+01],
	[1.060394e+01],
	[8.061015e+00],
	[8.061015e+00],
	[8.061015e+00],
	[8.061015e+00],
	[3.754897e+00],
	[3.754897e+00],
	[3.754897e+00],
	[3.754897e+00],
	[1.873655e+00],
	[1.873655e+00],
	[1.873655e+00],
	[1.873655e+00],
	[2.289838e+00],
	[2.289838e+00],
	[2.289838e+00],
	[2.289838e+00],
	[0],
	[0],
	[0],
	[0],
	[1.836322e+00],
	[1.836322e+00],
	[1.836322e+00],
	[1.836322e+00],
	[4.014302e+00],
	[4.014302e+00],
	[4.014302e+00],
	[4.014302e+00],
	[0],
	[0],
	[0],
	[0],
	[0],
	[0],
	[0],
	[0],
	[0],
	[0],
	[0],
	[0],
	[0],
	[0],
	[0],
	[0],
	[0],
	[0],
	[0],
	[0],
	[0],
	[0],
	[0],
	[0],
	[0],
	[0],
	[0],
	[0] ]
undercost [
	[0],
	[0],
	[0],
	[0],
	[0],
	[0],
	[0],
	[0],
	[0],
	[0],
	[0],
	[0],
	[0],
	[0],
	[0],
	[0],
	[0],
	[0],
	[0],
	[0],
	[0],
	[0],
	[0],
	[0],
	[0],
	[0],
	[0],
	[0],
	[0],
	[0],
	[0],
	[0],
	[0],
	[0],
	[0],
	[0],
	[1.000000e+06],
	[1.000000e+06],
	[1.000000e+06],
	[1.000000e+06],
	[1.000000e+06],
	[1.000000e+06],
	[1.000000e+06],
	[1.000000e+06],
	[1.000000e+06],
	[1.000000e+06],
	[1.000000e+06],
	[1.000000e+06],
	[1.000000e+06],
	[1.000000e+06],
	[1.000000e+06],
	[1.000000e+06],
	[1.000000e+06],
	[1.000000e+06],
	[1.000000e+06],
	[1.000000e+06],
	[0],
	[0],
	[0],
	[0],
	[1.000000e+06],
	[1.000000e+06],
	[1.000000e+06],
	[1.000000e+06],
	[1.000000e+06],
	[1.000000e+06],
	[1.000000e+06],
	[1.000000e+06],
	[0],
	[0],
	[0],
	[0],
	[0],
	[0],
	[0],
	[0],
	[0],
	[0],
	[0],
	[0],
	[0],
	[0],
	[0],
	[0],
	[0],
	[0],
	[0],
	[0],
	[0],
	[0],
	[0],
	[0],
	[0],
	[0],
	[0],
	[0] ]
