387 684 1455 2879
SHOE
ACT	4
SHIFT	96
demand [
	[0, 0, 0, 0],
	[0, 0, 0, 0],
	[0, 0, 0, 0],
	[0, 0, 0, 0],
	[0, 0, 0, 0],
	[0, 0, 0, 0],
	[0, 0, 0, 0],
	[0, 0, 0, 0],
	[0, 0, 0, 0],
	[0, 0, 0, 0],
	[0, 0, 0, 0],
	[0, 0, 0, 0],
	[0, 0, 0, 0],
	[0, 0, 0, 0],
	[0, 0, 0, 0],
	[0, 0, 0, 0],
	[0, 0, 0, 0],
	[0, 0, 0, 0],
	[0, 0, 0, 0],
	[0, 0, 0, 0],
	[0, 0, 0, 0],
	[0, 0, 0, 0],
	[0, 0, 0, 0],
	[0, 0, 0, 0],
	[0, 0, 0, 0],
	[0, 0, 0, 0],
	[0, 0, 0, 0],
	[0, 0, 0, 0],
	[0, 0, 0, 0],
	[0, 0, 0, 0],
	[0, 0, 0, 0],
	[0, 0, 0, 0],
	[1.00, 0, 0, 0],
	[1.00, 0, 0, 0],
	[1.00, 0, 0, 0],
	[1.00, 0, 0, 0],
	[1.00, 0, 1.00, 1.00],
	[1.00, 0, 1.00, 1.00],
	[1.00, 0, 1.00, 1.00],
	[1.00, 0, 1.00, 1.00],
	[1.00, 1.00, 1.00, 0],
	[1.00, 1.00, 1.00, 0],
	[1.00, 1.00, 1.00, 0],
	[1.00, 1.00, 1.00, 0],
	[1.00, 1.50, 1.25, 1.00],
	[1.00, 1.50, 1.25, 1.00],
	[1.00, 1.50, 1.25, 1.00],
	[1.00, 1.50, 1.25, 1.00],
	[1.25, 1.75, 1.25, 0],
	[1.25, 1.75, 1.25, 0],
	[1.25, 1.75, 1.25, 0],
	[1.25, 1.75, 1.25, 0],
	[1.25, 1.75, 1.25, 1.00],
	[1.25, 1.75, 1.25, 1.00],
	[1.25, 1.75, 1.25, 1.00],
	[1.25, 1.75, 1.25, 1.00],
	[1.25, 1.75, 1.25, 1.00],
	[1.25, 1.75, 1.25, 1.00],
	[1.25, 1.75, 1.25, 1.00],
	[1.25, 1.75, 1.25, 1.00],
	[1.25, 1.75, 1.25, 1.00],
	[1.25, 1.75, 1.25, 1.00],
	[1.25, 1.75, 1.25, 1.00],
	[1.25, 1.75, 1.25, 1.00],
	[1.00, 1.50, 1.25, 0],
	[1.00, 1.50, 1.25, 0],
	[1.00, 1.50, 1.25, 0],
	[1.00, 1.50, 1.25, 0],
	[0, 1.50, 1.25, 0],
	[0, 1.50, 1.25, 0],
	[0, 1.50, 1.25, 0],
	[0, 1.50, 1.25, 0],
	[0, 1.75, 1.50, 0],
	[0, 1.75, 1.50, 0],
	[0, 1.75, 1.50, 0],
	[0, 1.75, 1.50, 0],
	[0, 1.75, 1.50, 0],
	[0, 1.75, 1.50, 0],
	[0, 1.75, 1.50, 0],
	[0, 1.75, 1.50, 0],
	[0, 0, 0, 0],
	[0, 0, 0, 0],
	[0, 0, 0, 0],
	[0, 0, 0, 0],
	[0, 0, 0, 0],
	[0, 0, 0, 0],
	[0, 0, 0, 0],
	[0, 0, 0, 0],
	[0, 0, 0, 0],
	[0, 0, 0, 0],
	[0, 0, 0, 0],
	[0, 0, 0, 0],
	[0, 0, 0, 0],
	[0, 0, 0, 0],
	[0, 0, 0, 0],
	[0, 0, 0, 0] ]
overcost [
	[0, 0, 0, 0],
	[0, 0, 0, 0],
	[0, 0, 0, 0],
	[0, 0, 0, 0],
	[0, 0, 0, 0],
	[0, 0, 0, 0],
	[0, 0, 0, 0],
	[0, 0, 0, 0],
	[0, 0, 0, 0],
	[0, 0, 0, 0],
	[0, 0, 0, 0],
	[0, 0, 0, 0],
	[0, 0, 0, 0],
	[0, 0, 0, 0],
	[0, 0, 0, 0],
	[0, 0, 0, 0],
	[0, 0, 0, 0],
	[0, 0, 0, 0],
	[0, 0, 0, 0],
	[0, 0, 0, 0],
	[0, 0, 0, 0],
	[0, 0, 0, 0],
	[0, 0, 0, 0],
	[0, 0, 0, 0],
	[0, 0, 0, 0],
	[0, 0, 0, 0],
	[0, 0, 0, 0],
	[0, 0, 0, 0],
	[0, 0, 0, 0],
	[0, 0, 0, 0],
	[0, 0, 0, 0],
	[0, 0, 0, 0],
	[9.766830e+00, 0, 0, 0],
	[9.766830e+00, 0, 0, 0],
	[9.766830e+00, 0, 0, 0],
	[9.766830e+00, 0, 0, 0],
	[6.568335e+00, 0, 4.599435e+00, 1.101475e+01],
	[6.568335e+00, 0, 4.599435e+00, 1.101475e+01],
	[6.568335e+00, 0, 4.599435e+00, 1.101475e+01],
	[6.568335e+00, 0, 4.599435e+00, 1.101475e+01],
	[4.941006e+00, 3.051060e+00, 3.425153e+00, 0],
	[4.941006e+00, 3.051060e+00, 3.425153e+00, 0],
	[4.941006e+00, 3.051060e+00, 3.425153e+00, 0],
	[4.941006e+00, 3.051060e+00, 3.425153e+00, 0],
	[2.338115e+00, 2.039932e+00, 2.392217e+00, 7.018796e+00],
	[2.338115e+00, 2.039932e+00, 2.392217e+00, 7.018796e+00],
	[2.338115e+00, 2.039932e+00, 2.392217e+00, 7.018796e+00],
	[2.338115e+00, 2.039932e+00, 2.392217e+00, 7.018796e+00],
	[2.434577e+00, 2.053193e+00, 2.095738e+00, 0],
	[2.434577e+00, 2.053193e+00, 2.095738e+00, 0],
	[2.434577e+00, 2.053193e+00, 2.095738e+00, 0],
	[2.434577e+00, 2.053193e+00, 2.095738e+00, 0],
	[2.069300e+00, 1.686373e+00, 1.820858e+00, 3.190538e+00],
	[2.069300e+00, 1.686373e+00, 1.820858e+00, 3.190538e+00],
	[2.069300e+00, 1.686373e+00, 1.820858e+00, 3.190538e+00],
	[2.069300e+00, 1.686373e+00, 1.820858e+00, 3.190538e+00],
	[1.984008e+00, 1.583456e+00, 1.729205e+00, 3.138524e+00],
	[1.984008e+00, 1.583456e+00, 1.729205e+00, 3.138524e+00],
	[1.984008e+00, 1.583456e+00, 1.729205e+00, 3.138524e+00],
	[1.984008e+00, 1.583456e+00, 1.729205e+00, 3.138524e+00],
	[2.140924e+00, 1.679914e+00, 1.631342e+00, 4.383809e+00],
	[2.140924e+00, 1.679914e+00, 1.631342e+00, 4.383809e+00],
	[2.140924e+00, 1.679914e+00, 1.631342e+00, 4.383809e+00],
	[2.140924e+00, 1.679914e+00, 1.631342e+00, 4.383809e+00],
	[2.337770e+00, 1.974015e+00, 2.259771e+00, 0],
	[2.337770e+00, 1.974015e+00, 2.259771e+00, 0],
	[2.337770e+00, 1.974015e+00, 2.259771e+00, 0],
	[2.337770e+00, 1.974015e+00, 2.259771e+00, 0],
	[0, 1.451080e+00, 1.885743e+00, 0],
	[0, 1.451080e+00, 1.885743e+00, 0],
	[0, 1.451080e+00, 1.885743e+00, 0],
	[0, 1.451080e+00, 1.885743e+00, 0],
	[0, 1.219242e+00, 1.998832e+00, 0],
	[0, 1.219242e+00, 1.998832e+00, 0],
	[0, 1.219242e+00, 1.998832e+00, 0],
	[0, 1.219242e+00, 1.998832e+00, 0],
	[0, 1.396491e+00, 1.675089e+00, 0],
	[0, 1.396491e+00, 1.675089e+00, 0],
	[0, 1.396491e+00, 1.675089e+00, 0],
	[0, 1.396491e+00, 1.675089e+00, 0],
	[0, 0, 0, 0],
	[0, 0, 0, 0],
	[0, 0, 0, 0],
	[0, 0, 0, 0],
	[0, 0, 0, 0],
	[0, 0, 0, 0],
	[0, 0, 0, 0],
	[0, 0, 0, 0],
	[0, 0, 0, 0],
	[0, 0, 0, 0],
	[0, 0, 0, 0],
	[0, 0, 0, 0],
	[0, 0, 0, 0],
	[0, 0, 0, 0],
	[0, 0, 0, 0],
	[0, 0, 0, 0] ]
undercost [
	[0, 0, 0, 0],
	[0, 0, 0, 0],
	[0, 0, 0, 0],
	[0, 0, 0, 0],
	[0, 0, 0, 0],
	[0, 0, 0, 0],
	[0, 0, 0, 0],
	[0, 0, 0, 0],
	[0, 0, 0, 0],
	[0, 0, 0, 0],
	[0, 0, 0, 0],
	[0, 0, 0, 0],
	[0, 0, 0, 0],
	[0, 0, 0, 0],
	[0, 0, 0, 0],
	[0, 0, 0, 0],
	[0, 0, 0, 0],
	[0, 0, 0, 0],
	[0, 0, 0, 0],
	[0, 0, 0, 0],
	[0, 0, 0, 0],
	[0, 0, 0, 0],
	[0, 0, 0, 0],
	[0, 0, 0, 0],
	[0, 0, 0, 0],
	[0, 0, 0, 0],
	[0, 0, 0, 0],
	[0, 0, 0, 0],
	[0, 0, 0, 0],
	[0, 0, 0, 0],
	[0, 0, 0, 0],
	[0, 0, 0, 0],
	[1.000000e+06, 0, 0, 0],
	[1.000000e+06, 0, 0, 0],
	[1.000000e+06, 0, 0, 0],
	[1.000000e+06, 0, 0, 0],
	[1.000000e+06, 0, 1.000000e+06, 1.000000e+06],
	[1.000000e+06, 0, 1.000000e+06, 1.000000e+06],
	[1.000000e+06, 0, 1.000000e+06, 1.000000e+06],
	[1.000000e+06, 0, 1.000000e+06, 1.000000e+06],
	[1.000000e+06, 1.000000e+06, 1.000000e+06, 0],
	[1.000000e+06, 1.000000e+06, 1.000000e+06, 0],
	[1.000000e+06, 1.000000e+06, 1.000000e+06, 0],
	[1.000000e+06, 1.000000e+06, 1.000000e+06, 0],
	[1.000000e+06, 1.000000e+06, 1.000000e+06, 1.000000e+06],
	[1.000000e+06, 1.000000e+06, 1.000000e+06, 1.000000e+06],
	[1.000000e+06, 1.000000e+06, 1.000000e+06, 1.000000e+06],
	[1.000000e+06, 1.000000e+06, 1.000000e+06, 1.000000e+06],
	[1.000000e+06, 1.000000e+06, 1.000000e+06, 0],
	[1.000000e+06, 1.000000e+06, 1.000000e+06, 0],
	[1.000000e+06, 1.000000e+06, 1.000000e+06, 0],
	[1.000000e+06, 1.000000e+06, 1.000000e+06, 0],
	[1.000000e+06, 1.000000e+06, 1.000000e+06, 1.000000e+06],
	[1.000000e+06, 1.000000e+06, 1.000000e+06, 1.000000e+06],
	[1.000000e+06, 1.000000e+06, 1.000000e+06, 1.000000e+06],
	[1.000000e+06, 1.000000e+06, 1.000000e+06, 1.000000e+06],
	[1.000000e+06, 1.000000e+06, 1.000000e+06, 1.000000e+06],
	[1.000000e+06, 1.000000e+06, 1.000000e+06, 1.000000e+06],
	[1.000000e+06, 1.000000e+06, 1.000000e+06, 1.000000e+06],
	[1.000000e+06, 1.000000e+06, 1.000000e+06, 1.000000e+06],
	[1.000000e+06, 1.000000e+06, 1.000000e+06, 1.000000e+06],
	[1.000000e+06, 1.000000e+06, 1.000000e+06, 1.000000e+06],
	[1.000000e+06, 1.000000e+06, 1.000000e+06, 1.000000e+06],
	[1.000000e+06, 1.000000e+06, 1.000000e+06, 1.000000e+06],
	[1.000000e+06, 1.000000e+06, 1.000000e+06, 0],
	[1.000000e+06, 1.000000e+06, 1.000000e+06, 0],
	[1.000000e+06, 1.000000e+06, 1.000000e+06, 0],
	[1.000000e+06, 1.000000e+06, 1.000000e+06, 0],
	[0, 1.000000e+06, 1.000000e+06, 0],
	[0, 1.000000e+06, 1.000000e+06, 0],
	[0, 1.000000e+06, 1.000000e+06, 0],
	[0, 1.000000e+06, 1.000000e+06, 0],
	[0, 1.000000e+06, 1.000000e+06, 0],
	[0, 1.000000e+06, 1.000000e+06, 0],
	[0, 1.000000e+06, 1.000000e+06, 0],
	[0, 1.000000e+06, 1.000000e+06, 0],
	[0, 1.000000e+06, 1.000000e+06, 0],
	[0, 1.000000e+06, 1.000000e+06, 0],
	[0, 1.000000e+06, 1.000000e+06, 0],
	[0, 1.000000e+06, 1.000000e+06, 0],
	[0, 0, 0, 0],
	[0, 0, 0, 0],
	[0, 0, 0, 0],
	[0, 0, 0, 0],
	[0, 0, 0, 0],
	[0, 0, 0, 0],
	[0, 0, 0, 0],
	[0, 0, 0, 0],
	[0, 0, 0, 0],
	[0, 0, 0, 0],
	[0, 0, 0, 0],
	[0, 0, 0, 0],
	[0, 0, 0, 0],
	[0, 0, 0, 0],
	[0, 0, 0, 0],
	[0, 0, 0, 0] ]
