316 754 856 3084
SHOE
ACT	4
SHIFT	96
demand [
	[0, 0, 0, 0],
	[0, 0, 0, 0],
	[0, 0, 0, 0],
	[0, 0, 0, 0],
	[0, 0, 0, 0],
	[0, 0, 0, 0],
	[0, 0, 0, 0],
	[0, 0, 0, 0],
	[0, 0, 0, 0],
	[0, 0, 0, 0],
	[0, 0, 0, 0],
	[0, 0, 0, 0],
	[0, 0, 0, 0],
	[0, 0, 0, 0],
	[0, 0, 0, 0],
	[0, 0, 0, 0],
	[0, 0, 0, 0],
	[0, 0, 0, 0],
	[0, 0, 0, 0],
	[0, 0, 0, 0],
	[0, 0, 0, 0],
	[0, 0, 0, 0],
	[0, 0, 0, 0],
	[0, 0, 0, 0],
	[0, 0, 0, 0],
	[0, 0, 0, 0],
	[0, 0, 0, 0],
	[0, 0, 0, 0],
	[0, 0, 0, 0],
	[0, 0, 0, 0],
	[0, 0, 0, 0],
	[0, 0, 0, 0],
	[1.00, 1.00, 0, 0],
	[1.00, 1.00, 0, 0],
	[1.00, 1.00, 0, 0],
	[1.00, 1.00, 0, 0],
	[1.00, 1.00, 0, 0],
	[1.00, 1.00, 0, 0],
	[1.00, 1.00, 0, 0],
	[1.00, 1.00, 0, 0],
	[1.00, 0, 0, 0],
	[1.00, 0, 0, 0],
	[1.00, 0, 0, 0],
	[1.00, 0, 0, 0],
	[1.00, 1.00, 3.75, 1.00],
	[1.00, 1.00, 3.75, 1.00],
	[1.00, 1.00, 3.75, 1.00],
	[1.00, 1.00, 3.75, 1.00],
	[1.50, 1.25, 4.25, 0],
	[1.50, 1.25, 4.25, 0],
	[1.50, 1.25, 4.25, 0],
	[1.50, 1.25, 4.25, 0],
	[1.50, 1.25, 4.25, 0],
	[1.50, 1.25, 4.25, 0],
	[1.50, 1.25, 4.25, 0],
	[1.50, 1.25, 4.25, 0],
	[1.50, 1.25, 4.50, 1.00],
	[1.50, 1.25, 4.50, 1.00],
	[1.50, 1.25, 4.50, 1.00],
	[1.50, 1.25, 4.50, 1.00],
	[1.50, 1.25, 4.50, 1.00],
	[1.50, 1.25, 4.50, 1.00],
	[1.50, 1.25, 4.50, 1.00],
	[1.50, 1.25, 4.50, 1.00],
	[1.00, 1.00, 0, 0],
	[1.00, 1.00, 0, 0],
	[1.00, 1.00, 0, 0],
	[1.00, 1.00, 0, 0],
	[1.25, 0, 0, 0],
	[1.25, 0, 0, 0],
	[1.25, 0, 0, 0],
	[1.25, 0, 0, 0],
	[1.50, 0, 0, 0],
	[1.50, 0, 0, 0],
	[1.50, 0, 0, 0],
	[1.50, 0, 0, 0],
	[0, 0, 0, 1.00],
	[0, 0, 0, 1.00],
	[0, 0, 0, 1.00],
	[0, 0, 0, 1.00],
	[0, 0, 0, 0],
	[0, 0, 0, 0],
	[0, 0, 0, 0],
	[0, 0, 0, 0],
	[0, 0, 0, 0],
	[0, 0, 0, 0],
	[0, 0, 0, 0],
	[0, 0, 0, 0],
	[0, 0, 0, 0],
	[0, 0, 0, 0],
	[0, 0, 0, 0],
	[0, 0, 0, 0],
	[0, 0, 0, 0],
	[0, 0, 0, 0],
	[0, 0, 0, 0],
	[0, 0, 0, 0] ]
overcost [
	[0, 0, 0, 0],
	[0, 0, 0, 0],
	[0, 0, 0, 0],
	[0, 0, 0, 0],
	[0, 0, 0, 0],
	[0, 0, 0, 0],
	[0, 0, 0, 0],
	[0, 0, 0, 0],
	[0, 0, 0, 0],
	[0, 0, 0, 0],
	[0, 0, 0, 0],
	[0, 0, 0, 0],
	[0, 0, 0, 0],
	[0, 0, 0, 0],
	[0, 0, 0, 0],
	[0, 0, 0, 0],
	[0, 0, 0, 0],
	[0, 0, 0, 0],
	[0, 0, 0, 0],
	[0, 0, 0, 0],
	[0, 0, 0, 0],
	[0, 0, 0, 0],
	[0, 0, 0, 0],
	[0, 0, 0, 0],
	[0, 0, 0, 0],
	[0, 0, 0, 0],
	[0, 0, 0, 0],
	[0, 0, 0, 0],
	[0, 0, 0, 0],
	[0, 0, 0, 0],
	[0, 0, 0, 0],
	[0, 0, 0, 0],
	[9.500976e+00, 1.069123e+01, 0, 0],
	[9.500976e+00, 1.069123e+01, 0, 0],
	[9.500976e+00, 1.069123e+01, 0, 0],
	[9.500976e+00, 1.069123e+01, 0, 0],
	[9.383726e+00, 1.057079e+01, 0, 0],
	[9.383726e+00, 1.057079e+01, 0, 0],
	[9.383726e+00, 1.057079e+01, 0, 0],
	[9.383726e+00, 1.057079e+01, 0, 0],
	[6.322551e+00, 0, 0, 0],
	[6.322551e+00, 0, 0, 0],
	[6.322551e+00, 0, 0, 0],
	[6.322551e+00, 0, 0, 0],
	[1.955145e+00, 3.390406e+00, 6.953481e-01, 5.671106e+00],
	[1.955145e+00, 3.390406e+00, 6.953481e-01, 5.671106e+00],
	[1.955145e+00, 3.390406e+00, 6.953481e-01, 5.671106e+00],
	[1.955145e+00, 3.390406e+00, 6.953481e-01, 5.671106e+00],
	[1.858226e+00, 2.433905e+00, 9.884699e-01, 0],
	[1.858226e+00, 2.433905e+00, 9.884699e-01, 0],
	[1.858226e+00, 2.433905e+00, 9.884699e-01, 0],
	[1.858226e+00, 2.433905e+00, 9.884699e-01, 0],
	[1.338325e+00, 1.858739e+00, 6.892778e-01, 0],
	[1.338325e+00, 1.858739e+00, 6.892778e-01, 0],
	[1.338325e+00, 1.858739e+00, 6.892778e-01, 0],
	[1.338325e+00, 1.858739e+00, 6.892778e-01, 0],
	[1.239345e+00, 1.756134e+00, 8.992128e-01, 3.927624e+00],
	[1.239345e+00, 1.756134e+00, 8.992128e-01, 3.927624e+00],
	[1.239345e+00, 1.756134e+00, 8.992128e-01, 3.927624e+00],
	[1.239345e+00, 1.756134e+00, 8.992128e-01, 3.927624e+00],
	[1.805854e+00, 2.398462e+00, 8.175071e-01, 4.394940e+00],
	[1.805854e+00, 2.398462e+00, 8.175071e-01, 4.394940e+00],
	[1.805854e+00, 2.398462e+00, 8.175071e-01, 4.394940e+00],
	[1.805854e+00, 2.398462e+00, 8.175071e-01, 4.394940e+00],
	[2.188611e+00, 3.652854e+00, 0, 0],
	[2.188611e+00, 3.652854e+00, 0, 0],
	[2.188611e+00, 3.652854e+00, 0, 0],
	[2.188611e+00, 3.652854e+00, 0, 0],
	[2.233775e+00, 0, 0, 0],
	[2.233775e+00, 0, 0, 0],
	[2.233775e+00, 0, 0, 0],
	[2.233775e+00, 0, 0, 0],
	[1.445309e+00, 0, 0, 0],
	[1.445309e+00, 0, 0, 0],
	[1.445309e+00, 0, 0, 0],
	[1.445309e+00, 0, 0, 0],
	[0, 0, 0, 5.327811e+00],
	[0, 0, 0, 5.327811e+00],
	[0, 0, 0, 5.327811e+00],
	[0, 0, 0, 5.327811e+00],
	[0, 0, 0, 0],
	[0, 0, 0, 0],
	[0, 0, 0, 0],
	[0, 0, 0, 0],
	[0, 0, 0, 0],
	[0, 0, 0, 0],
	[0, 0, 0, 0],
	[0, 0, 0, 0],
	[0, 0, 0, 0],
	[0, 0, 0, 0],
	[0, 0, 0, 0],
	[0, 0, 0, 0],
	[0, 0, 0, 0],
	[0, 0, 0, 0],
	[0, 0, 0, 0],
	[0, 0, 0, 0] ]
undercost [
	[0, 0, 0, 0],
	[0, 0, 0, 0],
	[0, 0, 0, 0],
	[0, 0, 0, 0],
	[0, 0, 0, 0],
	[0, 0, 0, 0],
	[0, 0, 0, 0],
	[0, 0, 0, 0],
	[0, 0, 0, 0],
	[0, 0, 0, 0],
	[0, 0, 0, 0],
	[0, 0, 0, 0],
	[0, 0, 0, 0],
	[0, 0, 0, 0],
	[0, 0, 0, 0],
	[0, 0, 0, 0],
	[0, 0, 0, 0],
	[0, 0, 0, 0],
	[0, 0, 0, 0],
	[0, 0, 0, 0],
	[0, 0, 0, 0],
	[0, 0, 0, 0],
	[0, 0, 0, 0],
	[0, 0, 0, 0],
	[0, 0, 0, 0],
	[0, 0, 0, 0],
	[0, 0, 0, 0],
	[0, 0, 0, 0],
	[0, 0, 0, 0],
	[0, 0, 0, 0],
	[0, 0, 0, 0],
	[0, 0, 0, 0],
	[1.000000e+06, 1.000000e+06, 0, 0],
	[1.000000e+06, 1.000000e+06, 0, 0],
	[1.000000e+06, 1.000000e+06, 0, 0],
	[1.000000e+06, 1.000000e+06, 0, 0],
	[1.000000e+06, 1.000000e+06, 0, 0],
	[1.000000e+06, 1.000000e+06, 0, 0],
	[1.000000e+06, 1.000000e+06, 0, 0],
	[1.000000e+06, 1.000000e+06, 0, 0],
	[1.000000e+06, 0, 0, 0],
	[1.000000e+06, 0, 0, 0],
	[1.000000e+06, 0, 0, 0],
	[1.000000e+06, 0, 0, 0],
	[1.000000e+06, 1.000000e+06, 1.448495e+00, 1.000000e+06],
	[1.000000e+06, 1.000000e+06, 1.448495e+00, 1.000000e+06],
	[1.000000e+06, 1.000000e+06, 1.448495e+00, 1.000000e+06],
	[1.000000e+06, 1.000000e+06, 1.448495e+00, 1.000000e+06],
	[1.000000e+06, 1.000000e+06, 8.243940e-01, 0],
	[1.000000e+06, 1.000000e+06, 8.243940e-01, 0],
	[1.000000e+06, 1.000000e+06, 8.243940e-01, 0],
	[1.000000e+06, 1.000000e+06, 8.243940e-01, 0],
	[1.000000e+06, 1.000000e+06, 1.174662e+00, 0],
	[1.000000e+06, 1.000000e+06, 1.174662e+00, 0],
	[1.000000e+06, 1.000000e+06, 1.174662e+00, 0],
	[1.000000e+06, 1.000000e+06, 1.174662e+00, 0],
	[1.000000e+06, 1.000000e+06, 8.175141e-01, 1.000000e+06],
	[1.000000e+06, 1.000000e+06, 8.175141e-01, 1.000000e+06],
	[1.000000e+06, 1.000000e+06, 8.175141e-01, 1.000000e+06],
	[1.000000e+06, 1.000000e+06, 8.175141e-01, 1.000000e+06],
	[1.000000e+06, 1.000000e+06, 9.134581e-01, 1.000000e+06],
	[1.000000e+06, 1.000000e+06, 9.134581e-01, 1.000000e+06],
	[1.000000e+06, 1.000000e+06, 9.134581e-01, 1.000000e+06],
	[1.000000e+06, 1.000000e+06, 9.134581e-01, 1.000000e+06],
	[1.000000e+06, 1.000000e+06, 0, 0],
	[1.000000e+06, 1.000000e+06, 0, 0],
	[1.000000e+06, 1.000000e+06, 0, 0],
	[1.000000e+06, 1.000000e+06, 0, 0],
	[1.000000e+06, 0, 0, 0],
	[1.000000e+06, 0, 0, 0],
	[1.000000e+06, 0, 0, 0],
	[1.000000e+06, 0, 0, 0],
	[1.000000e+06, 0, 0, 0],
	[1.000000e+06, 0, 0, 0],
	[1.000000e+06, 0, 0, 0],
	[1.000000e+06, 0, 0, 0],
	[0, 0, 0, 1.000000e+06],
	[0, 0, 0, 1.000000e+06],
	[0, 0, 0, 1.000000e+06],
	[0, 0, 0, 1.000000e+06],
	[0, 0, 0, 0],
	[0, 0, 0, 0],
	[0, 0, 0, 0],
	[0, 0, 0, 0],
	[0, 0, 0, 0],
	[0, 0, 0, 0],
	[0, 0, 0, 0],
	[0, 0, 0, 0],
	[0, 0, 0, 0],
	[0, 0, 0, 0],
	[0, 0, 0, 0],
	[0, 0, 0, 0],
	[0, 0, 0, 0],
	[0, 0, 0, 0],
	[0, 0, 0, 0],
	[0, 0, 0, 0] ]
