149 1589 2247 3470 3715 3889
SHOE
ACT	6
SHIFT	96
demand [
	[0, 0, 0, 0, 0, 0],
	[0, 0, 0, 0, 0, 0],
	[0, 0, 0, 0, 0, 0],
	[0, 0, 0, 0, 0, 0],
	[0, 0, 0, 0, 0, 0],
	[0, 0, 0, 0, 0, 0],
	[0, 0, 0, 0, 0, 0],
	[0, 0, 0, 0, 0, 0],
	[0, 0, 0, 0, 0, 0],
	[0, 0, 0, 0, 0, 0],
	[0, 0, 0, 0, 0, 0],
	[0, 0, 0, 0, 0, 0],
	[0, 0, 0, 0, 0, 0],
	[0, 0, 0, 0, 0, 0],
	[0, 0, 0, 0, 0, 0],
	[0, 0, 0, 0, 0, 0],
	[0, 0, 0, 0, 0, 0],
	[0, 0, 0, 0, 0, 0],
	[0, 0, 0, 0, 0, 0],
	[0, 0, 0, 0, 0, 0],
	[0, 0, 0, 0, 0, 0],
	[0, 0, 0, 0, 0, 0],
	[0, 0, 0, 0, 0, 0],
	[0, 0, 0, 0, 0, 0],
	[0, 0, 0, 0, 0, 0],
	[0, 0, 0, 0, 0, 0],
	[0, 0, 0, 0, 0, 0],
	[0, 0, 0, 0, 0, 0],
	[0, 0, 0, 0, 0, 0],
	[0, 0, 0, 0, 0, 0],
	[0, 0, 0, 0, 0, 0],
	[0, 0, 0, 0, 0, 0],
	[0, 1.00, 1.00, 0, 0, 0],
	[0, 1.00, 1.00, 0, 0, 0],
	[0, 1.00, 1.00, 0, 0, 0],
	[0, 1.00, 1.00, 0, 0, 0],
	[1.00, 1.00, 1.00, 1.00, 1.00, 1.00],
	[1.00, 1.00, 1.00, 1.00, 1.00, 1.00],
	[1.00, 1.00, 1.00, 1.00, 1.00, 1.00],
	[1.00, 1.00, 1.00, 1.00, 1.00, 1.00],
	[1.00, 0, 1.25, 1.00, 1.00, 1.00],
	[1.00, 0, 1.25, 1.00, 1.00, 1.00],
	[1.00, 0, 1.25, 1.00, 1.00, 1.00],
	[1.00, 0, 1.25, 1.00, 1.00, 1.00],
	[1.00, 1.75, 1.75, 1.25, 1.00, 1.50],
	[1.00, 1.75, 1.75, 1.25, 1.00, 1.50],
	[1.00, 1.75, 1.75, 1.25, 1.00, 1.50],
	[1.00, 1.75, 1.75, 1.25, 1.00, 1.50],
	[1.00, 1.75, 0, 1.75, 1.25, 2.25],
	[1.00, 1.75, 0, 1.75, 1.25, 2.25],
	[1.00, 1.75, 0, 1.75, 1.25, 2.25],
	[1.00, 1.75, 0, 1.75, 1.25, 2.25],
	[1.00, 1.75, 2.00, 2.00, 1.50, 2.25],
	[1.00, 1.75, 2.00, 2.00, 1.50, 2.25],
	[1.00, 1.75, 2.00, 2.00, 1.50, 2.25],
	[1.00, 1.75, 2.00, 2.00, 1.50, 2.25],
	[1.00, 2.00, 2.00, 2.00, 1.50, 2.25],
	[1.00, 2.00, 2.00, 2.00, 1.50, 2.25],
	[1.00, 2.00, 2.00, 2.00, 1.50, 2.25],
	[1.00, 2.00, 2.00, 2.00, 1.50, 2.25],
	[1.00, 2.00, 2.00, 1.75, 1.25, 2.25],
	[1.00, 2.00, 2.00, 1.75, 1.25, 2.25],
	[1.00, 2.00, 2.00, 1.75, 1.25, 2.25],
	[1.00, 2.00, 2.00, 1.75, 1.25, 2.25],
	[1.00, 1.75, 1.75, 1.25, 1.00, 1.50],
	[1.00, 1.75, 1.75, 1.25, 1.00, 1.50],
	[1.00, 1.75, 1.75, 1.25, 1.00, 1.50],
	[1.00, 1.75, 1.75, 1.25, 1.00, 1.50],
	[1.00, 1.75, 1.75, 1.50, 1.00, 1.75],
	[1.00, 1.75, 1.75, 1.50, 1.00, 1.75],
	[1.00, 1.75, 1.75, 1.50, 1.00, 1.75],
	[1.00, 1.75, 1.75, 1.50, 1.00, 1.75],
	[1.00, 0, 2.00, 2.00, 1.25, 2.25],
	[1.00, 0, 2.00, 2.00, 1.25, 2.25],
	[1.00, 0, 2.00, 2.00, 1.25, 2.25],
	[1.00, 0, 2.00, 2.00, 1.25, 2.25],
	[1.00, 0, 2.00, 1.50, 1.00, 1.75],
	[1.00, 0, 2.00, 1.50, 1.00, 1.75],
	[1.00, 0, 2.00, 1.50, 1.00, 1.75],
	[1.00, 0, 2.00, 1.50, 1.00, 1.75],
	[0, 0, 1.25, 0, 0, 0],
	[0, 0, 1.25, 0, 0, 0],
	[0, 0, 1.25, 0, 0, 0],
	[0, 0, 1.25, 0, 0, 0],
	[0, 0, 0, 0, 0, 0],
	[0, 0, 0, 0, 0, 0],
	[0, 0, 0, 0, 0, 0],
	[0, 0, 0, 0, 0, 0],
	[0, 0, 0, 0, 0, 0],
	[0, 0, 0, 0, 0, 0],
	[0, 0, 0, 0, 0, 0],
	[0, 0, 0, 0, 0, 0],
	[0, 0, 0, 0, 0, 0],
	[0, 0, 0, 0, 0, 0],
	[0, 0, 0, 0, 0, 0],
	[0, 0, 0, 0, 0, 0] ]
overcost [
	[0, 0, 0, 0, 0, 0],
	[0, 0, 0, 0, 0, 0],
	[0, 0, 0, 0, 0, 0],
	[0, 0, 0, 0, 0, 0],
	[0, 0, 0, 0, 0, 0],
	[0, 0, 0, 0, 0, 0],
	[0, 0, 0, 0, 0, 0],
	[0, 0, 0, 0, 0, 0],
	[0, 0, 0, 0, 0, 0],
	[0, 0, 0, 0, 0, 0],
	[0, 0, 0, 0, 0, 0],
	[0, 0, 0, 0, 0, 0],
	[0, 0, 0, 0, 0, 0],
	[0, 0, 0, 0, 0, 0],
	[0, 0, 0, 0, 0, 0],
	[0, 0, 0, 0, 0, 0],
	[0, 0, 0, 0, 0, 0],
	[0, 0, 0, 0, 0, 0],
	[0, 0, 0, 0, 0, 0],
	[0, 0, 0, 0, 0, 0],
	[0, 0, 0, 0, 0, 0],
	[0, 0, 0, 0, 0, 0],
	[0, 0, 0, 0, 0, 0],
	[0, 0, 0, 0, 0, 0],
	[0, 0, 0, 0, 0, 0],
	[0, 0, 0, 0, 0, 0],
	[0, 0, 0, 0, 0, 0],
	[0, 0, 0, 0, 0, 0],
	[0, 0, 0, 0, 0, 0],
	[0, 0, 0, 0, 0, 0],
	[0, 0, 0, 0, 0, 0],
	[0, 0, 0, 0, 0, 0],
	[0, 5.965676e+00, 6.531117e+00, 0, 0, 0],
	[0, 5.965676e+00, 6.531117e+00, 0, 0, 0],
	[0, 5.965676e+00, 6.531117e+00, 0, 0, 0],
	[0, 5.965676e+00, 6.531117e+00, 0, 0, 0],
	[7.644070e+00, 2.999753e+00, 3.177037e+00, 1.029996e+01, 9.318674e+00, 9.430550e+00],
	[7.644070e+00, 2.999753e+00, 3.177037e+00, 1.029996e+01, 9.318674e+00, 9.430550e+00],
	[7.644070e+00, 2.999753e+00, 3.177037e+00, 1.029996e+01, 9.318674e+00, 9.430550e+00],
	[7.644070e+00, 2.999753e+00, 3.177037e+00, 1.029996e+01, 9.318674e+00, 9.430550e+00],
	[6.497055e+00, 0, 2.521297e+00, 6.063007e+00, 9.270723e+00, 5.079702e+00],
	[6.497055e+00, 0, 2.521297e+00, 6.063007e+00, 9.270723e+00, 5.079702e+00],
	[6.497055e+00, 0, 2.521297e+00, 6.063007e+00, 9.270723e+00, 5.079702e+00],
	[6.497055e+00, 0, 2.521297e+00, 6.063007e+00, 9.270723e+00, 5.079702e+00],
	[4.799202e+00, 2.010631e+00, 1.794495e+00, 1.763052e+00, 5.485422e+00, 1.417677e+00],
	[4.799202e+00, 2.010631e+00, 1.794495e+00, 1.763052e+00, 5.485422e+00, 1.417677e+00],
	[4.799202e+00, 2.010631e+00, 1.794495e+00, 1.763052e+00, 5.485422e+00, 1.417677e+00],
	[4.799202e+00, 2.010631e+00, 1.794495e+00, 1.763052e+00, 5.485422e+00, 1.417677e+00],
	[4.121553e+00, 1.533148e+00, 0, 1.528064e+00, 1.682887e+00, 1.579733e+00],
	[4.121553e+00, 1.533148e+00, 0, 1.528064e+00, 1.682887e+00, 1.579733e+00],
	[4.121553e+00, 1.533148e+00, 0, 1.528064e+00, 1.682887e+00, 1.579733e+00],
	[4.121553e+00, 1.533148e+00, 0, 1.528064e+00, 1.682887e+00, 1.579733e+00],
	[3.858143e+00, 1.237428e+00, 1.536147e+00, 1.644089e+00, 1.486788e+00, 1.033607e+00],
	[3.858143e+00, 1.237428e+00, 1.536147e+00, 1.644089e+00, 1.486788e+00, 1.033607e+00],
	[3.858143e+00, 1.237428e+00, 1.536147e+00, 1.644089e+00, 1.486788e+00, 1.033607e+00],
	[3.858143e+00, 1.237428e+00, 1.536147e+00, 1.644089e+00, 1.486788e+00, 1.033607e+00],
	[3.796984e+00, 1.780350e+00, 1.411239e+00, 1.547537e+00, 1.434831e+00, 9.410604e-01],
	[3.796984e+00, 1.780350e+00, 1.411239e+00, 1.547537e+00, 1.434831e+00, 9.410604e-01],
	[3.796984e+00, 1.780350e+00, 1.411239e+00, 1.547537e+00, 1.434831e+00, 9.410604e-01],
	[3.796984e+00, 1.780350e+00, 1.411239e+00, 1.547537e+00, 1.434831e+00, 9.410604e-01],
	[3.991524e+00, 1.749630e+00, 1.432127e+00, 1.437847e+00, 2.347482e+00, 1.501871e+00],
	[3.991524e+00, 1.749630e+00, 1.432127e+00, 1.437847e+00, 2.347482e+00, 1.501871e+00],
	[3.991524e+00, 1.749630e+00, 1.432127e+00, 1.437847e+00, 2.347482e+00, 1.501871e+00],
	[3.991524e+00, 1.749630e+00, 1.432127e+00, 1.437847e+00, 2.347482e+00, 1.501871e+00],
	[4.831176e+00, 1.834895e+00, 1.627928e+00, 2.025934e+00, 6.967900e+00, 1.676592e+00],
	[4.831176e+00, 1.834895e+00, 1.627928e+00, 2.025934e+00, 6.967900e+00, 1.676592e+00],
	[4.831176e+00, 1.834895e+00, 1.627928e+00, 2.025934e+00, 6.967900e+00, 1.676592e+00],
	[4.831176e+00, 1.834895e+00, 1.627928e+00, 2.025934e+00, 6.967900e+00, 1.676592e+00],
	[4.483383e+00, 1.471436e+00, 1.210604e+00, 1.953354e+00, 4.753736e+00, 1.494473e+00],
	[4.483383e+00, 1.471436e+00, 1.210604e+00, 1.953354e+00, 4.753736e+00, 1.494473e+00],
	[4.483383e+00, 1.471436e+00, 1.210604e+00, 1.953354e+00, 4.753736e+00, 1.494473e+00],
	[4.483383e+00, 1.471436e+00, 1.210604e+00, 1.953354e+00, 4.753736e+00, 1.494473e+00],
	[3.749858e+00, 0, 1.075459e+00, 1.669420e+00, 1.760861e+00, 1.057603e+00],
	[3.749858e+00, 0, 1.075459e+00, 1.669420e+00, 1.760861e+00, 1.057603e+00],
	[3.749858e+00, 0, 1.075459e+00, 1.669420e+00, 1.760861e+00, 1.057603e+00],
	[3.749858e+00, 0, 1.075459e+00, 1.669420e+00, 1.760861e+00, 1.057603e+00],
	[4.233767e+00, 0, 1.184368e+00, 1.741692e+00, 6.685376e+00, 1.284911e+00],
	[4.233767e+00, 0, 1.184368e+00, 1.741692e+00, 6.685376e+00, 1.284911e+00],
	[4.233767e+00, 0, 1.184368e+00, 1.741692e+00, 6.685376e+00, 1.284911e+00],
	[4.233767e+00, 0, 1.184368e+00, 1.741692e+00, 6.685376e+00, 1.284911e+00],
	[0, 0, 2.673342e+00, 0, 0, 0],
	[0, 0, 2.673342e+00, 0, 0, 0],
	[0, 0, 2.673342e+00, 0, 0, 0],
	[0, 0, 2.673342e+00, 0, 0, 0],
	[0, 0, 0, 0, 0, 0],
	[0, 0, 0, 0, 0, 0],
	[0, 0, 0, 0, 0, 0],
	[0, 0, 0, 0, 0, 0],
	[0, 0, 0, 0, 0, 0],
	[0, 0, 0, 0, 0, 0],
	[0, 0, 0, 0, 0, 0],
	[0, 0, 0, 0, 0, 0],
	[0, 0, 0, 0, 0, 0],
	[0, 0, 0, 0, 0, 0],
	[0, 0, 0, 0, 0, 0],
	[0, 0, 0, 0, 0, 0] ]
undercost [
	[0, 0, 0, 0, 0, 0],
	[0, 0, 0, 0, 0, 0],
	[0, 0, 0, 0, 0, 0],
	[0, 0, 0, 0, 0, 0],
	[0, 0, 0, 0, 0, 0],
	[0, 0, 0, 0, 0, 0],
	[0, 0, 0, 0, 0, 0],
	[0, 0, 0, 0, 0, 0],
	[0, 0, 0, 0, 0, 0],
	[0, 0, 0, 0, 0, 0],
	[0, 0, 0, 0, 0, 0],
	[0, 0, 0, 0, 0, 0],
	[0, 0, 0, 0, 0, 0],
	[0, 0, 0, 0, 0, 0],
	[0, 0, 0, 0, 0, 0],
	[0, 0, 0, 0, 0, 0],
	[0, 0, 0, 0, 0, 0],
	[0, 0, 0, 0, 0, 0],
	[0, 0, 0, 0, 0, 0],
	[0, 0, 0, 0, 0, 0],
	[0, 0, 0, 0, 0, 0],
	[0, 0, 0, 0, 0, 0],
	[0, 0, 0, 0, 0, 0],
	[0, 0, 0, 0, 0, 0],
	[0, 0, 0, 0, 0, 0],
	[0, 0, 0, 0, 0, 0],
	[0, 0, 0, 0, 0, 0],
	[0, 0, 0, 0, 0, 0],
	[0, 0, 0, 0, 0, 0],
	[0, 0, 0, 0, 0, 0],
	[0, 0, 0, 0, 0, 0],
	[0, 0, 0, 0, 0, 0],
	[0, 1.000000e+06, 1.000000e+06, 0, 0, 0],
	[0, 1.000000e+06, 1.000000e+06, 0, 0, 0],
	[0, 1.000000e+06, 1.000000e+06, 0, 0, 0],
	[0, 1.000000e+06, 1.000000e+06, 0, 0, 0],
	[1.000000e+06, 1.000000e+06, 1.000000e+06, 1.000000e+06, 1.000000e+06, 1.000000e+06],
	[1.000000e+06, 1.000000e+06, 1.000000e+06, 1.000000e+06, 1.000000e+06, 1.000000e+06],
	[1.000000e+06, 1.000000e+06, 1.000000e+06, 1.000000e+06, 1.000000e+06, 1.000000e+06],
	[1.000000e+06, 1.000000e+06, 1.000000e+06, 1.000000e+06, 1.000000e+06, 1.000000e+06],
	[1.000000e+06, 0, 1.000000e+06, 1.000000e+06, 1.000000e+06, 1.000000e+06],
	[1.000000e+06, 0, 1.000000e+06, 1.000000e+06, 1.000000e+06, 1.000000e+06],
	[1.000000e+06, 0, 1.000000e+06, 1.000000e+06, 1.000000e+06, 1.000000e+06],
	[1.000000e+06, 0, 1.000000e+06, 1.000000e+06, 1.000000e+06, 1.000000e+06],
	[1.000000e+06, 1.000000e+06, 1.000000e+06, 1.000000e+06, 1.000000e+06, 1.000000e+06],
	[1.000000e+06, 1.000000e+06, 1.000000e+06, 1.000000e+06, 1.000000e+06, 1.000000e+06],
	[1.000000e+06, 1.000000e+06, 1.000000e+06, 1.000000e+06, 1.000000e+06, 1.000000e+06],
	[1.000000e+06, 1.000000e+06, 1.000000e+06, 1.000000e+06, 1.000000e+06, 1.000000e+06],
	[1.000000e+06, 1.000000e+06, 0, 1.000000e+06, 1.000000e+06, 1.615998e+00],
	[1.000000e+06, 1.000000e+06, 0, 1.000000e+06, 1.000000e+06, 1.615998e+00],
	[1.000000e+06, 1.000000e+06, 0, 1.000000e+06, 1.000000e+06, 1.615998e+00],
	[1.000000e+06, 1.000000e+06, 0, 1.000000e+06, 1.000000e+06, 1.615998e+00],
	[1.000000e+06, 1.000000e+06, 2.487701e+00, 2.402826e+00, 1.000000e+06, 2.358171e+00],
	[1.000000e+06, 1.000000e+06, 2.487701e+00, 2.402826e+00, 1.000000e+06, 2.358171e+00],
	[1.000000e+06, 1.000000e+06, 2.487701e+00, 2.402826e+00, 1.000000e+06, 2.358171e+00],
	[1.000000e+06, 1.000000e+06, 2.487701e+00, 2.402826e+00, 1.000000e+06, 2.358171e+00],
	[1.000000e+06, 1.981981e+00, 2.664685e+00, 2.540246e+00, 1.000000e+06, 2.484327e+00],
	[1.000000e+06, 1.981981e+00, 2.664685e+00, 2.540246e+00, 1.000000e+06, 2.484327e+00],
	[1.000000e+06, 1.981981e+00, 2.664685e+00, 2.540246e+00, 1.000000e+06, 2.484327e+00],
	[1.000000e+06, 1.981981e+00, 2.664685e+00, 2.540246e+00, 1.000000e+06, 2.484327e+00],
	[1.000000e+06, 2.034156e+00, 2.643689e+00, 1.000000e+06, 1.000000e+06, 1.725759e+00],
	[1.000000e+06, 2.034156e+00, 2.643689e+00, 1.000000e+06, 1.000000e+06, 1.725759e+00],
	[1.000000e+06, 2.034156e+00, 2.643689e+00, 1.000000e+06, 1.000000e+06, 1.725759e+00],
	[1.000000e+06, 2.034156e+00, 2.643689e+00, 1.000000e+06, 1.000000e+06, 1.725759e+00],
	[1.000000e+06, 1.000000e+06, 1.000000e+06, 1.000000e+06, 1.000000e+06, 1.000000e+06],
	[1.000000e+06, 1.000000e+06, 1.000000e+06, 1.000000e+06, 1.000000e+06, 1.000000e+06],
	[1.000000e+06, 1.000000e+06, 1.000000e+06, 1.000000e+06, 1.000000e+06, 1.000000e+06],
	[1.000000e+06, 1.000000e+06, 1.000000e+06, 1.000000e+06, 1.000000e+06, 1.000000e+06],
	[1.000000e+06, 1.000000e+06, 1.000000e+06, 1.000000e+06, 1.000000e+06, 1.000000e+06],
	[1.000000e+06, 1.000000e+06, 1.000000e+06, 1.000000e+06, 1.000000e+06, 1.000000e+06],
	[1.000000e+06, 1.000000e+06, 1.000000e+06, 1.000000e+06, 1.000000e+06, 1.000000e+06],
	[1.000000e+06, 1.000000e+06, 1.000000e+06, 1.000000e+06, 1.000000e+06, 1.000000e+06],
	[1.000000e+06, 0, 3.152586e+00, 2.376625e+00, 1.000000e+06, 2.332579e+00],
	[1.000000e+06, 0, 3.152586e+00, 2.376625e+00, 1.000000e+06, 2.332579e+00],
	[1.000000e+06, 0, 3.152586e+00, 2.376625e+00, 1.000000e+06, 2.332579e+00],
	[1.000000e+06, 0, 3.152586e+00, 2.376625e+00, 1.000000e+06, 2.332579e+00],
	[1.000000e+06, 0, 3.016687e+00, 1.000000e+06, 1.000000e+06, 1.000000e+06],
	[1.000000e+06, 0, 3.016687e+00, 1.000000e+06, 1.000000e+06, 1.000000e+06],
	[1.000000e+06, 0, 3.016687e+00, 1.000000e+06, 1.000000e+06, 1.000000e+06],
	[1.000000e+06, 0, 3.016687e+00, 1.000000e+06, 1.000000e+06, 1.000000e+06],
	[0, 0, 1.000000e+06, 0, 0, 0],
	[0, 0, 1.000000e+06, 0, 0, 0],
	[0, 0, 1.000000e+06, 0, 0, 0],
	[0, 0, 1.000000e+06, 0, 0, 0],
	[0, 0, 0, 0, 0, 0],
	[0, 0, 0, 0, 0, 0],
	[0, 0, 0, 0, 0, 0],
	[0, 0, 0, 0, 0, 0],
	[0, 0, 0, 0, 0, 0],
	[0, 0, 0, 0, 0, 0],
	[0, 0, 0, 0, 0, 0],
	[0, 0, 0, 0, 0, 0],
	[0, 0, 0, 0, 0, 0],
	[0, 0, 0, 0, 0, 0],
	[0, 0, 0, 0, 0, 0],
	[0, 0, 0, 0, 0, 0] ]
