954 1559 3616 3910 4024 4295
SHOE
ACT	6
SHIFT	96
demand [
	[0, 0, 0, 0, 0, 0],
	[0, 0, 0, 0, 0, 0],
	[0, 0, 0, 0, 0, 0],
	[0, 0, 0, 0, 0, 0],
	[0, 0, 0, 0, 0, 0],
	[0, 0, 0, 0, 0, 0],
	[0, 0, 0, 0, 0, 0],
	[0, 0, 0, 0, 0, 0],
	[0, 0, 0, 0, 0, 0],
	[0, 0, 0, 0, 0, 0],
	[0, 0, 0, 0, 0, 0],
	[0, 0, 0, 0, 0, 0],
	[0, 0, 0, 0, 0, 0],
	[0, 0, 0, 0, 0, 0],
	[0, 0, 0, 0, 0, 0],
	[0, 0, 0, 0, 0, 0],
	[0, 0, 0, 0, 0, 0],
	[0, 0, 0, 0, 0, 0],
	[0, 0, 0, 0, 0, 0],
	[0, 0, 0, 0, 0, 0],
	[0, 0, 0, 0, 0, 0],
	[0, 0, 0, 0, 0, 0],
	[0, 0, 0, 0, 0, 0],
	[0, 0, 0, 0, 0, 0],
	[0, 0, 0, 0, 0, 0],
	[0, 0, 0, 0, 0, 0],
	[0, 0, 0, 0, 0, 0],
	[0, 0, 0, 0, 0, 0],
	[0, 0, 0, 0, 0, 0],
	[0, 0, 0, 0, 0, 0],
	[0, 0, 0, 0, 0, 0],
	[0, 0, 0, 0, 0, 0],
	[0, 1.00, 0, 2.75, 0, 0],
	[0, 1.00, 0, 2.75, 0, 0],
	[0, 1.00, 0, 2.75, 0, 0],
	[0, 1.00, 0, 2.75, 0, 0],
	[0, 1.00, 1.00, 5.50, 1.00, 1.00],
	[0, 1.00, 1.00, 5.50, 1.00, 1.00],
	[0, 1.00, 1.00, 5.50, 1.00, 1.00],
	[0, 1.00, 1.00, 5.50, 1.00, 1.00],
	[3.75, 1.25, 1.00, 7.00, 1.00, 1.00],
	[3.75, 1.25, 1.00, 7.00, 1.00, 1.00],
	[3.75, 1.25, 1.00, 7.00, 1.00, 1.00],
	[3.75, 1.25, 1.00, 7.00, 1.00, 1.00],
	[4.75, 1.75, 1.00, 10.00, 1.00, 1.00],
	[4.75, 1.75, 1.00, 10.00, 1.00, 1.00],
	[4.75, 1.75, 1.00, 10.00, 1.00, 1.00],
	[4.75, 1.75, 1.00, 10.00, 1.00, 1.00],
	[4.75, 1.75, 1.00, 11.00, 1.00, 1.00],
	[4.75, 1.75, 1.00, 11.00, 1.00, 1.00],
	[4.75, 1.75, 1.00, 11.00, 1.00, 1.00],
	[4.75, 1.75, 1.00, 11.00, 1.00, 1.00],
	[5.00, 2.00, 1.00, 11.50, 1.25, 1.00],
	[5.00, 2.00, 1.00, 11.50, 1.25, 1.00],
	[5.00, 2.00, 1.00, 11.50, 1.25, 1.00],
	[5.00, 2.00, 1.00, 11.50, 1.25, 1.00],
	[5.00, 2.00, 1.00, 11.75, 1.25, 1.00],
	[5.00, 2.00, 1.00, 11.75, 1.25, 1.00],
	[5.00, 2.00, 1.00, 11.75, 1.25, 1.00],
	[5.00, 2.00, 1.00, 11.75, 1.25, 1.00],
	[5.25, 2.00, 1.00, 11.75, 1.25, 0],
	[5.25, 2.00, 1.00, 11.75, 1.25, 0],
	[5.25, 2.00, 1.00, 11.75, 1.25, 0],
	[5.25, 2.00, 1.00, 11.75, 1.25, 0],
	[0, 1.75, 1.00, 0, 1.00, 1.00],
	[0, 1.75, 1.00, 0, 1.00, 1.00],
	[0, 1.75, 1.00, 0, 1.00, 1.00],
	[0, 1.75, 1.00, 0, 1.00, 1.00],
	[0, 2.00, 1.00, 0, 1.00, 1.00],
	[0, 2.00, 1.00, 0, 1.00, 1.00],
	[0, 2.00, 1.00, 0, 1.00, 1.00],
	[0, 2.00, 1.00, 0, 1.00, 1.00],
	[0, 0, 1.00, 0, 0, 1.00],
	[0, 0, 1.00, 0, 0, 1.00],
	[0, 0, 1.00, 0, 0, 1.00],
	[0, 0, 1.00, 0, 0, 1.00],
	[0, 0, 1.00, 0, 0, 0],
	[0, 0, 1.00, 0, 0, 0],
	[0, 0, 1.00, 0, 0, 0],
	[0, 0, 1.00, 0, 0, 0],
	[0, 0, 0, 0, 0, 0],
	[0, 0, 0, 0, 0, 0],
	[0, 0, 0, 0, 0, 0],
	[0, 0, 0, 0, 0, 0],
	[0, 0, 0, 0, 0, 0],
	[0, 0, 0, 0, 0, 0],
	[0, 0, 0, 0, 0, 0],
	[0, 0, 0, 0, 0, 0],
	[0, 0, 0, 0, 0, 0],
	[0, 0, 0, 0, 0, 0],
	[0, 0, 0, 0, 0, 0],
	[0, 0, 0, 0, 0, 0],
	[0, 0, 0, 0, 0, 0],
	[0, 0, 0, 0, 0, 0],
	[0, 0, 0, 0, 0, 0],
	[0, 0, 0, 0, 0, 0] ]
overcost [
	[0, 0, 0, 0, 0, 0],
	[0, 0, 0, 0, 0, 0],
	[0, 0, 0, 0, 0, 0],
	[0, 0, 0, 0, 0, 0],
	[0, 0, 0, 0, 0, 0],
	[0, 0, 0, 0, 0, 0],
	[0, 0, 0, 0, 0, 0],
	[0, 0, 0, 0, 0, 0],
	[0, 0, 0, 0, 0, 0],
	[0, 0, 0, 0, 0, 0],
	[0, 0, 0, 0, 0, 0],
	[0, 0, 0, 0, 0, 0],
	[0, 0, 0, 0, 0, 0],
	[0, 0, 0, 0, 0, 0],
	[0, 0, 0, 0, 0, 0],
	[0, 0, 0, 0, 0, 0],
	[0, 0, 0, 0, 0, 0],
	[0, 0, 0, 0, 0, 0],
	[0, 0, 0, 0, 0, 0],
	[0, 0, 0, 0, 0, 0],
	[0, 0, 0, 0, 0, 0],
	[0, 0, 0, 0, 0, 0],
	[0, 0, 0, 0, 0, 0],
	[0, 0, 0, 0, 0, 0],
	[0, 0, 0, 0, 0, 0],
	[0, 0, 0, 0, 0, 0],
	[0, 0, 0, 0, 0, 0],
	[0, 0, 0, 0, 0, 0],
	[0, 0, 0, 0, 0, 0],
	[0, 0, 0, 0, 0, 0],
	[0, 0, 0, 0, 0, 0],
	[0, 0, 0, 0, 0, 0],
	[0, 5.281487e+00, 0, 1.154000e+00, 0, 0],
	[0, 5.281487e+00, 0, 1.154000e+00, 0, 0],
	[0, 5.281487e+00, 0, 1.154000e+00, 0, 0],
	[0, 5.281487e+00, 0, 1.154000e+00, 0, 0],
	[0, 2.252918e+00, 1.066665e+01, 5.304728e-01, 6.668875e+00, 7.194584e+00],
	[0, 2.252918e+00, 1.066665e+01, 5.304728e-01, 6.668875e+00, 7.194584e+00],
	[0, 2.252918e+00, 1.066665e+01, 5.304728e-01, 6.668875e+00, 7.194584e+00],
	[0, 2.252918e+00, 1.066665e+01, 5.304728e-01, 6.668875e+00, 7.194584e+00],
	[1.017243e+00, 1.878226e+00, 1.061594e+01, 3.631336e-01, 5.090261e+00, 6.324357e+00],
	[1.017243e+00, 1.878226e+00, 1.061594e+01, 3.631336e-01, 5.090261e+00, 6.324357e+00],
	[1.017243e+00, 1.878226e+00, 1.061594e+01, 3.631336e-01, 5.090261e+00, 6.324357e+00],
	[1.017243e+00, 1.878226e+00, 1.061594e+01, 3.631336e-01, 5.090261e+00, 6.324357e+00],
	[9.051276e-01, 1.491852e+00, 1.052774e+01, 2.802766e-01, 2.539236e+00, 4.915763e+00],
	[9.051276e-01, 1.491852e+00, 1.052774e+01, 2.802766e-01, 2.539236e+00, 4.915763e+00],
	[9.051276e-01, 1.491852e+00, 1.052774e+01, 2.802766e-01, 2.539236e+00, 4.915763e+00],
	[9.051276e-01, 1.491852e+00, 1.052774e+01, 2.802766e-01, 2.539236e+00, 4.915763e+00],
	[6.969415e-01, 1.224635e+00, 5.462402e+00, 3.287342e-01, 1.750960e+00, 4.589314e+00],
	[6.969415e-01, 1.224635e+00, 5.462402e+00, 3.287342e-01, 1.750960e+00, 4.589314e+00],
	[6.969415e-01, 1.224635e+00, 5.462402e+00, 3.287342e-01, 1.750960e+00, 4.589314e+00],
	[6.969415e-01, 1.224635e+00, 5.462402e+00, 3.287342e-01, 1.750960e+00, 4.589314e+00],
	[8.074931e-01, 1.618722e+00, 4.169989e+00, 2.960799e-01, 2.345951e+00, 4.382521e+00],
	[8.074931e-01, 1.618722e+00, 4.169989e+00, 2.960799e-01, 2.345951e+00, 4.382521e+00],
	[8.074931e-01, 1.618722e+00, 4.169989e+00, 2.960799e-01, 2.345951e+00, 4.382521e+00],
	[8.074931e-01, 1.618722e+00, 4.169989e+00, 2.960799e-01, 2.345951e+00, 4.382521e+00],
	[6.281203e-01, 1.517902e+00, 4.168851e+00, 3.033921e-01, 2.260279e+00, 4.367935e+00],
	[6.281203e-01, 1.517902e+00, 4.168851e+00, 3.033921e-01, 2.260279e+00, 4.367935e+00],
	[6.281203e-01, 1.517902e+00, 4.168851e+00, 3.033921e-01, 2.260279e+00, 4.367935e+00],
	[6.281203e-01, 1.517902e+00, 4.168851e+00, 3.033921e-01, 2.260279e+00, 4.367935e+00],
	[7.214359e-01, 1.388840e+00, 6.752851e+00, 2.819762e-01, 2.388521e+00, 0],
	[7.214359e-01, 1.388840e+00, 6.752851e+00, 2.819762e-01, 2.388521e+00, 0],
	[7.214359e-01, 1.388840e+00, 6.752851e+00, 2.819762e-01, 2.388521e+00, 0],
	[7.214359e-01, 1.388840e+00, 6.752851e+00, 2.819762e-01, 2.388521e+00, 0],
	[0, 1.309170e+00, 1.047859e+01, 0, 2.523735e+00, 4.981497e+00],
	[0, 1.309170e+00, 1.047859e+01, 0, 2.523735e+00, 4.981497e+00],
	[0, 1.309170e+00, 1.047859e+01, 0, 2.523735e+00, 4.981497e+00],
	[0, 1.309170e+00, 1.047859e+01, 0, 2.523735e+00, 4.981497e+00],
	[0, 1.617159e+00, 1.046493e+01, 0, 1.986147e+00, 4.662550e+00],
	[0, 1.617159e+00, 1.046493e+01, 0, 1.986147e+00, 4.662550e+00],
	[0, 1.617159e+00, 1.046493e+01, 0, 1.986147e+00, 4.662550e+00],
	[0, 1.617159e+00, 1.046493e+01, 0, 1.986147e+00, 4.662550e+00],
	[0, 0, 6.150491e+00, 0, 0, 4.046480e+00],
	[0, 0, 6.150491e+00, 0, 0, 4.046480e+00],
	[0, 0, 6.150491e+00, 0, 0, 4.046480e+00],
	[0, 0, 6.150491e+00, 0, 0, 4.046480e+00],
	[0, 0, 1.028838e+01, 0, 0, 0],
	[0, 0, 1.028838e+01, 0, 0, 0],
	[0, 0, 1.028838e+01, 0, 0, 0],
	[0, 0, 1.028838e+01, 0, 0, 0],
	[0, 0, 0, 0, 0, 0],
	[0, 0, 0, 0, 0, 0],
	[0, 0, 0, 0, 0, 0],
	[0, 0, 0, 0, 0, 0],
	[0, 0, 0, 0, 0, 0],
	[0, 0, 0, 0, 0, 0],
	[0, 0, 0, 0, 0, 0],
	[0, 0, 0, 0, 0, 0],
	[0, 0, 0, 0, 0, 0],
	[0, 0, 0, 0, 0, 0],
	[0, 0, 0, 0, 0, 0],
	[0, 0, 0, 0, 0, 0],
	[0, 0, 0, 0, 0, 0],
	[0, 0, 0, 0, 0, 0],
	[0, 0, 0, 0, 0, 0],
	[0, 0, 0, 0, 0, 0] ]
undercost [
	[0, 0, 0, 0, 0, 0],
	[0, 0, 0, 0, 0, 0],
	[0, 0, 0, 0, 0, 0],
	[0, 0, 0, 0, 0, 0],
	[0, 0, 0, 0, 0, 0],
	[0, 0, 0, 0, 0, 0],
	[0, 0, 0, 0, 0, 0],
	[0, 0, 0, 0, 0, 0],
	[0, 0, 0, 0, 0, 0],
	[0, 0, 0, 0, 0, 0],
	[0, 0, 0, 0, 0, 0],
	[0, 0, 0, 0, 0, 0],
	[0, 0, 0, 0, 0, 0],
	[0, 0, 0, 0, 0, 0],
	[0, 0, 0, 0, 0, 0],
	[0, 0, 0, 0, 0, 0],
	[0, 0, 0, 0, 0, 0],
	[0, 0, 0, 0, 0, 0],
	[0, 0, 0, 0, 0, 0],
	[0, 0, 0, 0, 0, 0],
	[0, 0, 0, 0, 0, 0],
	[0, 0, 0, 0, 0, 0],
	[0, 0, 0, 0, 0, 0],
	[0, 0, 0, 0, 0, 0],
	[0, 0, 0, 0, 0, 0],
	[0, 0, 0, 0, 0, 0],
	[0, 0, 0, 0, 0, 0],
	[0, 0, 0, 0, 0, 0],
	[0, 0, 0, 0, 0, 0],
	[0, 0, 0, 0, 0, 0],
	[0, 0, 0, 0, 0, 0],
	[0, 0, 0, 0, 0, 0],
	[0, 1.000000e+06, 0, 1.467348e+00, 0, 0],
	[0, 1.000000e+06, 0, 1.467348e+00, 0, 0],
	[0, 1.000000e+06, 0, 1.467348e+00, 0, 0],
	[0, 1.000000e+06, 0, 1.467348e+00, 0, 0],
	[0, 1.000000e+06, 1.000000e+06, 7.518709e-01, 1.000000e+06, 1.000000e+06],
	[0, 1.000000e+06, 1.000000e+06, 7.518709e-01, 1.000000e+06, 1.000000e+06],
	[0, 1.000000e+06, 1.000000e+06, 7.518709e-01, 1.000000e+06, 1.000000e+06],
	[0, 1.000000e+06, 1.000000e+06, 7.518709e-01, 1.000000e+06, 1.000000e+06],
	[1.366488e+00, 1.000000e+06, 1.000000e+06, 6.452950e-01, 1.000000e+06, 1.000000e+06],
	[1.366488e+00, 1.000000e+06, 1.000000e+06, 6.452950e-01, 1.000000e+06, 1.000000e+06],
	[1.366488e+00, 1.000000e+06, 1.000000e+06, 6.452950e-01, 1.000000e+06, 1.000000e+06],
	[1.366488e+00, 1.000000e+06, 1.000000e+06, 6.452950e-01, 1.000000e+06, 1.000000e+06],
	[9.488324e-01, 1.000000e+06, 1.000000e+06, 4.198267e-01, 1.000000e+06, 1.000000e+06],
	[9.488324e-01, 1.000000e+06, 1.000000e+06, 4.198267e-01, 1.000000e+06, 1.000000e+06],
	[9.488324e-01, 1.000000e+06, 1.000000e+06, 4.198267e-01, 1.000000e+06, 1.000000e+06],
	[9.488324e-01, 1.000000e+06, 1.000000e+06, 4.198267e-01, 1.000000e+06, 1.000000e+06],
	[1.186113e+00, 1.000000e+06, 1.000000e+06, 3.022928e-01, 1.000000e+06, 1.000000e+06],
	[1.186113e+00, 1.000000e+06, 1.000000e+06, 3.022928e-01, 1.000000e+06, 1.000000e+06],
	[1.186113e+00, 1.000000e+06, 1.000000e+06, 3.022928e-01, 1.000000e+06, 1.000000e+06],
	[1.186113e+00, 1.000000e+06, 1.000000e+06, 3.022928e-01, 1.000000e+06, 1.000000e+06],
	[9.579728e-01, 2.155277e+00, 1.000000e+06, 3.085939e-01, 1.000000e+06, 1.000000e+06],
	[9.579728e-01, 2.155277e+00, 1.000000e+06, 3.085939e-01, 1.000000e+06, 1.000000e+06],
	[9.579728e-01, 2.155277e+00, 1.000000e+06, 3.085939e-01, 1.000000e+06, 1.000000e+06],
	[9.579728e-01, 2.155277e+00, 1.000000e+06, 3.085939e-01, 1.000000e+06, 1.000000e+06],
	[1.162999e+00, 2.296495e+00, 1.000000e+06, 2.876074e-01, 1.000000e+06, 1.000000e+06],
	[1.162999e+00, 2.296495e+00, 1.000000e+06, 2.876074e-01, 1.000000e+06, 1.000000e+06],
	[1.162999e+00, 2.296495e+00, 1.000000e+06, 2.876074e-01, 1.000000e+06, 1.000000e+06],
	[1.162999e+00, 2.296495e+00, 1.000000e+06, 2.876074e-01, 1.000000e+06, 1.000000e+06],
	[9.666543e-01, 2.490870e+00, 1.000000e+06, 3.104428e-01, 1.000000e+06, 0],
	[9.666543e-01, 2.490870e+00, 1.000000e+06, 3.104428e-01, 1.000000e+06, 0],
	[9.666543e-01, 2.490870e+00, 1.000000e+06, 3.104428e-01, 1.000000e+06, 0],
	[9.666543e-01, 2.490870e+00, 1.000000e+06, 3.104428e-01, 1.000000e+06, 0],
	[0, 1.000000e+06, 1.000000e+06, 0, 1.000000e+06, 1.000000e+06],
	[0, 1.000000e+06, 1.000000e+06, 0, 1.000000e+06, 1.000000e+06],
	[0, 1.000000e+06, 1.000000e+06, 0, 1.000000e+06, 1.000000e+06],
	[0, 1.000000e+06, 1.000000e+06, 0, 1.000000e+06, 1.000000e+06],
	[0, 2.183287e+00, 1.000000e+06, 0, 1.000000e+06, 1.000000e+06],
	[0, 2.183287e+00, 1.000000e+06, 0, 1.000000e+06, 1.000000e+06],
	[0, 2.183287e+00, 1.000000e+06, 0, 1.000000e+06, 1.000000e+06],
	[0, 2.183287e+00, 1.000000e+06, 0, 1.000000e+06, 1.000000e+06],
	[0, 0, 1.000000e+06, 0, 0, 1.000000e+06],
	[0, 0, 1.000000e+06, 0, 0, 1.000000e+06],
	[0, 0, 1.000000e+06, 0, 0, 1.000000e+06],
	[0, 0, 1.000000e+06, 0, 0, 1.000000e+06],
	[0, 0, 1.000000e+06, 0, 0, 0],
	[0, 0, 1.000000e+06, 0, 0, 0],
	[0, 0, 1.000000e+06, 0, 0, 0],
	[0, 0, 1.000000e+06, 0, 0, 0],
	[0, 0, 0, 0, 0, 0],
	[0, 0, 0, 0, 0, 0],
	[0, 0, 0, 0, 0, 0],
	[0, 0, 0, 0, 0, 0],
	[0, 0, 0, 0, 0, 0],
	[0, 0, 0, 0, 0, 0],
	[0, 0, 0, 0, 0, 0],
	[0, 0, 0, 0, 0, 0],
	[0, 0, 0, 0, 0, 0],
	[0, 0, 0, 0, 0, 0],
	[0, 0, 0, 0, 0, 0],
	[0, 0, 0, 0, 0, 0],
	[0, 0, 0, 0, 0, 0],
	[0, 0, 0, 0, 0, 0],
	[0, 0, 0, 0, 0, 0],
	[0, 0, 0, 0, 0, 0] ]
