508 518 771 968 1241 2444 2600 3340
SHOE
ACT	8
SHIFT	96
demand [
	[0, 0, 0, 0, 0, 0, 0, 0],
	[0, 0, 0, 0, 0, 0, 0, 0],
	[0, 0, 0, 0, 0, 0, 0, 0],
	[0, 0, 0, 0, 0, 0, 0, 0],
	[0, 0, 0, 0, 0, 0, 0, 0],
	[0, 0, 0, 0, 0, 0, 0, 0],
	[0, 0, 0, 0, 0, 0, 0, 0],
	[0, 0, 0, 0, 0, 0, 0, 0],
	[0, 0, 0, 0, 0, 0, 0, 0],
	[0, 0, 0, 0, 0, 0, 0, 0],
	[0, 0, 0, 0, 0, 0, 0, 0],
	[0, 0, 0, 0, 0, 0, 0, 0],
	[0, 0, 0, 0, 0, 0, 0, 0],
	[0, 0, 0, 0, 0, 0, 0, 0],
	[0, 0, 0, 0, 0, 0, 0, 0],
	[0, 0, 0, 0, 0, 0, 0, 0],
	[0, 0, 0, 0, 0, 0, 0, 0],
	[0, 0, 0, 0, 0, 0, 0, 0],
	[0, 0, 0, 0, 0, 0, 0, 0],
	[0, 0, 0, 0, 0, 0, 0, 0],
	[0, 0, 0, 0, 0, 0, 0, 0],
	[0, 0, 0, 0, 0, 0, 0, 0],
	[0, 0, 0, 0, 0, 0, 0, 0],
	[0, 0, 0, 0, 0, 0, 0, 0],
	[0, 0, 0, 0, 0, 0, 0, 0],
	[0, 0, 0, 0, 0, 0, 0, 0],
	[0, 0, 0, 0, 0, 0, 0, 0],
	[0, 0, 0, 0, 0, 0, 0, 0],
	[0, 0, 0, 0, 0, 0, 0, 0],
	[0, 0, 0, 0, 0, 0, 0, 0],
	[0, 0, 0, 0, 0, 0, 0, 0],
	[0, 0, 0, 0, 0, 0, 0, 0],
	[0, 0, 1.00, 0, 0, 0, 0, 0],
	[0, 0, 1.00, 0, 0, 0, 0, 0],
	[0, 0, 1.00, 0, 0, 0, 0, 0],
	[0, 0, 1.00, 0, 0, 0, 0, 0],
	[1.00, 1.00, 1.75, 0, 1.00, 1.00, 1.00, 1.00],
	[1.00, 1.00, 1.75, 0, 1.00, 1.00, 1.00, 1.00],
	[1.00, 1.00, 1.75, 0, 1.00, 1.00, 1.00, 1.00],
	[1.00, 1.00, 1.75, 0, 1.00, 1.00, 1.00, 1.00],
	[1.00, 1.25, 2.25, 0, 1.00, 0, 0, 1.25],
	[1.00, 1.25, 2.25, 0, 1.00, 0, 0, 1.25],
	[1.00, 1.25, 2.25, 0, 1.00, 0, 0, 1.25],
	[1.00, 1.25, 2.25, 0, 1.00, 0, 0, 1.25],
	[1.75, 2.00, 3.25, 4.00, 1.00, 1.00, 1.00, 2.50],
	[1.75, 2.00, 3.25, 4.00, 1.00, 1.00, 1.00, 2.50],
	[1.75, 2.00, 3.25, 4.00, 1.00, 1.00, 1.00, 2.50],
	[1.75, 2.00, 3.25, 4.00, 1.00, 1.00, 1.00, 2.50],
	[2.00, 2.50, 3.50, 4.00, 1.25, 1.00, 1.00, 3.00],
	[2.00, 2.50, 3.50, 4.00, 1.25, 1.00, 1.00, 3.00],
	[2.00, 2.50, 3.50, 4.00, 1.25, 1.00, 1.00, 3.00],
	[2.00, 2.50, 3.50, 4.00, 1.25, 1.00, 1.00, 3.00],
	[2.25, 2.50, 3.75, 4.25, 1.25, 1.00, 1.00, 3.25],
	[2.25, 2.50, 3.75, 4.25, 1.25, 1.00, 1.00, 3.25],
	[2.25, 2.50, 3.75, 4.25, 1.25, 1.00, 1.00, 3.25],
	[2.25, 2.50, 3.75, 4.25, 1.25, 1.00, 1.00, 3.25],
	[2.25, 2.75, 3.75, 4.25, 1.50, 1.00, 0, 3.25],
	[2.25, 2.75, 3.75, 4.25, 1.50, 1.00, 0, 3.25],
	[2.25, 2.75, 3.75, 4.25, 1.50, 1.00, 0, 3.25],
	[2.25, 2.75, 3.75, 4.25, 1.50, 1.00, 0, 3.25],
	[2.25, 2.50, 3.75, 4.50, 1.25, 1.00, 1.00, 3.25],
	[2.25, 2.50, 3.75, 4.50, 1.25, 1.00, 1.00, 3.25],
	[2.25, 2.50, 3.75, 4.50, 1.25, 1.00, 1.00, 3.25],
	[2.25, 2.50, 3.75, 4.50, 1.25, 1.00, 1.00, 3.25],
	[1.75, 2.25, 3.25, 0, 1.00, 1.00, 1.00, 2.50],
	[1.75, 2.25, 3.25, 0, 1.00, 1.00, 1.00, 2.50],
	[1.75, 2.25, 3.25, 0, 1.00, 1.00, 1.00, 2.50],
	[1.75, 2.25, 3.25, 0, 1.00, 1.00, 1.00, 2.50],
	[0, 2.25, 3.50, 0, 1.25, 1.00, 1.00, 2.75],
	[0, 2.25, 3.50, 0, 1.25, 1.00, 1.00, 2.75],
	[0, 2.25, 3.50, 0, 1.25, 1.00, 1.00, 2.75],
	[0, 2.25, 3.50, 0, 1.25, 1.00, 1.00, 2.75],
	[0, 2.75, 0, 0, 1.50, 1.25, 1.00, 3.25],
	[0, 2.75, 0, 0, 1.50, 1.25, 1.00, 3.25],
	[0, 2.75, 0, 0, 1.50, 1.25, 1.00, 3.25],
	[0, 2.75, 0, 0, 1.50, 1.25, 1.00, 3.25],
	[0, 2.50, 0, 0, 1.25, 1.00, 1.00, 3.00],
	[0, 2.50, 0, 0, 1.25, 1.00, 1.00, 3.00],
	[0, 2.50, 0, 0, 1.25, 1.00, 1.00, 3.00],
	[0, 2.50, 0, 0, 1.25, 1.00, 1.00, 3.00],
	[0, 0, 0, 0, 0, 0, 0, 0],
	[0, 0, 0, 0, 0, 0, 0, 0],
	[0, 0, 0, 0, 0, 0, 0, 0],
	[0, 0, 0, 0, 0, 0, 0, 0],
	[0, 0, 0, 0, 0, 0, 0, 0],
	[0, 0, 0, 0, 0, 0, 0, 0],
	[0, 0, 0, 0, 0, 0, 0, 0],
	[0, 0, 0, 0, 0, 0, 0, 0],
	[0, 0, 0, 0, 0, 0, 0, 0],
	[0, 0, 0, 0, 0, 0, 0, 0],
	[0, 0, 0, 0, 0, 0, 0, 0],
	[0, 0, 0, 0, 0, 0, 0, 0],
	[0, 0, 0, 0, 0, 0, 0, 0],
	[0, 0, 0, 0, 0, 0, 0, 0],
	[0, 0, 0, 0, 0, 0, 0, 0],
	[0, 0, 0, 0, 0, 0, 0, 0] ]
overcost [
	[0, 0, 0, 0, 0, 0, 0, 0],
	[0, 0, 0, 0, 0, 0, 0, 0],
	[0, 0, 0, 0, 0, 0, 0, 0],
	[0, 0, 0, 0, 0, 0, 0, 0],
	[0, 0, 0, 0, 0, 0, 0, 0],
	[0, 0, 0, 0, 0, 0, 0, 0],
	[0, 0, 0, 0, 0, 0, 0, 0],
	[0, 0, 0, 0, 0, 0, 0, 0],
	[0, 0, 0, 0, 0, 0, 0, 0],
	[0, 0, 0, 0, 0, 0, 0, 0],
	[0, 0, 0, 0, 0, 0, 0, 0],
	[0, 0, 0, 0, 0, 0, 0, 0],
	[0, 0, 0, 0, 0, 0, 0, 0],
	[0, 0, 0, 0, 0, 0, 0, 0],
	[0, 0, 0, 0, 0, 0, 0, 0],
	[0, 0, 0, 0, 0, 0, 0, 0],
	[0, 0, 0, 0, 0, 0, 0, 0],
	[0, 0, 0, 0, 0, 0, 0, 0],
	[0, 0, 0, 0, 0, 0, 0, 0],
	[0, 0, 0, 0, 0, 0, 0, 0],
	[0, 0, 0, 0, 0, 0, 0, 0],
	[0, 0, 0, 0, 0, 0, 0, 0],
	[0, 0, 0, 0, 0, 0, 0, 0],
	[0, 0, 0, 0, 0, 0, 0, 0],
	[0, 0, 0, 0, 0, 0, 0, 0],
	[0, 0, 0, 0, 0, 0, 0, 0],
	[0, 0, 0, 0, 0, 0, 0, 0],
	[0, 0, 0, 0, 0, 0, 0, 0],
	[0, 0, 0, 0, 0, 0, 0, 0],
	[0, 0, 0, 0, 0, 0, 0, 0],
	[0, 0, 0, 0, 0, 0, 0, 0],
	[0, 0, 0, 0, 0, 0, 0, 0],
	[0, 0, 2.792931e+00, 0, 0, 0, 0, 0],
	[0, 0, 2.792931e+00, 0, 0, 0, 0, 0],
	[0, 0, 2.792931e+00, 0, 0, 0, 0, 0],
	[0, 0, 2.792931e+00, 0, 0, 0, 0, 0],
	[5.213303e+00, 3.508817e+00, 1.302778e+00, 0, 6.531968e+00, 6.825198e+00, 7.302514e+00, 4.356137e+00],
	[5.213303e+00, 3.508817e+00, 1.302778e+00, 0, 6.531968e+00, 6.825198e+00, 7.302514e+00, 4.356137e+00],
	[5.213303e+00, 3.508817e+00, 1.302778e+00, 0, 6.531968e+00, 6.825198e+00, 7.302514e+00, 4.356137e+00],
	[5.213303e+00, 3.508817e+00, 1.302778e+00, 0, 6.531968e+00, 6.825198e+00, 7.302514e+00, 4.356137e+00],
	[2.586230e+00, 2.003487e+00, 1.040148e+00, 0, 4.660431e+00, 0, 0, 1.876856e+00],
	[2.586230e+00, 2.003487e+00, 1.040148e+00, 0, 4.660431e+00, 0, 0, 1.876856e+00],
	[2.586230e+00, 2.003487e+00, 1.040148e+00, 0, 4.660431e+00, 0, 0, 1.876856e+00],
	[2.586230e+00, 2.003487e+00, 1.040148e+00, 0, 4.660431e+00, 0, 0, 1.876856e+00],
	[1.672149e+00, 1.126359e+00, 8.197717e-01, 1.020529e+00, 1.879356e+00, 2.926213e+00, 4.353882e+00, 1.118185e+00],
	[1.672149e+00, 1.126359e+00, 8.197717e-01, 1.020529e+00, 1.879356e+00, 2.926213e+00, 4.353882e+00, 1.118185e+00],
	[1.672149e+00, 1.126359e+00, 8.197717e-01, 1.020529e+00, 1.879356e+00, 2.926213e+00, 4.353882e+00, 1.118185e+00],
	[1.672149e+00, 1.126359e+00, 8.197717e-01, 1.020529e+00, 1.879356e+00, 2.926213e+00, 4.353882e+00, 1.118185e+00],
	[1.307057e+00, 1.446475e+00, 7.712236e-01, 7.772637e-01, 1.674109e+00, 2.053474e+00, 3.735916e+00, 8.571531e-01],
	[1.307057e+00, 1.446475e+00, 7.712236e-01, 7.772637e-01, 1.674109e+00, 2.053474e+00, 3.735916e+00, 8.571531e-01],
	[1.307057e+00, 1.446475e+00, 7.712236e-01, 7.772637e-01, 1.674109e+00, 2.053474e+00, 3.735916e+00, 8.571531e-01],
	[1.307057e+00, 1.446475e+00, 7.712236e-01, 7.772637e-01, 1.674109e+00, 2.053474e+00, 3.735916e+00, 8.571531e-01],
	[1.519563e+00, 1.026056e+00, 8.489730e-01, 9.508818e-01, 1.290132e+00, 1.690461e+00, 3.455966e+00, 8.325671e-01],
	[1.519563e+00, 1.026056e+00, 8.489730e-01, 9.508818e-01, 1.290132e+00, 1.690461e+00, 3.455966e+00, 8.325671e-01],
	[1.519563e+00, 1.026056e+00, 8.489730e-01, 9.508818e-01, 1.290132e+00, 1.690461e+00, 3.455966e+00, 8.325671e-01],
	[1.519563e+00, 1.026056e+00, 8.489730e-01, 9.508818e-01, 1.290132e+00, 1.690461e+00, 3.455966e+00, 8.325671e-01],
	[1.408034e+00, 1.466945e+00, 7.460123e-01, 7.654008e-01, 1.912694e+00, 1.613613e+00, 0, 7.431643e-01],
	[1.408034e+00, 1.466945e+00, 7.460123e-01, 7.654008e-01, 1.912694e+00, 1.613613e+00, 0, 7.431643e-01],
	[1.408034e+00, 1.466945e+00, 7.460123e-01, 7.654008e-01, 1.912694e+00, 1.613613e+00, 0, 7.431643e-01],
	[1.408034e+00, 1.466945e+00, 7.460123e-01, 7.654008e-01, 1.912694e+00, 1.613613e+00, 0, 7.431643e-01],
	[1.637716e+00, 1.069616e+00, 7.047355e-01, 9.257612e-01, 1.488878e+00, 1.850891e+00, 3.537564e+00, 1.043112e+00],
	[1.637716e+00, 1.069616e+00, 7.047355e-01, 9.257612e-01, 1.488878e+00, 1.850891e+00, 3.537564e+00, 1.043112e+00],
	[1.637716e+00, 1.069616e+00, 7.047355e-01, 9.257612e-01, 1.488878e+00, 1.850891e+00, 3.537564e+00, 1.043112e+00],
	[1.637716e+00, 1.069616e+00, 7.047355e-01, 9.257612e-01, 1.488878e+00, 1.850891e+00, 3.537564e+00, 1.043112e+00],
	[1.662089e+00, 1.719540e+00, 6.607993e-01, 0, 1.957542e+00, 2.974813e+00, 4.369658e+00, 1.189855e+00],
	[1.662089e+00, 1.719540e+00, 6.607993e-01, 0, 1.957542e+00, 2.974813e+00, 4.369658e+00, 1.189855e+00],
	[1.662089e+00, 1.719540e+00, 6.607993e-01, 0, 1.957542e+00, 2.974813e+00, 4.369658e+00, 1.189855e+00],
	[1.662089e+00, 1.719540e+00, 6.607993e-01, 0, 1.957542e+00, 2.974813e+00, 4.369658e+00, 1.189855e+00],
	[0, 1.146677e+00, 6.832757e-01, 0, 2.176480e+00, 2.484827e+00, 3.991306e+00, 1.015242e+00],
	[0, 1.146677e+00, 6.832757e-01, 0, 2.176480e+00, 2.484827e+00, 3.991306e+00, 1.015242e+00],
	[0, 1.146677e+00, 6.832757e-01, 0, 2.176480e+00, 2.484827e+00, 3.991306e+00, 1.015242e+00],
	[0, 1.146677e+00, 6.832757e-01, 0, 2.176480e+00, 2.484827e+00, 3.991306e+00, 1.015242e+00],
	[0, 1.192646e+00, 0, 0, 1.803841e+00, 2.278982e+00, 3.209988e+00, 6.293231e-01],
	[0, 1.192646e+00, 0, 0, 1.803841e+00, 2.278982e+00, 3.209988e+00, 6.293231e-01],
	[0, 1.192646e+00, 0, 0, 1.803841e+00, 2.278982e+00, 3.209988e+00, 6.293231e-01],
	[0, 1.192646e+00, 0, 0, 1.803841e+00, 2.278982e+00, 3.209988e+00, 6.293231e-01],
	[0, 1.014271e+00, 0, 0, 1.727371e+00, 2.008195e+00, 3.513966e+00, 9.441369e-01],
	[0, 1.014271e+00, 0, 0, 1.727371e+00, 2.008195e+00, 3.513966e+00, 9.441369e-01],
	[0, 1.014271e+00, 0, 0, 1.727371e+00, 2.008195e+00, 3.513966e+00, 9.441369e-01],
	[0, 1.014271e+00, 0, 0, 1.727371e+00, 2.008195e+00, 3.513966e+00, 9.441369e-01],
	[0, 0, 0, 0, 0, 0, 0, 0],
	[0, 0, 0, 0, 0, 0, 0, 0],
	[0, 0, 0, 0, 0, 0, 0, 0],
	[0, 0, 0, 0, 0, 0, 0, 0],
	[0, 0, 0, 0, 0, 0, 0, 0],
	[0, 0, 0, 0, 0, 0, 0, 0],
	[0, 0, 0, 0, 0, 0, 0, 0],
	[0, 0, 0, 0, 0, 0, 0, 0],
	[0, 0, 0, 0, 0, 0, 0, 0],
	[0, 0, 0, 0, 0, 0, 0, 0],
	[0, 0, 0, 0, 0, 0, 0, 0],
	[0, 0, 0, 0, 0, 0, 0, 0],
	[0, 0, 0, 0, 0, 0, 0, 0],
	[0, 0, 0, 0, 0, 0, 0, 0],
	[0, 0, 0, 0, 0, 0, 0, 0],
	[0, 0, 0, 0, 0, 0, 0, 0] ]
undercost [
	[0, 0, 0, 0, 0, 0, 0, 0],
	[0, 0, 0, 0, 0, 0, 0, 0],
	[0, 0, 0, 0, 0, 0, 0, 0],
	[0, 0, 0, 0, 0, 0, 0, 0],
	[0, 0, 0, 0, 0, 0, 0, 0],
	[0, 0, 0, 0, 0, 0, 0, 0],
	[0, 0, 0, 0, 0, 0, 0, 0],
	[0, 0, 0, 0, 0, 0, 0, 0],
	[0, 0, 0, 0, 0, 0, 0, 0],
	[0, 0, 0, 0, 0, 0, 0, 0],
	[0, 0, 0, 0, 0, 0, 0, 0],
	[0, 0, 0, 0, 0, 0, 0, 0],
	[0, 0, 0, 0, 0, 0, 0, 0],
	[0, 0, 0, 0, 0, 0, 0, 0],
	[0, 0, 0, 0, 0, 0, 0, 0],
	[0, 0, 0, 0, 0, 0, 0, 0],
	[0, 0, 0, 0, 0, 0, 0, 0],
	[0, 0, 0, 0, 0, 0, 0, 0],
	[0, 0, 0, 0, 0, 0, 0, 0],
	[0, 0, 0, 0, 0, 0, 0, 0],
	[0, 0, 0, 0, 0, 0, 0, 0],
	[0, 0, 0, 0, 0, 0, 0, 0],
	[0, 0, 0, 0, 0, 0, 0, 0],
	[0, 0, 0, 0, 0, 0, 0, 0],
	[0, 0, 0, 0, 0, 0, 0, 0],
	[0, 0, 0, 0, 0, 0, 0, 0],
	[0, 0, 0, 0, 0, 0, 0, 0],
	[0, 0, 0, 0, 0, 0, 0, 0],
	[0, 0, 0, 0, 0, 0, 0, 0],
	[0, 0, 0, 0, 0, 0, 0, 0],
	[0, 0, 0, 0, 0, 0, 0, 0],
	[0, 0, 0, 0, 0, 0, 0, 0],
	[0, 0, 1.000000e+06, 0, 0, 0, 0, 0],
	[0, 0, 1.000000e+06, 0, 0, 0, 0, 0],
	[0, 0, 1.000000e+06, 0, 0, 0, 0, 0],
	[0, 0, 1.000000e+06, 0, 0, 0, 0, 0],
	[1.000000e+06, 1.000000e+06, 1.000000e+06, 0, 1.000000e+06, 1.000000e+06, 1.000000e+06, 1.000000e+06],
	[1.000000e+06, 1.000000e+06, 1.000000e+06, 0, 1.000000e+06, 1.000000e+06, 1.000000e+06, 1.000000e+06],
	[1.000000e+06, 1.000000e+06, 1.000000e+06, 0, 1.000000e+06, 1.000000e+06, 1.000000e+06, 1.000000e+06],
	[1.000000e+06, 1.000000e+06, 1.000000e+06, 0, 1.000000e+06, 1.000000e+06, 1.000000e+06, 1.000000e+06],
	[1.000000e+06, 1.000000e+06, 1.967626e+00, 0, 1.000000e+06, 0, 0, 1.000000e+06],
	[1.000000e+06, 1.000000e+06, 1.967626e+00, 0, 1.000000e+06, 0, 0, 1.000000e+06],
	[1.000000e+06, 1.000000e+06, 1.967626e+00, 0, 1.000000e+06, 0, 0, 1.000000e+06],
	[1.000000e+06, 1.000000e+06, 1.967626e+00, 0, 1.000000e+06, 0, 0, 1.000000e+06],
	[1.000000e+06, 3.312152e+00, 1.163765e+00, 1.198696e+00, 1.000000e+06, 1.000000e+06, 1.000000e+06, 1.559938e+00],
	[1.000000e+06, 3.312152e+00, 1.163765e+00, 1.198696e+00, 1.000000e+06, 1.000000e+06, 1.000000e+06, 1.559938e+00],
	[1.000000e+06, 3.312152e+00, 1.163765e+00, 1.198696e+00, 1.000000e+06, 1.000000e+06, 1.000000e+06, 1.559938e+00],
	[1.000000e+06, 3.312152e+00, 1.163765e+00, 1.198696e+00, 1.000000e+06, 1.000000e+06, 1.000000e+06, 1.559938e+00],
	[3.041205e+00, 1.782875e+00, 1.058208e+00, 1.483402e+00, 1.000000e+06, 1.000000e+06, 1.000000e+06, 1.356856e+00],
	[3.041205e+00, 1.782875e+00, 1.058208e+00, 1.483402e+00, 1.000000e+06, 1.000000e+06, 1.000000e+06, 1.356856e+00],
	[3.041205e+00, 1.782875e+00, 1.058208e+00, 1.483402e+00, 1.000000e+06, 1.000000e+06, 1.000000e+06, 1.356856e+00],
	[3.041205e+00, 1.782875e+00, 1.058208e+00, 1.483402e+00, 1.000000e+06, 1.000000e+06, 1.000000e+06, 1.356856e+00],
	[2.134728e+00, 2.334388e+00, 8.282848e-01, 1.133704e+00, 1.000000e+06, 1.000000e+06, 1.000000e+06, 1.190097e+00],
	[2.134728e+00, 2.334388e+00, 8.282848e-01, 1.133704e+00, 1.000000e+06, 1.000000e+06, 1.000000e+06, 1.190097e+00],
	[2.134728e+00, 2.334388e+00, 8.282848e-01, 1.133704e+00, 1.000000e+06, 1.000000e+06, 1.000000e+06, 1.190097e+00],
	[2.134728e+00, 2.334388e+00, 8.282848e-01, 1.133704e+00, 1.000000e+06, 1.000000e+06, 1.000000e+06, 1.190097e+00],
	[2.286368e+00, 1.404739e+00, 9.514290e-01, 1.350894e+00, 1.000000e+06, 1.000000e+06, 0, 1.300281e+00],
	[2.286368e+00, 1.404739e+00, 9.514290e-01, 1.350894e+00, 1.000000e+06, 1.000000e+06, 0, 1.300281e+00],
	[2.286368e+00, 1.404739e+00, 9.514290e-01, 1.350894e+00, 1.000000e+06, 1.000000e+06, 0, 1.300281e+00],
	[2.286368e+00, 1.404739e+00, 9.514290e-01, 1.350894e+00, 1.000000e+06, 1.000000e+06, 0, 1.300281e+00],
	[1.981055e+00, 2.282612e+00, 1.002745e+00, 1.037943e+00, 1.000000e+06, 1.000000e+06, 1.000000e+06, 9.329796e-01],
	[1.981055e+00, 2.282612e+00, 1.002745e+00, 1.037943e+00, 1.000000e+06, 1.000000e+06, 1.000000e+06, 9.329796e-01],
	[1.981055e+00, 2.282612e+00, 1.002745e+00, 1.037943e+00, 1.000000e+06, 1.000000e+06, 1.000000e+06, 9.329796e-01],
	[1.981055e+00, 2.282612e+00, 1.002745e+00, 1.037943e+00, 1.000000e+06, 1.000000e+06, 1.000000e+06, 9.329796e-01],
	[1.000000e+06, 1.876792e+00, 1.360149e+00, 0, 1.000000e+06, 1.000000e+06, 1.000000e+06, 1.466738e+00],
	[1.000000e+06, 1.876792e+00, 1.360149e+00, 0, 1.000000e+06, 1.000000e+06, 1.000000e+06, 1.466738e+00],
	[1.000000e+06, 1.876792e+00, 1.360149e+00, 0, 1.000000e+06, 1.000000e+06, 1.000000e+06, 1.466738e+00],
	[1.000000e+06, 1.876792e+00, 1.360149e+00, 0, 1.000000e+06, 1.000000e+06, 1.000000e+06, 1.466738e+00],
	[0, 2.654862e+00, 1.168886e+00, 0, 1.000000e+06, 1.000000e+06, 1.000000e+06, 1.399838e+00],
	[0, 2.654862e+00, 1.168886e+00, 0, 1.000000e+06, 1.000000e+06, 1.000000e+06, 1.399838e+00],
	[0, 2.654862e+00, 1.168886e+00, 0, 1.000000e+06, 1.000000e+06, 1.000000e+06, 1.399838e+00],
	[0, 2.654862e+00, 1.168886e+00, 0, 1.000000e+06, 1.000000e+06, 1.000000e+06, 1.399838e+00],
	[0, 1.762090e+00, 0, 0, 1.000000e+06, 1.000000e+06, 1.000000e+06, 1.443832e+00],
	[0, 1.762090e+00, 0, 0, 1.000000e+06, 1.000000e+06, 1.000000e+06, 1.443832e+00],
	[0, 1.762090e+00, 0, 0, 1.000000e+06, 1.000000e+06, 1.000000e+06, 1.443832e+00],
	[0, 1.762090e+00, 0, 0, 1.000000e+06, 1.000000e+06, 1.000000e+06, 1.443832e+00],
	[0, 2.368726e+00, 0, 0, 1.000000e+06, 1.000000e+06, 1.000000e+06, 1.256136e+00],
	[0, 2.368726e+00, 0, 0, 1.000000e+06, 1.000000e+06, 1.000000e+06, 1.256136e+00],
	[0, 2.368726e+00, 0, 0, 1.000000e+06, 1.000000e+06, 1.000000e+06, 1.256136e+00],
	[0, 2.368726e+00, 0, 0, 1.000000e+06, 1.000000e+06, 1.000000e+06, 1.256136e+00],
	[0, 0, 0, 0, 0, 0, 0, 0],
	[0, 0, 0, 0, 0, 0, 0, 0],
	[0, 0, 0, 0, 0, 0, 0, 0],
	[0, 0, 0, 0, 0, 0, 0, 0],
	[0, 0, 0, 0, 0, 0, 0, 0],
	[0, 0, 0, 0, 0, 0, 0, 0],
	[0, 0, 0, 0, 0, 0, 0, 0],
	[0, 0, 0, 0, 0, 0, 0, 0],
	[0, 0, 0, 0, 0, 0, 0, 0],
	[0, 0, 0, 0, 0, 0, 0, 0],
	[0, 0, 0, 0, 0, 0, 0, 0],
	[0, 0, 0, 0, 0, 0, 0, 0],
	[0, 0, 0, 0, 0, 0, 0, 0],
	[0, 0, 0, 0, 0, 0, 0, 0],
	[0, 0, 0, 0, 0, 0, 0, 0],
	[0, 0, 0, 0, 0, 0, 0, 0] ]
