118 218 914 1060 3062 4128
SHOE
ACT	6
SHIFT	96
demand [
	[0, 0, 0, 0, 0, 0],
	[0, 0, 0, 0, 0, 0],
	[0, 0, 0, 0, 0, 0],
	[0, 0, 0, 0, 0, 0],
	[0, 0, 0, 0, 0, 0],
	[0, 0, 0, 0, 0, 0],
	[0, 0, 0, 0, 0, 0],
	[0, 0, 0, 0, 0, 0],
	[0, 0, 0, 0, 0, 0],
	[0, 0, 0, 0, 0, 0],
	[0, 0, 0, 0, 0, 0],
	[0, 0, 0, 0, 0, 0],
	[0, 0, 0, 0, 0, 0],
	[0, 0, 0, 0, 0, 0],
	[0, 0, 0, 0, 0, 0],
	[0, 0, 0, 0, 0, 0],
	[0, 0, 0, 0, 0, 0],
	[0, 0, 0, 0, 0, 0],
	[0, 0, 0, 0, 0, 0],
	[0, 0, 0, 0, 0, 0],
	[0, 0, 0, 0, 0, 0],
	[0, 0, 0, 0, 0, 0],
	[0, 0, 0, 0, 0, 0],
	[0, 0, 0, 0, 0, 0],
	[0, 0, 0, 0, 0, 0],
	[0, 0, 0, 0, 0, 0],
	[0, 0, 0, 0, 0, 0],
	[0, 0, 0, 0, 0, 0],
	[0, 0, 0, 0, 0, 0],
	[0, 0, 0, 0, 0, 0],
	[0, 0, 0, 0, 0, 0],
	[0, 0, 0, 0, 0, 0],
	[0, 0, 0, 0, 0, 0],
	[0, 0, 0, 0, 0, 0],
	[0, 0, 0, 0, 0, 0],
	[0, 0, 0, 0, 0, 0],
	[1.00, 1.00, 0, 1.00, 0, 1.00],
	[1.00, 1.00, 0, 1.00, 0, 1.00],
	[1.00, 1.00, 0, 1.00, 0, 1.00],
	[1.00, 1.00, 0, 1.00, 0, 1.00],
	[1.00, 1.25, 1.00, 0, 0, 1.00],
	[1.00, 1.25, 1.00, 0, 0, 1.00],
	[1.00, 1.25, 1.00, 0, 0, 1.00],
	[1.00, 1.25, 1.00, 0, 0, 1.00],
	[1.00, 2.00, 1.50, 1.00, 1.50, 1.00],
	[1.00, 2.00, 1.50, 1.00, 1.50, 1.00],
	[1.00, 2.00, 1.50, 1.00, 1.50, 1.00],
	[1.00, 2.00, 1.50, 1.00, 1.50, 1.00],
	[1.00, 2.25, 1.50, 1.00, 1.75, 1.00],
	[1.00, 2.25, 1.50, 1.00, 1.75, 1.00],
	[1.00, 2.25, 1.50, 1.00, 1.75, 1.00],
	[1.00, 2.25, 1.50, 1.00, 1.75, 1.00],
	[1.00, 2.25, 1.75, 1.00, 1.75, 1.00],
	[1.00, 2.25, 1.75, 1.00, 1.75, 1.00],
	[1.00, 2.25, 1.75, 1.00, 1.75, 1.00],
	[1.00, 2.25, 1.75, 1.00, 1.75, 1.00],
	[1.00, 2.25, 1.75, 1.00, 1.75, 1.00],
	[1.00, 2.25, 1.75, 1.00, 1.75, 1.00],
	[1.00, 2.25, 1.75, 1.00, 1.75, 1.00],
	[1.00, 2.25, 1.75, 1.00, 1.75, 1.00],
	[1.00, 2.25, 1.75, 1.00, 1.75, 1.00],
	[1.00, 2.25, 1.75, 1.00, 1.75, 1.00],
	[1.00, 2.25, 1.75, 1.00, 1.75, 1.00],
	[1.00, 2.25, 1.75, 1.00, 1.75, 1.00],
	[1.00, 2.00, 1.50, 1.00, 0, 1.00],
	[1.00, 2.00, 1.50, 1.00, 0, 1.00],
	[1.00, 2.00, 1.50, 1.00, 0, 1.00],
	[1.00, 2.00, 1.50, 1.00, 0, 1.00],
	[0, 2.25, 1.50, 0, 0, 1.00],
	[0, 2.25, 1.50, 0, 0, 1.00],
	[0, 2.25, 1.50, 0, 0, 1.00],
	[0, 2.25, 1.50, 0, 0, 1.00],
	[0, 2.50, 0, 0, 0, 1.00],
	[0, 2.50, 0, 0, 0, 1.00],
	[0, 2.50, 0, 0, 0, 1.00],
	[0, 2.50, 0, 0, 0, 1.00],
	[0, 2.50, 0, 0, 0, 1.00],
	[0, 2.50, 0, 0, 0, 1.00],
	[0, 2.50, 0, 0, 0, 1.00],
	[0, 2.50, 0, 0, 0, 1.00],
	[0, 0, 0, 0, 0, 0],
	[0, 0, 0, 0, 0, 0],
	[0, 0, 0, 0, 0, 0],
	[0, 0, 0, 0, 0, 0],
	[0, 0, 0, 0, 0, 0],
	[0, 0, 0, 0, 0, 0],
	[0, 0, 0, 0, 0, 0],
	[0, 0, 0, 0, 0, 0],
	[0, 0, 0, 0, 0, 0],
	[0, 0, 0, 0, 0, 0],
	[0, 0, 0, 0, 0, 0],
	[0, 0, 0, 0, 0, 0],
	[0, 0, 0, 0, 0, 0],
	[0, 0, 0, 0, 0, 0],
	[0, 0, 0, 0, 0, 0],
	[0, 0, 0, 0, 0, 0] ]
overcost [
	[0, 0, 0, 0, 0, 0],
	[0, 0, 0, 0, 0, 0],
	[0, 0, 0, 0, 0, 0],
	[0, 0, 0, 0, 0, 0],
	[0, 0, 0, 0, 0, 0],
	[0, 0, 0, 0, 0, 0],
	[0, 0, 0, 0, 0, 0],
	[0, 0, 0, 0, 0, 0],
	[0, 0, 0, 0, 0, 0],
	[0, 0, 0, 0, 0, 0],
	[0, 0, 0, 0, 0, 0],
	[0, 0, 0, 0, 0, 0],
	[0, 0, 0, 0, 0, 0],
	[0, 0, 0, 0, 0, 0],
	[0, 0, 0, 0, 0, 0],
	[0, 0, 0, 0, 0, 0],
	[0, 0, 0, 0, 0, 0],
	[0, 0, 0, 0, 0, 0],
	[0, 0, 0, 0, 0, 0],
	[0, 0, 0, 0, 0, 0],
	[0, 0, 0, 0, 0, 0],
	[0, 0, 0, 0, 0, 0],
	[0, 0, 0, 0, 0, 0],
	[0, 0, 0, 0, 0, 0],
	[0, 0, 0, 0, 0, 0],
	[0, 0, 0, 0, 0, 0],
	[0, 0, 0, 0, 0, 0],
	[0, 0, 0, 0, 0, 0],
	[0, 0, 0, 0, 0, 0],
	[0, 0, 0, 0, 0, 0],
	[0, 0, 0, 0, 0, 0],
	[0, 0, 0, 0, 0, 0],
	[0, 0, 0, 0, 0, 0],
	[0, 0, 0, 0, 0, 0],
	[0, 0, 0, 0, 0, 0],
	[0, 0, 0, 0, 0, 0],
	[8.216591e+00, 2.369099e+00, 0, 1.126423e+01, 0, 9.809083e+00],
	[8.216591e+00, 2.369099e+00, 0, 1.126423e+01, 0, 9.809083e+00],
	[8.216591e+00, 2.369099e+00, 0, 1.126423e+01, 0, 9.809083e+00],
	[8.216591e+00, 2.369099e+00, 0, 1.126423e+01, 0, 9.809083e+00],
	[6.926689e+00, 1.617343e+00, 3.058422e+00, 0, 0, 9.773105e+00],
	[6.926689e+00, 1.617343e+00, 3.058422e+00, 0, 0, 9.773105e+00],
	[6.926689e+00, 1.617343e+00, 3.058422e+00, 0, 0, 9.773105e+00],
	[6.926689e+00, 1.617343e+00, 3.058422e+00, 0, 0, 9.773105e+00],
	[5.114071e+00, 1.539112e+00, 2.363830e+00, 7.671832e+00, 1.603418e+00, 9.463856e+00],
	[5.114071e+00, 1.539112e+00, 2.363830e+00, 7.671832e+00, 1.603418e+00, 9.463856e+00],
	[5.114071e+00, 1.539112e+00, 2.363830e+00, 7.671832e+00, 1.603418e+00, 9.463856e+00],
	[5.114071e+00, 1.539112e+00, 2.363830e+00, 7.671832e+00, 1.603418e+00, 9.463856e+00],
	[4.405752e+00, 1.571873e+00, 1.708929e+00, 4.668819e+00, 1.588166e+00, 5.367497e+00],
	[4.405752e+00, 1.571873e+00, 1.708929e+00, 4.668819e+00, 1.588166e+00, 5.367497e+00],
	[4.405752e+00, 1.571873e+00, 1.708929e+00, 4.668819e+00, 1.588166e+00, 5.367497e+00],
	[4.405752e+00, 1.571873e+00, 1.708929e+00, 4.668819e+00, 1.588166e+00, 5.367497e+00],
	[4.132568e+00, 1.227211e+00, 2.153129e+00, 3.878308e+00, 1.257706e+00, 4.520540e+00],
	[4.132568e+00, 1.227211e+00, 2.153129e+00, 3.878308e+00, 1.257706e+00, 4.520540e+00],
	[4.132568e+00, 1.227211e+00, 2.153129e+00, 3.878308e+00, 1.257706e+00, 4.520540e+00],
	[4.132568e+00, 1.227211e+00, 2.153129e+00, 3.878308e+00, 1.257706e+00, 4.520540e+00],
	[4.085013e+00, 1.095299e+00, 2.039682e+00, 3.824987e+00, 1.134455e+00, 4.506119e+00],
	[4.085013e+00, 1.095299e+00, 2.039682e+00, 3.824987e+00, 1.134455e+00, 4.506119e+00],
	[4.085013e+00, 1.095299e+00, 2.039682e+00, 3.824987e+00, 1.134455e+00, 4.506119e+00],
	[4.085013e+00, 1.095299e+00, 2.039682e+00, 3.824987e+00, 1.134455e+00, 4.506119e+00],
	[4.307458e+00, 1.101855e+00, 2.076649e+00, 5.068838e+00, 1.225547e+00, 6.080686e+00],
	[4.307458e+00, 1.101855e+00, 2.076649e+00, 5.068838e+00, 1.225547e+00, 6.080686e+00],
	[4.307458e+00, 1.101855e+00, 2.076649e+00, 5.068838e+00, 1.225547e+00, 6.080686e+00],
	[4.307458e+00, 1.101855e+00, 2.076649e+00, 5.068838e+00, 1.225547e+00, 6.080686e+00],
	[5.191133e+00, 1.362684e+00, 2.238565e+00, 8.483330e+00, 0, 9.676816e+00],
	[5.191133e+00, 1.362684e+00, 2.238565e+00, 8.483330e+00, 0, 9.676816e+00],
	[5.191133e+00, 1.362684e+00, 2.238565e+00, 8.483330e+00, 0, 9.676816e+00],
	[5.191133e+00, 1.362684e+00, 2.238565e+00, 8.483330e+00, 0, 9.676816e+00],
	[0, 1.582644e+00, 1.769943e+00, 0, 0, 8.915102e+00],
	[0, 1.582644e+00, 1.769943e+00, 0, 0, 8.915102e+00],
	[0, 1.582644e+00, 1.769943e+00, 0, 0, 8.915102e+00],
	[0, 1.582644e+00, 1.769943e+00, 0, 0, 8.915102e+00],
	[0, 1.317094e+00, 0, 0, 0, 5.650254e+00],
	[0, 1.317094e+00, 0, 0, 0, 5.650254e+00],
	[0, 1.317094e+00, 0, 0, 0, 5.650254e+00],
	[0, 1.317094e+00, 0, 0, 0, 5.650254e+00],
	[0, 1.365027e+00, 0, 0, 0, 9.542622e+00],
	[0, 1.365027e+00, 0, 0, 0, 9.542622e+00],
	[0, 1.365027e+00, 0, 0, 0, 9.542622e+00],
	[0, 1.365027e+00, 0, 0, 0, 9.542622e+00],
	[0, 0, 0, 0, 0, 0],
	[0, 0, 0, 0, 0, 0],
	[0, 0, 0, 0, 0, 0],
	[0, 0, 0, 0, 0, 0],
	[0, 0, 0, 0, 0, 0],
	[0, 0, 0, 0, 0, 0],
	[0, 0, 0, 0, 0, 0],
	[0, 0, 0, 0, 0, 0],
	[0, 0, 0, 0, 0, 0],
	[0, 0, 0, 0, 0, 0],
	[0, 0, 0, 0, 0, 0],
	[0, 0, 0, 0, 0, 0],
	[0, 0, 0, 0, 0, 0],
	[0, 0, 0, 0, 0, 0],
	[0, 0, 0, 0, 0, 0],
	[0, 0, 0, 0, 0, 0] ]
undercost [
	[0, 0, 0, 0, 0, 0],
	[0, 0, 0, 0, 0, 0],
	[0, 0, 0, 0, 0, 0],
	[0, 0, 0, 0, 0, 0],
	[0, 0, 0, 0, 0, 0],
	[0, 0, 0, 0, 0, 0],
	[0, 0, 0, 0, 0, 0],
	[0, 0, 0, 0, 0, 0],
	[0, 0, 0, 0, 0, 0],
	[0, 0, 0, 0, 0, 0],
	[0, 0, 0, 0, 0, 0],
	[0, 0, 0, 0, 0, 0],
	[0, 0, 0, 0, 0, 0],
	[0, 0, 0, 0, 0, 0],
	[0, 0, 0, 0, 0, 0],
	[0, 0, 0, 0, 0, 0],
	[0, 0, 0, 0, 0, 0],
	[0, 0, 0, 0, 0, 0],
	[0, 0, 0, 0, 0, 0],
	[0, 0, 0, 0, 0, 0],
	[0, 0, 0, 0, 0, 0],
	[0, 0, 0, 0, 0, 0],
	[0, 0, 0, 0, 0, 0],
	[0, 0, 0, 0, 0, 0],
	[0, 0, 0, 0, 0, 0],
	[0, 0, 0, 0, 0, 0],
	[0, 0, 0, 0, 0, 0],
	[0, 0, 0, 0, 0, 0],
	[0, 0, 0, 0, 0, 0],
	[0, 0, 0, 0, 0, 0],
	[0, 0, 0, 0, 0, 0],
	[0, 0, 0, 0, 0, 0],
	[0, 0, 0, 0, 0, 0],
	[0, 0, 0, 0, 0, 0],
	[0, 0, 0, 0, 0, 0],
	[0, 0, 0, 0, 0, 0],
	[1.000000e+06, 1.000000e+06, 0, 1.000000e+06, 0, 1.000000e+06],
	[1.000000e+06, 1.000000e+06, 0, 1.000000e+06, 0, 1.000000e+06],
	[1.000000e+06, 1.000000e+06, 0, 1.000000e+06, 0, 1.000000e+06],
	[1.000000e+06, 1.000000e+06, 0, 1.000000e+06, 0, 1.000000e+06],
	[1.000000e+06, 1.000000e+06, 1.000000e+06, 0, 0, 1.000000e+06],
	[1.000000e+06, 1.000000e+06, 1.000000e+06, 0, 0, 1.000000e+06],
	[1.000000e+06, 1.000000e+06, 1.000000e+06, 0, 0, 1.000000e+06],
	[1.000000e+06, 1.000000e+06, 1.000000e+06, 0, 0, 1.000000e+06],
	[1.000000e+06, 2.743403e+00, 1.000000e+06, 1.000000e+06, 1.000000e+06, 1.000000e+06],
	[1.000000e+06, 2.743403e+00, 1.000000e+06, 1.000000e+06, 1.000000e+06, 1.000000e+06],
	[1.000000e+06, 2.743403e+00, 1.000000e+06, 1.000000e+06, 1.000000e+06, 1.000000e+06],
	[1.000000e+06, 2.743403e+00, 1.000000e+06, 1.000000e+06, 1.000000e+06, 1.000000e+06],
	[1.000000e+06, 2.081485e+00, 1.000000e+06, 1.000000e+06, 1.000000e+06, 1.000000e+06],
	[1.000000e+06, 2.081485e+00, 1.000000e+06, 1.000000e+06, 1.000000e+06, 1.000000e+06],
	[1.000000e+06, 2.081485e+00, 1.000000e+06, 1.000000e+06, 1.000000e+06, 1.000000e+06],
	[1.000000e+06, 2.081485e+00, 1.000000e+06, 1.000000e+06, 1.000000e+06, 1.000000e+06],
	[1.000000e+06, 2.547491e+00, 1.000000e+06, 1.000000e+06, 1.000000e+06, 1.000000e+06],
	[1.000000e+06, 2.547491e+00, 1.000000e+06, 1.000000e+06, 1.000000e+06, 1.000000e+06],
	[1.000000e+06, 2.547491e+00, 1.000000e+06, 1.000000e+06, 1.000000e+06, 1.000000e+06],
	[1.000000e+06, 2.547491e+00, 1.000000e+06, 1.000000e+06, 1.000000e+06, 1.000000e+06],
	[1.000000e+06, 2.726552e+00, 1.000000e+06, 1.000000e+06, 1.000000e+06, 1.000000e+06],
	[1.000000e+06, 2.726552e+00, 1.000000e+06, 1.000000e+06, 1.000000e+06, 1.000000e+06],
	[1.000000e+06, 2.726552e+00, 1.000000e+06, 1.000000e+06, 1.000000e+06, 1.000000e+06],
	[1.000000e+06, 2.726552e+00, 1.000000e+06, 1.000000e+06, 1.000000e+06, 1.000000e+06],
	[1.000000e+06, 2.725010e+00, 1.000000e+06, 1.000000e+06, 1.000000e+06, 1.000000e+06],
	[1.000000e+06, 2.725010e+00, 1.000000e+06, 1.000000e+06, 1.000000e+06, 1.000000e+06],
	[1.000000e+06, 2.725010e+00, 1.000000e+06, 1.000000e+06, 1.000000e+06, 1.000000e+06],
	[1.000000e+06, 2.725010e+00, 1.000000e+06, 1.000000e+06, 1.000000e+06, 1.000000e+06],
	[1.000000e+06, 2.996242e+00, 1.000000e+06, 1.000000e+06, 0, 1.000000e+06],
	[1.000000e+06, 2.996242e+00, 1.000000e+06, 1.000000e+06, 0, 1.000000e+06],
	[1.000000e+06, 2.996242e+00, 1.000000e+06, 1.000000e+06, 0, 1.000000e+06],
	[1.000000e+06, 2.996242e+00, 1.000000e+06, 1.000000e+06, 0, 1.000000e+06],
	[0, 2.079248e+00, 1.000000e+06, 0, 0, 1.000000e+06],
	[0, 2.079248e+00, 1.000000e+06, 0, 0, 1.000000e+06],
	[0, 2.079248e+00, 1.000000e+06, 0, 0, 1.000000e+06],
	[0, 2.079248e+00, 1.000000e+06, 0, 0, 1.000000e+06],
	[0, 1.975752e+00, 0, 0, 0, 1.000000e+06],
	[0, 1.975752e+00, 0, 0, 0, 1.000000e+06],
	[0, 1.975752e+00, 0, 0, 0, 1.000000e+06],
	[0, 1.975752e+00, 0, 0, 0, 1.000000e+06],
	[0, 1.924351e+00, 0, 0, 0, 1.000000e+06],
	[0, 1.924351e+00, 0, 0, 0, 1.000000e+06],
	[0, 1.924351e+00, 0, 0, 0, 1.000000e+06],
	[0, 1.924351e+00, 0, 0, 0, 1.000000e+06],
	[0, 0, 0, 0, 0, 0],
	[0, 0, 0, 0, 0, 0],
	[0, 0, 0, 0, 0, 0],
	[0, 0, 0, 0, 0, 0],
	[0, 0, 0, 0, 0, 0],
	[0, 0, 0, 0, 0, 0],
	[0, 0, 0, 0, 0, 0],
	[0, 0, 0, 0, 0, 0],
	[0, 0, 0, 0, 0, 0],
	[0, 0, 0, 0, 0, 0],
	[0, 0, 0, 0, 0, 0],
	[0, 0, 0, 0, 0, 0],
	[0, 0, 0, 0, 0, 0],
	[0, 0, 0, 0, 0, 0],
	[0, 0, 0, 0, 0, 0],
	[0, 0, 0, 0, 0, 0] ]
