290 533 846 1517 1904 3746 3756 3919
SHOE
ACT	8
SHIFT	96
demand [
	[0, 0, 0, 0, 0, 0, 0, 0],
	[0, 0, 0, 0, 0, 0, 0, 0],
	[0, 0, 0, 0, 0, 0, 0, 0],
	[0, 0, 0, 0, 0, 0, 0, 0],
	[0, 0, 0, 0, 0, 0, 0, 0],
	[0, 0, 0, 0, 0, 0, 0, 0],
	[0, 0, 0, 0, 0, 0, 0, 0],
	[0, 0, 0, 0, 0, 0, 0, 0],
	[0, 0, 0, 0, 0, 0, 0, 0],
	[0, 0, 0, 0, 0, 0, 0, 0],
	[0, 0, 0, 0, 0, 0, 0, 0],
	[0, 0, 0, 0, 0, 0, 0, 0],
	[0, 0, 0, 0, 0, 0, 0, 0],
	[0, 0, 0, 0, 0, 0, 0, 0],
	[0, 0, 0, 0, 0, 0, 0, 0],
	[0, 0, 0, 0, 0, 0, 0, 0],
	[0, 0, 0, 0, 0, 0, 0, 0],
	[0, 0, 0, 0, 0, 0, 0, 0],
	[0, 0, 0, 0, 0, 0, 0, 0],
	[0, 0, 0, 0, 0, 0, 0, 0],
	[0, 0, 0, 0, 0, 0, 0, 0],
	[0, 0, 0, 0, 0, 0, 0, 0],
	[0, 0, 0, 0, 0, 0, 0, 0],
	[0, 0, 0, 0, 0, 0, 0, 0],
	[0, 0, 0, 0, 0, 0, 0, 0],
	[0, 0, 0, 0, 0, 0, 0, 0],
	[0, 0, 0, 0, 0, 0, 0, 0],
	[0, 0, 0, 0, 0, 0, 0, 0],
	[0, 0, 0, 0, 0, 0, 0, 0],
	[0, 0, 0, 0, 0, 0, 0, 0],
	[0, 0, 0, 0, 0, 0, 0, 0],
	[0, 0, 0, 0, 0, 0, 0, 0],
	[0, 0, 0, 0, 0, 0, 1.00, 0],
	[0, 0, 0, 0, 0, 0, 1.00, 0],
	[0, 0, 0, 0, 0, 0, 1.00, 0],
	[0, 0, 0, 0, 0, 0, 1.00, 0],
	[0, 1.00, 1.25, 0, 1.00, 0, 1.00, 1.00],
	[0, 1.00, 1.25, 0, 1.00, 0, 1.00, 1.00],
	[0, 1.00, 1.25, 0, 1.00, 0, 1.00, 1.00],
	[0, 1.00, 1.25, 0, 1.00, 0, 1.00, 1.00],
	[0, 1.50, 1.50, 1.00, 0, 1.50, 1.00, 1.00],
	[0, 1.50, 1.50, 1.00, 0, 1.50, 1.00, 1.00],
	[0, 1.50, 1.50, 1.00, 0, 1.50, 1.00, 1.00],
	[0, 1.50, 1.50, 1.00, 0, 1.50, 1.00, 1.00],
	[0, 2.25, 2.50, 1.00, 1.00, 3.00, 1.00, 1.00],
	[0, 2.25, 2.50, 1.00, 1.00, 3.00, 1.00, 1.00],
	[0, 2.25, 2.50, 1.00, 1.00, 3.00, 1.00, 1.00],
	[0, 2.25, 2.50, 1.00, 1.00, 3.00, 1.00, 1.00],
	[3.00, 2.75, 2.75, 1.00, 1.00, 3.75, 1.00, 1.00],
	[3.00, 2.75, 2.75, 1.00, 1.00, 3.75, 1.00, 1.00],
	[3.00, 2.75, 2.75, 1.00, 1.00, 3.75, 1.00, 1.00],
	[3.00, 2.75, 2.75, 1.00, 1.00, 3.75, 1.00, 1.00],
	[3.25, 2.75, 3.00, 1.00, 1.00, 4.25, 1.00, 1.00],
	[3.25, 2.75, 3.00, 1.00, 1.00, 4.25, 1.00, 1.00],
	[3.25, 2.75, 3.00, 1.00, 1.00, 4.25, 1.00, 1.00],
	[3.25, 2.75, 3.00, 1.00, 1.00, 4.25, 1.00, 1.00],
	[3.25, 2.75, 3.00, 1.00, 1.00, 4.25, 1.00, 1.00],
	[3.25, 2.75, 3.00, 1.00, 1.00, 4.25, 1.00, 1.00],
	[3.25, 2.75, 3.00, 1.00, 1.00, 4.25, 1.00, 1.00],
	[3.25, 2.75, 3.00, 1.00, 1.00, 4.25, 1.00, 1.00],
	[3.25, 2.75, 3.00, 1.00, 1.00, 4.00, 1.00, 1.00],
	[3.25, 2.75, 3.00, 1.00, 1.00, 4.00, 1.00, 1.00],
	[3.25, 2.75, 3.00, 1.00, 1.00, 4.00, 1.00, 1.00],
	[3.25, 2.75, 3.00, 1.00, 1.00, 4.00, 1.00, 1.00],
	[2.50, 2.50, 2.50, 1.00, 1.00, 3.00, 1.00, 0],
	[2.50, 2.50, 2.50, 1.00, 1.00, 3.00, 1.00, 0],
	[2.50, 2.50, 2.50, 1.00, 1.00, 3.00, 1.00, 0],
	[2.50, 2.50, 2.50, 1.00, 1.00, 3.00, 1.00, 0],
	[0, 2.50, 2.75, 0, 1.00, 0, 1.00, 0],
	[0, 2.50, 2.75, 0, 1.00, 0, 1.00, 0],
	[0, 2.50, 2.75, 0, 1.00, 0, 1.00, 0],
	[0, 2.50, 2.75, 0, 1.00, 0, 1.00, 0],
	[0, 3.00, 3.00, 1.00, 1.00, 0, 1.00, 0],
	[0, 3.00, 3.00, 1.00, 1.00, 0, 1.00, 0],
	[0, 3.00, 3.00, 1.00, 1.00, 0, 1.00, 0],
	[0, 3.00, 3.00, 1.00, 1.00, 0, 1.00, 0],
	[0, 2.75, 3.00, 1.00, 1.00, 0, 1.00, 0],
	[0, 2.75, 3.00, 1.00, 1.00, 0, 1.00, 0],
	[0, 2.75, 3.00, 1.00, 1.00, 0, 1.00, 0],
	[0, 2.75, 3.00, 1.00, 1.00, 0, 1.00, 0],
	[0, 1.25, 0, 0, 0, 0, 0, 0],
	[0, 1.25, 0, 0, 0, 0, 0, 0],
	[0, 1.25, 0, 0, 0, 0, 0, 0],
	[0, 1.25, 0, 0, 0, 0, 0, 0],
	[0, 0, 0, 0, 0, 0, 0, 0],
	[0, 0, 0, 0, 0, 0, 0, 0],
	[0, 0, 0, 0, 0, 0, 0, 0],
	[0, 0, 0, 0, 0, 0, 0, 0],
	[0, 0, 0, 0, 0, 0, 0, 0],
	[0, 0, 0, 0, 0, 0, 0, 0],
	[0, 0, 0, 0, 0, 0, 0, 0],
	[0, 0, 0, 0, 0, 0, 0, 0],
	[0, 0, 0, 0, 0, 0, 0, 0],
	[0, 0, 0, 0, 0, 0, 0, 0],
	[0, 0, 0, 0, 0, 0, 0, 0],
	[0, 0, 0, 0, 0, 0, 0, 0] ]
overcost [
	[0, 0, 0, 0, 0, 0, 0, 0],
	[0, 0, 0, 0, 0, 0, 0, 0],
	[0, 0, 0, 0, 0, 0, 0, 0],
	[0, 0, 0, 0, 0, 0, 0, 0],
	[0, 0, 0, 0, 0, 0, 0, 0],
	[0, 0, 0, 0, 0, 0, 0, 0],
	[0, 0, 0, 0, 0, 0, 0, 0],
	[0, 0, 0, 0, 0, 0, 0, 0],
	[0, 0, 0, 0, 0, 0, 0, 0],
	[0, 0, 0, 0, 0, 0, 0, 0],
	[0, 0, 0, 0, 0, 0, 0, 0],
	[0, 0, 0, 0, 0, 0, 0, 0],
	[0, 0, 0, 0, 0, 0, 0, 0],
	[0, 0, 0, 0, 0, 0, 0, 0],
	[0, 0, 0, 0, 0, 0, 0, 0],
	[0, 0, 0, 0, 0, 0, 0, 0],
	[0, 0, 0, 0, 0, 0, 0, 0],
	[0, 0, 0, 0, 0, 0, 0, 0],
	[0, 0, 0, 0, 0, 0, 0, 0],
	[0, 0, 0, 0, 0, 0, 0, 0],
	[0, 0, 0, 0, 0, 0, 0, 0],
	[0, 0, 0, 0, 0, 0, 0, 0],
	[0, 0, 0, 0, 0, 0, 0, 0],
	[0, 0, 0, 0, 0, 0, 0, 0],
	[0, 0, 0, 0, 0, 0, 0, 0],
	[0, 0, 0, 0, 0, 0, 0, 0],
	[0, 0, 0, 0, 0, 0, 0, 0],
	[0, 0, 0, 0, 0, 0, 0, 0],
	[0, 0, 0, 0, 0, 0, 0, 0],
	[0, 0, 0, 0, 0, 0, 0, 0],
	[0, 0, 0, 0, 0, 0, 0, 0],
	[0, 0, 0, 0, 0, 0, 0, 0],
	[0, 0, 0, 0, 0, 0, 1.277292e+01, 0],
	[0, 0, 0, 0, 0, 0, 1.277292e+01, 0],
	[0, 0, 0, 0, 0, 0, 1.277292e+01, 0],
	[0, 0, 0, 0, 0, 0, 1.277292e+01, 0],
	[0, 1.897150e+00, 2.591578e+00, 0, 7.206611e+00, 0, 1.262912e+01, 9.213816e+00],
	[0, 1.897150e+00, 2.591578e+00, 0, 7.206611e+00, 0, 1.262912e+01, 9.213816e+00],
	[0, 1.897150e+00, 2.591578e+00, 0, 7.206611e+00, 0, 1.262912e+01, 9.213816e+00],
	[0, 1.897150e+00, 2.591578e+00, 0, 7.206611e+00, 0, 1.262912e+01, 9.213816e+00],
	[0, 1.752882e+00, 1.451308e+00, 5.779309e+00, 0, 2.095849e+00, 1.259327e+01, 9.158353e+00],
	[0, 1.752882e+00, 1.451308e+00, 5.779309e+00, 0, 2.095849e+00, 1.259327e+01, 9.158353e+00],
	[0, 1.752882e+00, 1.451308e+00, 5.779309e+00, 0, 2.095849e+00, 1.259327e+01, 9.158353e+00],
	[0, 1.752882e+00, 1.451308e+00, 5.779309e+00, 0, 2.095849e+00, 1.259327e+01, 9.158353e+00],
	[0, 1.115368e+00, 1.446940e+00, 3.290798e+00, 4.418204e+00, 9.148791e-01, 8.776231e+00, 9.064580e+00],
	[0, 1.115368e+00, 1.446940e+00, 3.290798e+00, 4.418204e+00, 9.148791e-01, 8.776231e+00, 9.064580e+00],
	[0, 1.115368e+00, 1.446940e+00, 3.290798e+00, 4.418204e+00, 9.148791e-01, 8.776231e+00, 9.064580e+00],
	[0, 1.115368e+00, 1.446940e+00, 3.290798e+00, 4.418204e+00, 9.148791e-01, 8.776231e+00, 9.064580e+00],
	[8.244217e-01, 1.477080e+00, 1.176599e+00, 2.331619e+00, 3.865735e+00, 6.527641e-01, 6.376090e+00, 3.874049e+00],
	[8.244217e-01, 1.477080e+00, 1.176599e+00, 2.331619e+00, 3.865735e+00, 6.527641e-01, 6.376090e+00, 3.874049e+00],
	[8.244217e-01, 1.477080e+00, 1.176599e+00, 2.331619e+00, 3.865735e+00, 6.527641e-01, 6.376090e+00, 3.874049e+00],
	[8.244217e-01, 1.477080e+00, 1.176599e+00, 2.331619e+00, 3.865735e+00, 6.527641e-01, 6.376090e+00, 3.874049e+00],
	[8.559525e-01, 1.102569e+00, 1.319273e+00, 1.950202e+00, 3.587964e+00, 8.753007e-01, 5.703639e+00, 2.566988e+00],
	[8.559525e-01, 1.102569e+00, 1.319273e+00, 1.950202e+00, 3.587964e+00, 8.753007e-01, 5.703639e+00, 2.566988e+00],
	[8.559525e-01, 1.102569e+00, 1.319273e+00, 1.950202e+00, 3.587964e+00, 8.753007e-01, 5.703639e+00, 2.566988e+00],
	[8.559525e-01, 1.102569e+00, 1.319273e+00, 1.950202e+00, 3.587964e+00, 8.753007e-01, 5.703639e+00, 2.566988e+00],
	[7.458687e-01, 9.660627e-01, 1.180873e+00, 1.873387e+00, 3.496823e+00, 7.632942e-01, 5.659583e+00, 2.569128e+00],
	[7.458687e-01, 9.660627e-01, 1.180873e+00, 1.873387e+00, 3.496823e+00, 7.632942e-01, 5.659583e+00, 2.569128e+00],
	[7.458687e-01, 9.660627e-01, 1.180873e+00, 1.873387e+00, 3.496823e+00, 7.632942e-01, 5.659583e+00, 2.569128e+00],
	[7.458687e-01, 9.660627e-01, 1.180873e+00, 1.873387e+00, 3.496823e+00, 7.632942e-01, 5.659583e+00, 2.569128e+00],
	[9.554541e-01, 1.052129e+00, 1.272929e+00, 2.154008e+00, 3.564092e+00, 8.354958e-01, 6.642344e+00, 5.165816e+00],
	[9.554541e-01, 1.052129e+00, 1.272929e+00, 2.154008e+00, 3.564092e+00, 8.354958e-01, 6.642344e+00, 5.165816e+00],
	[9.554541e-01, 1.052129e+00, 1.272929e+00, 2.154008e+00, 3.564092e+00, 8.354958e-01, 6.642344e+00, 5.165816e+00],
	[9.554541e-01, 1.052129e+00, 1.272929e+00, 2.154008e+00, 3.564092e+00, 8.354958e-01, 6.642344e+00, 5.165816e+00],
	[8.327104e-01, 1.571565e+00, 1.285785e+00, 3.362940e+00, 4.341238e+00, 1.014286e+00, 9.386688e+00, 0],
	[8.327104e-01, 1.571565e+00, 1.285785e+00, 3.362940e+00, 4.341238e+00, 1.014286e+00, 9.386688e+00, 0],
	[8.327104e-01, 1.571565e+00, 1.285785e+00, 3.362940e+00, 4.341238e+00, 1.014286e+00, 9.386688e+00, 0],
	[8.327104e-01, 1.571565e+00, 1.285785e+00, 3.362940e+00, 4.341238e+00, 1.014286e+00, 9.386688e+00, 0],
	[0, 1.085952e+00, 1.367137e+00, 0, 3.987948e+00, 0, 8.308534e+00, 0],
	[0, 1.085952e+00, 1.367137e+00, 0, 3.987948e+00, 0, 8.308534e+00, 0],
	[0, 1.085952e+00, 1.367137e+00, 0, 3.987948e+00, 0, 8.308534e+00, 0],
	[0, 1.085952e+00, 1.367137e+00, 0, 3.987948e+00, 0, 8.308534e+00, 0],
	[0, 1.197606e+00, 9.257825e-01, 1.768723e+00, 3.248457e+00, 0, 6.172692e+00, 0],
	[0, 1.197606e+00, 9.257825e-01, 1.768723e+00, 3.248457e+00, 0, 6.172692e+00, 0],
	[0, 1.197606e+00, 9.257825e-01, 1.768723e+00, 3.248457e+00, 0, 6.172692e+00, 0],
	[0, 1.197606e+00, 9.257825e-01, 1.768723e+00, 3.248457e+00, 0, 6.172692e+00, 0],
	[0, 9.384788e-01, 1.249447e+00, 2.426887e+00, 3.423831e+00, 0, 8.835662e+00, 0],
	[0, 9.384788e-01, 1.249447e+00, 2.426887e+00, 3.423831e+00, 0, 8.835662e+00, 0],
	[0, 9.384788e-01, 1.249447e+00, 2.426887e+00, 3.423831e+00, 0, 8.835662e+00, 0],
	[0, 9.384788e-01, 1.249447e+00, 2.426887e+00, 3.423831e+00, 0, 8.835662e+00, 0],
	[0, 2.505993e+00, 0, 0, 0, 0, 0, 0],
	[0, 2.505993e+00, 0, 0, 0, 0, 0, 0],
	[0, 2.505993e+00, 0, 0, 0, 0, 0, 0],
	[0, 2.505993e+00, 0, 0, 0, 0, 0, 0],
	[0, 0, 0, 0, 0, 0, 0, 0],
	[0, 0, 0, 0, 0, 0, 0, 0],
	[0, 0, 0, 0, 0, 0, 0, 0],
	[0, 0, 0, 0, 0, 0, 0, 0],
	[0, 0, 0, 0, 0, 0, 0, 0],
	[0, 0, 0, 0, 0, 0, 0, 0],
	[0, 0, 0, 0, 0, 0, 0, 0],
	[0, 0, 0, 0, 0, 0, 0, 0],
	[0, 0, 0, 0, 0, 0, 0, 0],
	[0, 0, 0, 0, 0, 0, 0, 0],
	[0, 0, 0, 0, 0, 0, 0, 0],
	[0, 0, 0, 0, 0, 0, 0, 0] ]
undercost [
	[0, 0, 0, 0, 0, 0, 0, 0],
	[0, 0, 0, 0, 0, 0, 0, 0],
	[0, 0, 0, 0, 0, 0, 0, 0],
	[0, 0, 0, 0, 0, 0, 0, 0],
	[0, 0, 0, 0, 0, 0, 0, 0],
	[0, 0, 0, 0, 0, 0, 0, 0],
	[0, 0, 0, 0, 0, 0, 0, 0],
	[0, 0, 0, 0, 0, 0, 0, 0],
	[0, 0, 0, 0, 0, 0, 0, 0],
	[0, 0, 0, 0, 0, 0, 0, 0],
	[0, 0, 0, 0, 0, 0, 0, 0],
	[0, 0, 0, 0, 0, 0, 0, 0],
	[0, 0, 0, 0, 0, 0, 0, 0],
	[0, 0, 0, 0, 0, 0, 0, 0],
	[0, 0, 0, 0, 0, 0, 0, 0],
	[0, 0, 0, 0, 0, 0, 0, 0],
	[0, 0, 0, 0, 0, 0, 0, 0],
	[0, 0, 0, 0, 0, 0, 0, 0],
	[0, 0, 0, 0, 0, 0, 0, 0],
	[0, 0, 0, 0, 0, 0, 0, 0],
	[0, 0, 0, 0, 0, 0, 0, 0],
	[0, 0, 0, 0, 0, 0, 0, 0],
	[0, 0, 0, 0, 0, 0, 0, 0],
	[0, 0, 0, 0, 0, 0, 0, 0],
	[0, 0, 0, 0, 0, 0, 0, 0],
	[0, 0, 0, 0, 0, 0, 0, 0],
	[0, 0, 0, 0, 0, 0, 0, 0],
	[0, 0, 0, 0, 0, 0, 0, 0],
	[0, 0, 0, 0, 0, 0, 0, 0],
	[0, 0, 0, 0, 0, 0, 0, 0],
	[0, 0, 0, 0, 0, 0, 0, 0],
	[0, 0, 0, 0, 0, 0, 0, 0],
	[0, 0, 0, 0, 0, 0, 1.000000e+06, 0],
	[0, 0, 0, 0, 0, 0, 1.000000e+06, 0],
	[0, 0, 0, 0, 0, 0, 1.000000e+06, 0],
	[0, 0, 0, 0, 0, 0, 1.000000e+06, 0],
	[0, 1.000000e+06, 1.000000e+06, 0, 1.000000e+06, 0, 1.000000e+06, 1.000000e+06],
	[0, 1.000000e+06, 1.000000e+06, 0, 1.000000e+06, 0, 1.000000e+06, 1.000000e+06],
	[0, 1.000000e+06, 1.000000e+06, 0, 1.000000e+06, 0, 1.000000e+06, 1.000000e+06],
	[0, 1.000000e+06, 1.000000e+06, 0, 1.000000e+06, 0, 1.000000e+06, 1.000000e+06],
	[0, 1.000000e+06, 1.000000e+06, 1.000000e+06, 0, 1.000000e+06, 1.000000e+06, 1.000000e+06],
	[0, 1.000000e+06, 1.000000e+06, 1.000000e+06, 0, 1.000000e+06, 1.000000e+06, 1.000000e+06],
	[0, 1.000000e+06, 1.000000e+06, 1.000000e+06, 0, 1.000000e+06, 1.000000e+06, 1.000000e+06],
	[0, 1.000000e+06, 1.000000e+06, 1.000000e+06, 0, 1.000000e+06, 1.000000e+06, 1.000000e+06],
	[0, 2.697827e+00, 1.761604e+00, 1.000000e+06, 1.000000e+06, 1.535262e+00, 1.000000e+06, 1.000000e+06],
	[0, 2.697827e+00, 1.761604e+00, 1.000000e+06, 1.000000e+06, 1.535262e+00, 1.000000e+06, 1.000000e+06],
	[0, 2.697827e+00, 1.761604e+00, 1.000000e+06, 1.000000e+06, 1.535262e+00, 1.000000e+06, 1.000000e+06],
	[0, 2.697827e+00, 1.761604e+00, 1.000000e+06, 1.000000e+06, 1.535262e+00, 1.000000e+06, 1.000000e+06],
	[1.551013e+00, 1.394383e+00, 1.753133e+00, 1.000000e+06, 1.000000e+06, 1.292758e+00, 1.000000e+06, 1.000000e+06],
	[1.551013e+00, 1.394383e+00, 1.753133e+00, 1.000000e+06, 1.000000e+06, 1.292758e+00, 1.000000e+06, 1.000000e+06],
	[1.551013e+00, 1.394383e+00, 1.753133e+00, 1.000000e+06, 1.000000e+06, 1.292758e+00, 1.000000e+06, 1.000000e+06],
	[1.551013e+00, 1.394383e+00, 1.753133e+00, 1.000000e+06, 1.000000e+06, 1.292758e+00, 1.000000e+06, 1.000000e+06],
	[1.300869e+00, 1.873332e+00, 1.287344e+00, 1.000000e+06, 1.000000e+06, 7.780402e-01, 1.000000e+06, 1.000000e+06],
	[1.300869e+00, 1.873332e+00, 1.287344e+00, 1.000000e+06, 1.000000e+06, 7.780402e-01, 1.000000e+06, 1.000000e+06],
	[1.300869e+00, 1.873332e+00, 1.287344e+00, 1.000000e+06, 1.000000e+06, 7.780402e-01, 1.000000e+06, 1.000000e+06],
	[1.300869e+00, 1.873332e+00, 1.287344e+00, 1.000000e+06, 1.000000e+06, 7.780402e-01, 1.000000e+06, 1.000000e+06],
	[1.436562e+00, 2.048333e+00, 1.461062e+00, 1.000000e+06, 1.000000e+06, 9.093959e-01, 1.000000e+06, 1.000000e+06],
	[1.436562e+00, 2.048333e+00, 1.461062e+00, 1.000000e+06, 1.000000e+06, 9.093959e-01, 1.000000e+06, 1.000000e+06],
	[1.436562e+00, 2.048333e+00, 1.461062e+00, 1.000000e+06, 1.000000e+06, 9.093959e-01, 1.000000e+06, 1.000000e+06],
	[1.436562e+00, 2.048333e+00, 1.461062e+00, 1.000000e+06, 1.000000e+06, 9.093959e-01, 1.000000e+06, 1.000000e+06],
	[1.180538e+00, 1.941857e+00, 1.348260e+00, 1.000000e+06, 1.000000e+06, 9.415554e-01, 1.000000e+06, 1.000000e+06],
	[1.180538e+00, 1.941857e+00, 1.348260e+00, 1.000000e+06, 1.000000e+06, 9.415554e-01, 1.000000e+06, 1.000000e+06],
	[1.180538e+00, 1.941857e+00, 1.348260e+00, 1.000000e+06, 1.000000e+06, 9.415554e-01, 1.000000e+06, 1.000000e+06],
	[1.180538e+00, 1.941857e+00, 1.348260e+00, 1.000000e+06, 1.000000e+06, 9.415554e-01, 1.000000e+06, 1.000000e+06],
	[2.127339e+00, 1.629106e+00, 1.975289e+00, 1.000000e+06, 1.000000e+06, 1.411152e+00, 1.000000e+06, 0],
	[2.127339e+00, 1.629106e+00, 1.975289e+00, 1.000000e+06, 1.000000e+06, 1.411152e+00, 1.000000e+06, 0],
	[2.127339e+00, 1.629106e+00, 1.975289e+00, 1.000000e+06, 1.000000e+06, 1.411152e+00, 1.000000e+06, 0],
	[2.127339e+00, 1.629106e+00, 1.975289e+00, 1.000000e+06, 1.000000e+06, 1.411152e+00, 1.000000e+06, 0],
	[0, 2.267507e+00, 1.514549e+00, 0, 1.000000e+06, 0, 1.000000e+06, 0],
	[0, 2.267507e+00, 1.514549e+00, 0, 1.000000e+06, 0, 1.000000e+06, 0],
	[0, 2.267507e+00, 1.514549e+00, 0, 1.000000e+06, 0, 1.000000e+06, 0],
	[0, 2.267507e+00, 1.514549e+00, 0, 1.000000e+06, 0, 1.000000e+06, 0],
	[0, 1.468238e+00, 1.784806e+00, 1.000000e+06, 1.000000e+06, 0, 1.000000e+06, 0],
	[0, 1.468238e+00, 1.784806e+00, 1.000000e+06, 1.000000e+06, 0, 1.000000e+06, 0],
	[0, 1.468238e+00, 1.784806e+00, 1.000000e+06, 1.000000e+06, 0, 1.000000e+06, 0],
	[0, 1.468238e+00, 1.784806e+00, 1.000000e+06, 1.000000e+06, 0, 1.000000e+06, 0],
	[0, 2.096818e+00, 1.384030e+00, 1.000000e+06, 1.000000e+06, 0, 1.000000e+06, 0],
	[0, 2.096818e+00, 1.384030e+00, 1.000000e+06, 1.000000e+06, 0, 1.000000e+06, 0],
	[0, 2.096818e+00, 1.384030e+00, 1.000000e+06, 1.000000e+06, 0, 1.000000e+06, 0],
	[0, 2.096818e+00, 1.384030e+00, 1.000000e+06, 1.000000e+06, 0, 1.000000e+06, 0],
	[0, 1.000000e+06, 0, 0, 0, 0, 0, 0],
	[0, 1.000000e+06, 0, 0, 0, 0, 0, 0],
	[0, 1.000000e+06, 0, 0, 0, 0, 0, 0],
	[0, 1.000000e+06, 0, 0, 0, 0, 0, 0],
	[0, 0, 0, 0, 0, 0, 0, 0],
	[0, 0, 0, 0, 0, 0, 0, 0],
	[0, 0, 0, 0, 0, 0, 0, 0],
	[0, 0, 0, 0, 0, 0, 0, 0],
	[0, 0, 0, 0, 0, 0, 0, 0],
	[0, 0, 0, 0, 0, 0, 0, 0],
	[0, 0, 0, 0, 0, 0, 0, 0],
	[0, 0, 0, 0, 0, 0, 0, 0],
	[0, 0, 0, 0, 0, 0, 0, 0],
	[0, 0, 0, 0, 0, 0, 0, 0],
	[0, 0, 0, 0, 0, 0, 0, 0],
	[0, 0, 0, 0, 0, 0, 0, 0] ]
