597 1421 1488 1776 2522 3241 4214
SHOE
ACT	7
SHIFT	96
demand [
	[0, 0, 0, 0, 0, 0, 0],
	[0, 0, 0, 0, 0, 0, 0],
	[0, 0, 0, 0, 0, 0, 0],
	[0, 0, 0, 0, 0, 0, 0],
	[0, 0, 0, 0, 0, 0, 0],
	[0, 0, 0, 0, 0, 0, 0],
	[0, 0, 0, 0, 0, 0, 0],
	[0, 0, 0, 0, 0, 0, 0],
	[0, 0, 0, 0, 0, 0, 0],
	[0, 0, 0, 0, 0, 0, 0],
	[0, 0, 0, 0, 0, 0, 0],
	[0, 0, 0, 0, 0, 0, 0],
	[0, 0, 0, 0, 0, 0, 0],
	[0, 0, 0, 0, 0, 0, 0],
	[0, 0, 0, 0, 0, 0, 0],
	[0, 0, 0, 0, 0, 0, 0],
	[0, 0, 0, 0, 0, 0, 0],
	[0, 0, 0, 0, 0, 0, 0],
	[0, 0, 0, 0, 0, 0, 0],
	[0, 0, 0, 0, 0, 0, 0],
	[0, 0, 0, 0, 0, 0, 0],
	[0, 0, 0, 0, 0, 0, 0],
	[0, 0, 0, 0, 0, 0, 0],
	[0, 0, 0, 0, 0, 0, 0],
	[0, 0, 0, 0, 0, 0, 0],
	[0, 0, 0, 0, 0, 0, 0],
	[0, 0, 0, 0, 0, 0, 0],
	[0, 0, 0, 0, 0, 0, 0],
	[0, 0, 0, 0, 0, 0, 0],
	[0, 0, 0, 0, 0, 0, 0],
	[0, 0, 0, 0, 0, 0, 0],
	[0, 0, 0, 0, 0, 0, 0],
	[0, 0, 0, 0, 0, 0, 0],
	[0, 0, 0, 0, 0, 0, 0],
	[0, 0, 0, 0, 0, 0, 0],
	[0, 0, 0, 0, 0, 0, 0],
	[2.25, 1.00, 0, 0, 0, 1.00, 1.00],
	[2.25, 1.00, 0, 0, 0, 1.00, 1.00],
	[2.25, 1.00, 0, 0, 0, 1.00, 1.00],
	[2.25, 1.00, 0, 0, 0, 1.00, 1.00],
	[2.75, 0, 0, 0, 1.00, 1.50, 1.00],
	[2.75, 0, 0, 0, 1.00, 1.50, 1.00],
	[2.75, 0, 0, 0, 1.00, 1.50, 1.00],
	[2.75, 0, 0, 0, 1.00, 1.50, 1.00],
	[3.50, 1.00, 2.25, 2.75, 1.50, 5.00, 1.00],
	[3.50, 1.00, 2.25, 2.75, 1.50, 5.00, 1.00],
	[3.50, 1.00, 2.25, 2.75, 1.50, 5.00, 1.00],
	[3.50, 1.00, 2.25, 2.75, 1.50, 5.00, 1.00],
	[3.75, 1.25, 2.50, 3.00, 1.75, 7.00, 1.00],
	[3.75, 1.25, 2.50, 3.00, 1.75, 7.00, 1.00],
	[3.75, 1.25, 2.50, 3.00, 1.75, 7.00, 1.00],
	[3.75, 1.25, 2.50, 3.00, 1.75, 7.00, 1.00],
	[4.00, 1.25, 2.75, 3.25, 1.75, 7.50, 1.00],
	[4.00, 1.25, 2.75, 3.25, 1.75, 7.50, 1.00],
	[4.00, 1.25, 2.75, 3.25, 1.75, 7.50, 1.00],
	[4.00, 1.25, 2.75, 3.25, 1.75, 7.50, 1.00],
	[4.00, 1.25, 2.75, 3.25, 2.00, 7.75, 1.00],
	[4.00, 1.25, 2.75, 3.25, 2.00, 7.75, 1.00],
	[4.00, 1.25, 2.75, 3.25, 2.00, 7.75, 1.00],
	[4.00, 1.25, 2.75, 3.25, 2.00, 7.75, 1.00],
	[4.00, 1.25, 2.75, 3.25, 1.75, 7.00, 1.00],
	[4.00, 1.25, 2.75, 3.25, 1.75, 7.00, 1.00],
	[4.00, 1.25, 2.75, 3.25, 1.75, 7.00, 1.00],
	[4.00, 1.25, 2.75, 3.25, 1.75, 7.00, 1.00],
	[3.75, 1.00, 2.50, 0, 1.50, 4.75, 1.00],
	[3.75, 1.00, 2.50, 0, 1.50, 4.75, 1.00],
	[3.75, 1.00, 2.50, 0, 1.50, 4.75, 1.00],
	[3.75, 1.00, 2.50, 0, 1.50, 4.75, 1.00],
	[0, 1.00, 0, 0, 1.50, 5.50, 1.00],
	[0, 1.00, 0, 0, 1.50, 5.50, 1.00],
	[0, 1.00, 0, 0, 1.50, 5.50, 1.00],
	[0, 1.00, 0, 0, 1.50, 5.50, 1.00],
	[0, 1.25, 0, 0, 2.00, 7.50, 1.00],
	[0, 1.25, 0, 0, 2.00, 7.50, 1.00],
	[0, 1.25, 0, 0, 2.00, 7.50, 1.00],
	[0, 1.25, 0, 0, 2.00, 7.50, 1.00],
	[0, 1.25, 0, 0, 1.75, 5.50, 1.00],
	[0, 1.25, 0, 0, 1.75, 5.50, 1.00],
	[0, 1.25, 0, 0, 1.75, 5.50, 1.00],
	[0, 1.25, 0, 0, 1.75, 5.50, 1.00],
	[0, 0, 0, 0, 0, 0, 0],
	[0, 0, 0, 0, 0, 0, 0],
	[0, 0, 0, 0, 0, 0, 0],
	[0, 0, 0, 0, 0, 0, 0],
	[0, 0, 0, 0, 0, 0, 0],
	[0, 0, 0, 0, 0, 0, 0],
	[0, 0, 0, 0, 0, 0, 0],
	[0, 0, 0, 0, 0, 0, 0],
	[0, 0, 0, 0, 0, 0, 0],
	[0, 0, 0, 0, 0, 0, 0],
	[0, 0, 0, 0, 0, 0, 0],
	[0, 0, 0, 0, 0, 0, 0],
	[0, 0, 0, 0, 0, 0, 0],
	[0, 0, 0, 0, 0, 0, 0],
	[0, 0, 0, 0, 0, 0, 0],
	[0, 0, 0, 0, 0, 0, 0] ]
overcost [
	[0, 0, 0, 0, 0, 0, 0],
	[0, 0, 0, 0, 0, 0, 0],
	[0, 0, 0, 0, 0, 0, 0],
	[0, 0, 0, 0, 0, 0, 0],
	[0, 0, 0, 0, 0, 0, 0],
	[0, 0, 0, 0, 0, 0, 0],
	[0, 0, 0, 0, 0, 0, 0],
	[0, 0, 0, 0, 0, 0, 0],
	[0, 0, 0, 0, 0, 0, 0],
	[0, 0, 0, 0, 0, 0, 0],
	[0, 0, 0, 0, 0, 0, 0],
	[0, 0, 0, 0, 0, 0, 0],
	[0, 0, 0, 0, 0, 0, 0],
	[0, 0, 0, 0, 0, 0, 0],
	[0, 0, 0, 0, 0, 0, 0],
	[0, 0, 0, 0, 0, 0, 0],
	[0, 0, 0, 0, 0, 0, 0],
	[0, 0, 0, 0, 0, 0, 0],
	[0, 0, 0, 0, 0, 0, 0],
	[0, 0, 0, 0, 0, 0, 0],
	[0, 0, 0, 0, 0, 0, 0],
	[0, 0, 0, 0, 0, 0, 0],
	[0, 0, 0, 0, 0, 0, 0],
	[0, 0, 0, 0, 0, 0, 0],
	[0, 0, 0, 0, 0, 0, 0],
	[0, 0, 0, 0, 0, 0, 0],
	[0, 0, 0, 0, 0, 0, 0],
	[0, 0, 0, 0, 0, 0, 0],
	[0, 0, 0, 0, 0, 0, 0],
	[0, 0, 0, 0, 0, 0, 0],
	[0, 0, 0, 0, 0, 0, 0],
	[0, 0, 0, 0, 0, 0, 0],
	[0, 0, 0, 0, 0, 0, 0],
	[0, 0, 0, 0, 0, 0, 0],
	[0, 0, 0, 0, 0, 0, 0],
	[0, 0, 0, 0, 0, 0, 0],
	[1.730436e+00, 7.417386e+00, 0, 0, 0, 7.935057e+00, 6.571394e+00],
	[1.730436e+00, 7.417386e+00, 0, 0, 0, 7.935057e+00, 6.571394e+00],
	[1.730436e+00, 7.417386e+00, 0, 0, 0, 7.935057e+00, 6.571394e+00],
	[1.730436e+00, 7.417386e+00, 0, 0, 0, 7.935057e+00, 6.571394e+00],
	[1.491004e+00, 0, 0, 0, 3.331240e+00, 1.598565e+00, 5.469610e+00],
	[1.491004e+00, 0, 0, 0, 3.331240e+00, 1.598565e+00, 5.469610e+00],
	[1.491004e+00, 0, 0, 0, 3.331240e+00, 1.598565e+00, 5.469610e+00],
	[1.491004e+00, 0, 0, 0, 3.331240e+00, 1.598565e+00, 5.469610e+00],
	[8.358676e-01, 2.417073e+00, 9.291734e-01, 8.907945e-01, 1.972622e+00, 6.479547e-01, 3.659628e+00],
	[8.358676e-01, 2.417073e+00, 9.291734e-01, 8.907945e-01, 1.972622e+00, 6.479547e-01, 3.659628e+00],
	[8.358676e-01, 2.417073e+00, 9.291734e-01, 8.907945e-01, 1.972622e+00, 6.479547e-01, 3.659628e+00],
	[8.358676e-01, 2.417073e+00, 9.291734e-01, 8.907945e-01, 1.972622e+00, 6.479547e-01, 3.659628e+00],
	[7.883388e-01, 2.207395e+00, 1.029959e+00, 8.136911e-01, 1.623114e+00, 4.892405e-01, 3.302957e+00],
	[7.883388e-01, 2.207395e+00, 1.029959e+00, 8.136911e-01, 1.623114e+00, 4.892405e-01, 3.302957e+00],
	[7.883388e-01, 2.207395e+00, 1.029959e+00, 8.136911e-01, 1.623114e+00, 4.892405e-01, 3.302957e+00],
	[7.883388e-01, 2.207395e+00, 1.029959e+00, 8.136911e-01, 1.623114e+00, 4.892405e-01, 3.302957e+00],
	[8.937999e-01, 1.784394e+00, 1.206762e+00, 9.332204e-01, 1.221478e+00, 3.115098e-01, 3.035253e+00],
	[8.937999e-01, 1.784394e+00, 1.206762e+00, 9.332204e-01, 1.221478e+00, 3.115098e-01, 3.035253e+00],
	[8.937999e-01, 1.784394e+00, 1.206762e+00, 9.332204e-01, 1.221478e+00, 3.115098e-01, 3.035253e+00],
	[8.937999e-01, 1.784394e+00, 1.206762e+00, 9.332204e-01, 1.221478e+00, 3.115098e-01, 3.035253e+00],
	[7.428659e-01, 1.678189e+00, 1.119037e+00, 8.224296e-01, 1.757673e+00, 3.909820e-01, 3.001335e+00],
	[7.428659e-01, 1.678189e+00, 1.119037e+00, 8.224296e-01, 1.757673e+00, 3.909820e-01, 3.001335e+00],
	[7.428659e-01, 1.678189e+00, 1.119037e+00, 8.224296e-01, 1.757673e+00, 3.909820e-01, 3.001335e+00],
	[7.428659e-01, 1.678189e+00, 1.119037e+00, 8.224296e-01, 1.757673e+00, 3.909820e-01, 3.001335e+00],
	[6.549534e-01, 1.977028e+00, 1.080603e+00, 8.181689e-01, 1.346468e+00, 4.508679e-01, 3.020646e+00],
	[6.549534e-01, 1.977028e+00, 1.080603e+00, 8.181689e-01, 1.346468e+00, 4.508679e-01, 3.020646e+00],
	[6.549534e-01, 1.977028e+00, 1.080603e+00, 8.181689e-01, 1.346468e+00, 4.508679e-01, 3.020646e+00],
	[6.549534e-01, 1.977028e+00, 1.080603e+00, 8.181689e-01, 1.346468e+00, 4.508679e-01, 3.020646e+00],
	[9.992309e-01, 2.447104e+00, 1.318881e+00, 0, 1.922085e+00, 6.203870e-01, 3.692300e+00],
	[9.992309e-01, 2.447104e+00, 1.318881e+00, 0, 1.922085e+00, 6.203870e-01, 3.692300e+00],
	[9.992309e-01, 2.447104e+00, 1.318881e+00, 0, 1.922085e+00, 6.203870e-01, 3.692300e+00],
	[9.992309e-01, 2.447104e+00, 1.318881e+00, 0, 1.922085e+00, 6.203870e-01, 3.692300e+00],
	[0, 1.834914e+00, 0, 0, 1.385034e+00, 4.898865e-01, 3.286769e+00],
	[0, 1.834914e+00, 0, 0, 1.385034e+00, 4.898865e-01, 3.286769e+00],
	[0, 1.834914e+00, 0, 0, 1.385034e+00, 4.898865e-01, 3.286769e+00],
	[0, 1.834914e+00, 0, 0, 1.385034e+00, 4.898865e-01, 3.286769e+00],
	[0, 1.598973e+00, 0, 0, 1.702906e+00, 5.178185e-01, 2.509234e+00],
	[0, 1.598973e+00, 0, 0, 1.702906e+00, 5.178185e-01, 2.509234e+00],
	[0, 1.598973e+00, 0, 0, 1.702906e+00, 5.178185e-01, 2.509234e+00],
	[0, 1.598973e+00, 0, 0, 1.702906e+00, 5.178185e-01, 2.509234e+00],
	[0, 2.359146e+00, 0, 0, 1.756099e+00, 6.188586e-01, 2.303447e+00],
	[0, 2.359146e+00, 0, 0, 1.756099e+00, 6.188586e-01, 2.303447e+00],
	[0, 2.359146e+00, 0, 0, 1.756099e+00, 6.188586e-01, 2.303447e+00],
	[0, 2.359146e+00, 0, 0, 1.756099e+00, 6.188586e-01, 2.303447e+00],
	[0, 0, 0, 0, 0, 0, 0],
	[0, 0, 0, 0, 0, 0, 0],
	[0, 0, 0, 0, 0, 0, 0],
	[0, 0, 0, 0, 0, 0, 0],
	[0, 0, 0, 0, 0, 0, 0],
	[0, 0, 0, 0, 0, 0, 0],
	[0, 0, 0, 0, 0, 0, 0],
	[0, 0, 0, 0, 0, 0, 0],
	[0, 0, 0, 0, 0, 0, 0],
	[0, 0, 0, 0, 0, 0, 0],
	[0, 0, 0, 0, 0, 0, 0],
	[0, 0, 0, 0, 0, 0, 0],
	[0, 0, 0, 0, 0, 0, 0],
	[0, 0, 0, 0, 0, 0, 0],
	[0, 0, 0, 0, 0, 0, 0],
	[0, 0, 0, 0, 0, 0, 0] ]
undercost [
	[0, 0, 0, 0, 0, 0, 0],
	[0, 0, 0, 0, 0, 0, 0],
	[0, 0, 0, 0, 0, 0, 0],
	[0, 0, 0, 0, 0, 0, 0],
	[0, 0, 0, 0, 0, 0, 0],
	[0, 0, 0, 0, 0, 0, 0],
	[0, 0, 0, 0, 0, 0, 0],
	[0, 0, 0, 0, 0, 0, 0],
	[0, 0, 0, 0, 0, 0, 0],
	[0, 0, 0, 0, 0, 0, 0],
	[0, 0, 0, 0, 0, 0, 0],
	[0, 0, 0, 0, 0, 0, 0],
	[0, 0, 0, 0, 0, 0, 0],
	[0, 0, 0, 0, 0, 0, 0],
	[0, 0, 0, 0, 0, 0, 0],
	[0, 0, 0, 0, 0, 0, 0],
	[0, 0, 0, 0, 0, 0, 0],
	[0, 0, 0, 0, 0, 0, 0],
	[0, 0, 0, 0, 0, 0, 0],
	[0, 0, 0, 0, 0, 0, 0],
	[0, 0, 0, 0, 0, 0, 0],
	[0, 0, 0, 0, 0, 0, 0],
	[0, 0, 0, 0, 0, 0, 0],
	[0, 0, 0, 0, 0, 0, 0],
	[0, 0, 0, 0, 0, 0, 0],
	[0, 0, 0, 0, 0, 0, 0],
	[0, 0, 0, 0, 0, 0, 0],
	[0, 0, 0, 0, 0, 0, 0],
	[0, 0, 0, 0, 0, 0, 0],
	[0, 0, 0, 0, 0, 0, 0],
	[0, 0, 0, 0, 0, 0, 0],
	[0, 0, 0, 0, 0, 0, 0],
	[0, 0, 0, 0, 0, 0, 0],
	[0, 0, 0, 0, 0, 0, 0],
	[0, 0, 0, 0, 0, 0, 0],
	[0, 0, 0, 0, 0, 0, 0],
	[1.852156e+00, 1.000000e+06, 0, 0, 0, 1.000000e+06, 1.000000e+06],
	[1.852156e+00, 1.000000e+06, 0, 0, 0, 1.000000e+06, 1.000000e+06],
	[1.852156e+00, 1.000000e+06, 0, 0, 0, 1.000000e+06, 1.000000e+06],
	[1.852156e+00, 1.000000e+06, 0, 0, 0, 1.000000e+06, 1.000000e+06],
	[1.373935e+00, 0, 0, 0, 1.000000e+06, 1.000000e+06, 1.000000e+06],
	[1.373935e+00, 0, 0, 0, 1.000000e+06, 1.000000e+06, 1.000000e+06],
	[1.373935e+00, 0, 0, 0, 1.000000e+06, 1.000000e+06, 1.000000e+06],
	[1.373935e+00, 0, 0, 0, 1.000000e+06, 1.000000e+06, 1.000000e+06],
	[1.466688e+00, 1.000000e+06, 2.229494e+00, 1.692054e+00, 1.000000e+06, 7.130658e-01, 1.000000e+06],
	[1.466688e+00, 1.000000e+06, 2.229494e+00, 1.692054e+00, 1.000000e+06, 7.130658e-01, 1.000000e+06],
	[1.466688e+00, 1.000000e+06, 2.229494e+00, 1.692054e+00, 1.000000e+06, 7.130658e-01, 1.000000e+06],
	[1.466688e+00, 1.000000e+06, 2.229494e+00, 1.692054e+00, 1.000000e+06, 7.130658e-01, 1.000000e+06],
	[1.348189e+00, 1.000000e+06, 1.700663e+00, 1.531494e+00, 1.000000e+06, 4.754139e-01, 1.000000e+06],
	[1.348189e+00, 1.000000e+06, 1.700663e+00, 1.531494e+00, 1.000000e+06, 4.754139e-01, 1.000000e+06],
	[1.348189e+00, 1.000000e+06, 1.700663e+00, 1.531494e+00, 1.000000e+06, 4.754139e-01, 1.000000e+06],
	[1.348189e+00, 1.000000e+06, 1.700663e+00, 1.531494e+00, 1.000000e+06, 4.754139e-01, 1.000000e+06],
	[1.074748e+00, 1.000000e+06, 1.179600e+00, 1.176676e+00, 1.000000e+06, 6.020449e-01, 1.000000e+06],
	[1.074748e+00, 1.000000e+06, 1.179600e+00, 1.176676e+00, 1.000000e+06, 6.020449e-01, 1.000000e+06],
	[1.074748e+00, 1.000000e+06, 1.179600e+00, 1.176676e+00, 1.000000e+06, 6.020449e-01, 1.000000e+06],
	[1.074748e+00, 1.000000e+06, 1.179600e+00, 1.176676e+00, 1.000000e+06, 6.020449e-01, 1.000000e+06],
	[1.253360e+00, 1.000000e+06, 1.291526e+00, 1.313032e+00, 2.010941e+00, 4.844015e-01, 1.000000e+06],
	[1.253360e+00, 1.000000e+06, 1.291526e+00, 1.313032e+00, 2.010941e+00, 4.844015e-01, 1.000000e+06],
	[1.253360e+00, 1.000000e+06, 1.291526e+00, 1.313032e+00, 2.010941e+00, 4.844015e-01, 1.000000e+06],
	[1.253360e+00, 1.000000e+06, 1.291526e+00, 1.313032e+00, 2.010941e+00, 4.844015e-01, 1.000000e+06],
	[1.359031e+00, 1.000000e+06, 1.345621e+00, 1.320994e+00, 1.000000e+06, 5.178457e-01, 1.000000e+06],
	[1.359031e+00, 1.000000e+06, 1.345621e+00, 1.320994e+00, 1.000000e+06, 5.178457e-01, 1.000000e+06],
	[1.359031e+00, 1.000000e+06, 1.345621e+00, 1.320994e+00, 1.000000e+06, 5.178457e-01, 1.000000e+06],
	[1.359031e+00, 1.000000e+06, 1.345621e+00, 1.320994e+00, 1.000000e+06, 5.178457e-01, 1.000000e+06],
	[1.099390e+00, 1.000000e+06, 1.333566e+00, 0, 1.000000e+06, 8.233906e-01, 1.000000e+06],
	[1.099390e+00, 1.000000e+06, 1.333566e+00, 0, 1.000000e+06, 8.233906e-01, 1.000000e+06],
	[1.099390e+00, 1.000000e+06, 1.333566e+00, 0, 1.000000e+06, 8.233906e-01, 1.000000e+06],
	[1.099390e+00, 1.000000e+06, 1.333566e+00, 0, 1.000000e+06, 8.233906e-01, 1.000000e+06],
	[0, 1.000000e+06, 0, 0, 1.000000e+06, 7.583851e-01, 1.000000e+06],
	[0, 1.000000e+06, 0, 0, 1.000000e+06, 7.583851e-01, 1.000000e+06],
	[0, 1.000000e+06, 0, 0, 1.000000e+06, 7.583851e-01, 1.000000e+06],
	[0, 1.000000e+06, 0, 0, 1.000000e+06, 7.583851e-01, 1.000000e+06],
	[0, 1.000000e+06, 0, 0, 2.095810e+00, 3.766106e-01, 1.000000e+06],
	[0, 1.000000e+06, 0, 0, 2.095810e+00, 3.766106e-01, 1.000000e+06],
	[0, 1.000000e+06, 0, 0, 2.095810e+00, 3.766106e-01, 1.000000e+06],
	[0, 1.000000e+06, 0, 0, 2.095810e+00, 3.766106e-01, 1.000000e+06],
	[0, 1.000000e+06, 0, 0, 1.000000e+06, 6.129117e-01, 1.000000e+06],
	[0, 1.000000e+06, 0, 0, 1.000000e+06, 6.129117e-01, 1.000000e+06],
	[0, 1.000000e+06, 0, 0, 1.000000e+06, 6.129117e-01, 1.000000e+06],
	[0, 1.000000e+06, 0, 0, 1.000000e+06, 6.129117e-01, 1.000000e+06],
	[0, 0, 0, 0, 0, 0, 0],
	[0, 0, 0, 0, 0, 0, 0],
	[0, 0, 0, 0, 0, 0, 0],
	[0, 0, 0, 0, 0, 0, 0],
	[0, 0, 0, 0, 0, 0, 0],
	[0, 0, 0, 0, 0, 0, 0],
	[0, 0, 0, 0, 0, 0, 0],
	[0, 0, 0, 0, 0, 0, 0],
	[0, 0, 0, 0, 0, 0, 0],
	[0, 0, 0, 0, 0, 0, 0],
	[0, 0, 0, 0, 0, 0, 0],
	[0, 0, 0, 0, 0, 0, 0],
	[0, 0, 0, 0, 0, 0, 0],
	[0, 0, 0, 0, 0, 0, 0],
	[0, 0, 0, 0, 0, 0, 0],
	[0, 0, 0, 0, 0, 0, 0] ]
