1240 1824 1962 2042 2083 3028 3308 4023
SHOE
ACT	8
SHIFT	96
demand [
	[0, 0, 0, 0, 0, 0, 0, 0],
	[0, 0, 0, 0, 0, 0, 0, 0],
	[0, 0, 0, 0, 0, 0, 0, 0],
	[0, 0, 0, 0, 0, 0, 0, 0],
	[0, 0, 0, 0, 0, 0, 0, 0],
	[0, 0, 0, 0, 0, 0, 0, 0],
	[0, 0, 0, 0, 0, 0, 0, 0],
	[0, 0, 0, 0, 0, 0, 0, 0],
	[0, 0, 0, 0, 0, 0, 0, 0],
	[0, 0, 0, 0, 0, 0, 0, 0],
	[0, 0, 0, 0, 0, 0, 0, 0],
	[0, 0, 0, 0, 0, 0, 0, 0],
	[0, 0, 0, 0, 0, 0, 0, 0],
	[0, 0, 0, 0, 0, 0, 0, 0],
	[0, 0, 0, 0, 0, 0, 0, 0],
	[0, 0, 0, 0, 0, 0, 0, 0],
	[0, 0, 0, 0, 0, 0, 0, 0],
	[0, 0, 0, 0, 0, 0, 0, 0],
	[0, 0, 0, 0, 0, 0, 0, 0],
	[0, 0, 0, 0, 0, 0, 0, 0],
	[0, 0, 0, 0, 0, 0, 0, 0],
	[0, 0, 0, 0, 0, 0, 0, 0],
	[0, 0, 0, 0, 0, 0, 0, 0],
	[0, 0, 0, 0, 0, 0, 0, 0],
	[0, 0, 0, 0, 0, 0, 0, 0],
	[0, 0, 0, 0, 0, 0, 0, 0],
	[0, 0, 0, 0, 0, 0, 0, 0],
	[0, 0, 0, 0, 0, 0, 0, 0],
	[0, 0, 0, 0, 0, 0, 0, 0],
	[0, 0, 0, 0, 0, 0, 0, 0],
	[0, 0, 0, 0, 0, 0, 0, 0],
	[0, 0, 0, 0, 0, 0, 0, 0],
	[1.00, 0, 0, 0, 0, 0, 0, 0],
	[1.00, 0, 0, 0, 0, 0, 0, 0],
	[1.00, 0, 0, 0, 0, 0, 0, 0],
	[1.00, 0, 0, 0, 0, 0, 0, 0],
	[1.00, 1.50, 0, 0, 1.00, 0, 1.00, 0],
	[1.00, 1.50, 0, 0, 1.00, 0, 1.00, 0],
	[1.00, 1.50, 0, 0, 1.00, 0, 1.00, 0],
	[1.00, 1.50, 0, 0, 1.00, 0, 1.00, 0],
	[1.00, 1.75, 1.00, 0, 1.00, 1.00, 1.00, 0],
	[1.00, 1.75, 1.00, 0, 1.00, 1.00, 1.00, 0],
	[1.00, 1.75, 1.00, 0, 1.00, 1.00, 1.00, 0],
	[1.00, 1.75, 1.00, 0, 1.00, 1.00, 1.00, 0],
	[1.00, 2.50, 1.00, 1.00, 1.25, 0, 2.25, 2.25],
	[1.00, 2.50, 1.00, 1.00, 1.25, 0, 2.25, 2.25],
	[1.00, 2.50, 1.00, 1.00, 1.25, 0, 2.25, 2.25],
	[1.00, 2.50, 1.00, 1.00, 1.25, 0, 2.25, 2.25],
	[1.00, 2.75, 1.00, 1.00, 1.25, 1.00, 3.00, 2.50],
	[1.00, 2.75, 1.00, 1.00, 1.25, 1.00, 3.00, 2.50],
	[1.00, 2.75, 1.00, 1.00, 1.25, 1.00, 3.00, 2.50],
	[1.00, 2.75, 1.00, 1.00, 1.25, 1.00, 3.00, 2.50],
	[1.25, 2.75, 1.25, 1.00, 1.25, 1.00, 3.25, 2.50],
	[1.25, 2.75, 1.25, 1.00, 1.25, 1.00, 3.25, 2.50],
	[1.25, 2.75, 1.25, 1.00, 1.25, 1.00, 3.25, 2.50],
	[1.25, 2.75, 1.25, 1.00, 1.25, 1.00, 3.25, 2.50],
	[1.25, 3.00, 1.25, 1.00, 1.25, 1.00, 3.25, 2.75],
	[1.25, 3.00, 1.25, 1.00, 1.25, 1.00, 3.25, 2.75],
	[1.25, 3.00, 1.25, 1.00, 1.25, 1.00, 3.25, 2.75],
	[1.25, 3.00, 1.25, 1.00, 1.25, 1.00, 3.25, 2.75],
	[1.25, 3.00, 1.25, 0, 1.25, 1.00, 3.00, 2.75],
	[1.25, 3.00, 1.25, 0, 1.25, 1.00, 3.00, 2.75],
	[1.25, 3.00, 1.25, 0, 1.25, 1.00, 3.00, 2.75],
	[1.25, 3.00, 1.25, 0, 1.25, 1.00, 3.00, 2.75],
	[1.00, 2.75, 1.00, 1.00, 1.25, 1.00, 2.00, 2.50],
	[1.00, 2.75, 1.00, 1.00, 1.25, 1.00, 2.00, 2.50],
	[1.00, 2.75, 1.00, 1.00, 1.25, 1.00, 2.00, 2.50],
	[1.00, 2.75, 1.00, 1.00, 1.25, 1.00, 2.00, 2.50],
	[1.00, 0, 1.00, 1.00, 1.25, 0, 0, 0],
	[1.00, 0, 1.00, 1.00, 1.25, 0, 0, 0],
	[1.00, 0, 1.00, 1.00, 1.25, 0, 0, 0],
	[1.00, 0, 1.00, 1.00, 1.25, 0, 0, 0],
	[1.25, 0, 1.25, 1.00, 1.50, 0, 0, 0],
	[1.25, 0, 1.25, 1.00, 1.50, 0, 0, 0],
	[1.25, 0, 1.25, 1.00, 1.50, 0, 0, 0],
	[1.25, 0, 1.25, 1.00, 1.50, 0, 0, 0],
	[1.00, 0, 1.00, 1.00, 1.50, 0, 0, 0],
	[1.00, 0, 1.00, 1.00, 1.50, 0, 0, 0],
	[1.00, 0, 1.00, 1.00, 1.50, 0, 0, 0],
	[1.00, 0, 1.00, 1.00, 1.50, 0, 0, 0],
	[0, 0, 0, 1.00, 1.25, 0, 0, 0],
	[0, 0, 0, 1.00, 1.25, 0, 0, 0],
	[0, 0, 0, 1.00, 1.25, 0, 0, 0],
	[0, 0, 0, 1.00, 1.25, 0, 0, 0],
	[0, 0, 0, 0, 0, 0, 0, 0],
	[0, 0, 0, 0, 0, 0, 0, 0],
	[0, 0, 0, 0, 0, 0, 0, 0],
	[0, 0, 0, 0, 0, 0, 0, 0],
	[0, 0, 0, 0, 0, 0, 0, 0],
	[0, 0, 0, 0, 0, 0, 0, 0],
	[0, 0, 0, 0, 0, 0, 0, 0],
	[0, 0, 0, 0, 0, 0, 0, 0],
	[0, 0, 0, 0, 0, 0, 0, 0],
	[0, 0, 0, 0, 0, 0, 0, 0],
	[0, 0, 0, 0, 0, 0, 0, 0],
	[0, 0, 0, 0, 0, 0, 0, 0] ]
overcost [
	[0, 0, 0, 0, 0, 0, 0, 0],
	[0, 0, 0, 0, 0, 0, 0, 0],
	[0, 0, 0, 0, 0, 0, 0, 0],
	[0, 0, 0, 0, 0, 0, 0, 0],
	[0, 0, 0, 0, 0, 0, 0, 0],
	[0, 0, 0, 0, 0, 0, 0, 0],
	[0, 0, 0, 0, 0, 0, 0, 0],
	[0, 0, 0, 0, 0, 0, 0, 0],
	[0, 0, 0, 0, 0, 0, 0, 0],
	[0, 0, 0, 0, 0, 0, 0, 0],
	[0, 0, 0, 0, 0, 0, 0, 0],
	[0, 0, 0, 0, 0, 0, 0, 0],
	[0, 0, 0, 0, 0, 0, 0, 0],
	[0, 0, 0, 0, 0, 0, 0, 0],
	[0, 0, 0, 0, 0, 0, 0, 0],
	[0, 0, 0, 0, 0, 0, 0, 0],
	[0, 0, 0, 0, 0, 0, 0, 0],
	[0, 0, 0, 0, 0, 0, 0, 0],
	[0, 0, 0, 0, 0, 0, 0, 0],
	[0, 0, 0, 0, 0, 0, 0, 0],
	[0, 0, 0, 0, 0, 0, 0, 0],
	[0, 0, 0, 0, 0, 0, 0, 0],
	[0, 0, 0, 0, 0, 0, 0, 0],
	[0, 0, 0, 0, 0, 0, 0, 0],
	[0, 0, 0, 0, 0, 0, 0, 0],
	[0, 0, 0, 0, 0, 0, 0, 0],
	[0, 0, 0, 0, 0, 0, 0, 0],
	[0, 0, 0, 0, 0, 0, 0, 0],
	[0, 0, 0, 0, 0, 0, 0, 0],
	[0, 0, 0, 0, 0, 0, 0, 0],
	[0, 0, 0, 0, 0, 0, 0, 0],
	[0, 0, 0, 0, 0, 0, 0, 0],
	[8.810541e+00, 0, 0, 0, 0, 0, 0, 0],
	[8.810541e+00, 0, 0, 0, 0, 0, 0, 0],
	[8.810541e+00, 0, 0, 0, 0, 0, 0, 0],
	[8.810541e+00, 0, 0, 0, 0, 0, 0, 0],
	[6.815424e+00, 1.711206e+00, 0, 0, 4.190454e+00, 0, 9.867416e+00, 0],
	[6.815424e+00, 1.711206e+00, 0, 0, 4.190454e+00, 0, 9.867416e+00, 0],
	[6.815424e+00, 1.711206e+00, 0, 0, 4.190454e+00, 0, 9.867416e+00, 0],
	[6.815424e+00, 1.711206e+00, 0, 0, 4.190454e+00, 0, 9.867416e+00, 0],
	[5.066158e+00, 1.102467e+00, 5.451988e+00, 0, 3.160757e+00, 7.838797e+00, 4.348017e+00, 0],
	[5.066158e+00, 1.102467e+00, 5.451988e+00, 0, 3.160757e+00, 7.838797e+00, 4.348017e+00, 0],
	[5.066158e+00, 1.102467e+00, 5.451988e+00, 0, 3.160757e+00, 7.838797e+00, 4.348017e+00, 0],
	[5.066158e+00, 1.102467e+00, 5.451988e+00, 0, 3.160757e+00, 7.838797e+00, 4.348017e+00, 0],
	[2.467945e+00, 8.235096e-01, 2.717225e+00, 6.655397e+00, 2.306614e+00, 0, 1.638380e+00, 1.065395e+00],
	[2.467945e+00, 8.235096e-01, 2.717225e+00, 6.655397e+00, 2.306614e+00, 0, 1.638380e+00, 1.065395e+00],
	[2.467945e+00, 8.235096e-01, 2.717225e+00, 6.655397e+00, 2.306614e+00, 0, 1.638380e+00, 1.065395e+00],
	[2.467945e+00, 8.235096e-01, 2.717225e+00, 6.655397e+00, 2.306614e+00, 0, 1.638380e+00, 1.065395e+00],
	[1.500516e+00, 9.055387e-01, 1.658180e+00, 5.986322e+00, 2.048775e+00, 2.729596e+00, 1.206046e+00, 1.289513e+00],
	[1.500516e+00, 9.055387e-01, 1.658180e+00, 5.986322e+00, 2.048775e+00, 2.729596e+00, 1.206046e+00, 1.289513e+00],
	[1.500516e+00, 9.055387e-01, 1.658180e+00, 5.986322e+00, 2.048775e+00, 2.729596e+00, 1.206046e+00, 1.289513e+00],
	[1.500516e+00, 9.055387e-01, 1.658180e+00, 5.986322e+00, 2.048775e+00, 2.729596e+00, 1.206046e+00, 1.289513e+00],
	[1.924812e+00, 6.633151e-01, 2.131454e+00, 5.725686e+00, 1.802948e+00, 2.215645e+00, 1.060823e+00, 9.914371e-01],
	[1.924812e+00, 6.633151e-01, 2.131454e+00, 5.725686e+00, 1.802948e+00, 2.215645e+00, 1.060823e+00, 9.914371e-01],
	[1.924812e+00, 6.633151e-01, 2.131454e+00, 5.725686e+00, 1.802948e+00, 2.215645e+00, 1.060823e+00, 9.914371e-01],
	[1.924812e+00, 6.633151e-01, 2.131454e+00, 5.725686e+00, 1.802948e+00, 2.215645e+00, 1.060823e+00, 9.914371e-01],
	[1.858932e+00, 9.610437e-01, 2.049769e+00, 5.682528e+00, 1.707995e+00, 2.108984e+00, 9.557136e-01, 1.412761e+00],
	[1.858932e+00, 9.610437e-01, 2.049769e+00, 5.682528e+00, 1.707995e+00, 2.108984e+00, 9.557136e-01, 1.412761e+00],
	[1.858932e+00, 9.610437e-01, 2.049769e+00, 5.682528e+00, 1.707995e+00, 2.108984e+00, 9.557136e-01, 1.412761e+00],
	[1.858932e+00, 9.610437e-01, 2.049769e+00, 5.682528e+00, 1.707995e+00, 2.108984e+00, 9.557136e-01, 1.412761e+00],
	[2.112871e+00, 9.058462e-01, 2.323642e+00, 0, 1.597824e+00, 2.674057e+00, 1.135290e+00, 1.310776e+00],
	[2.112871e+00, 9.058462e-01, 2.323642e+00, 0, 1.597824e+00, 2.674057e+00, 1.135290e+00, 1.310776e+00],
	[2.112871e+00, 9.058462e-01, 2.323642e+00, 0, 1.597824e+00, 2.674057e+00, 1.135290e+00, 1.310776e+00],
	[2.112871e+00, 9.058462e-01, 2.323642e+00, 0, 1.597824e+00, 2.674057e+00, 1.135290e+00, 1.310776e+00],
	[2.552971e+00, 1.096548e+00, 2.780651e+00, 6.733033e+00, 2.151352e+00, 4.494756e+00, 1.301794e+00, 1.457529e+00],
	[2.552971e+00, 1.096548e+00, 2.780651e+00, 6.733033e+00, 2.151352e+00, 4.494756e+00, 1.301794e+00, 1.457529e+00],
	[2.552971e+00, 1.096548e+00, 2.780651e+00, 6.733033e+00, 2.151352e+00, 4.494756e+00, 1.301794e+00, 1.457529e+00],
	[2.552971e+00, 1.096548e+00, 2.780651e+00, 6.733033e+00, 2.151352e+00, 4.494756e+00, 1.301794e+00, 1.457529e+00],
	[2.008336e+00, 0, 2.215181e+00, 6.371006e+00, 1.827091e+00, 0, 0, 0],
	[2.008336e+00, 0, 2.215181e+00, 6.371006e+00, 1.827091e+00, 0, 0, 0],
	[2.008336e+00, 0, 2.215181e+00, 6.371006e+00, 1.827091e+00, 0, 0, 0],
	[2.008336e+00, 0, 2.215181e+00, 6.371006e+00, 1.827091e+00, 0, 0, 0],
	[1.726598e+00, 0, 1.949933e+00, 5.620965e+00, 1.983413e+00, 0, 0, 0],
	[1.726598e+00, 0, 1.949933e+00, 5.620965e+00, 1.983413e+00, 0, 0, 0],
	[1.726598e+00, 0, 1.949933e+00, 5.620965e+00, 1.983413e+00, 0, 0, 0],
	[1.726598e+00, 0, 1.949933e+00, 5.620965e+00, 1.983413e+00, 0, 0, 0],
	[1.506506e+00, 0, 1.754015e+00, 6.101880e+00, 1.682450e+00, 0, 0, 0],
	[1.506506e+00, 0, 1.754015e+00, 6.101880e+00, 1.682450e+00, 0, 0, 0],
	[1.506506e+00, 0, 1.754015e+00, 6.101880e+00, 1.682450e+00, 0, 0, 0],
	[1.506506e+00, 0, 1.754015e+00, 6.101880e+00, 1.682450e+00, 0, 0, 0],
	[0, 0, 0, 1.013206e+01, 1.944652e+00, 0, 0, 0],
	[0, 0, 0, 1.013206e+01, 1.944652e+00, 0, 0, 0],
	[0, 0, 0, 1.013206e+01, 1.944652e+00, 0, 0, 0],
	[0, 0, 0, 1.013206e+01, 1.944652e+00, 0, 0, 0],
	[0, 0, 0, 0, 0, 0, 0, 0],
	[0, 0, 0, 0, 0, 0, 0, 0],
	[0, 0, 0, 0, 0, 0, 0, 0],
	[0, 0, 0, 0, 0, 0, 0, 0],
	[0, 0, 0, 0, 0, 0, 0, 0],
	[0, 0, 0, 0, 0, 0, 0, 0],
	[0, 0, 0, 0, 0, 0, 0, 0],
	[0, 0, 0, 0, 0, 0, 0, 0],
	[0, 0, 0, 0, 0, 0, 0, 0],
	[0, 0, 0, 0, 0, 0, 0, 0],
	[0, 0, 0, 0, 0, 0, 0, 0],
	[0, 0, 0, 0, 0, 0, 0, 0] ]
undercost [
	[0, 0, 0, 0, 0, 0, 0, 0],
	[0, 0, 0, 0, 0, 0, 0, 0],
	[0, 0, 0, 0, 0, 0, 0, 0],
	[0, 0, 0, 0, 0, 0, 0, 0],
	[0, 0, 0, 0, 0, 0, 0, 0],
	[0, 0, 0, 0, 0, 0, 0, 0],
	[0, 0, 0, 0, 0, 0, 0, 0],
	[0, 0, 0, 0, 0, 0, 0, 0],
	[0, 0, 0, 0, 0, 0, 0, 0],
	[0, 0, 0, 0, 0, 0, 0, 0],
	[0, 0, 0, 0, 0, 0, 0, 0],
	[0, 0, 0, 0, 0, 0, 0, 0],
	[0, 0, 0, 0, 0, 0, 0, 0],
	[0, 0, 0, 0, 0, 0, 0, 0],
	[0, 0, 0, 0, 0, 0, 0, 0],
	[0, 0, 0, 0, 0, 0, 0, 0],
	[0, 0, 0, 0, 0, 0, 0, 0],
	[0, 0, 0, 0, 0, 0, 0, 0],
	[0, 0, 0, 0, 0, 0, 0, 0],
	[0, 0, 0, 0, 0, 0, 0, 0],
	[0, 0, 0, 0, 0, 0, 0, 0],
	[0, 0, 0, 0, 0, 0, 0, 0],
	[0, 0, 0, 0, 0, 0, 0, 0],
	[0, 0, 0, 0, 0, 0, 0, 0],
	[0, 0, 0, 0, 0, 0, 0, 0],
	[0, 0, 0, 0, 0, 0, 0, 0],
	[0, 0, 0, 0, 0, 0, 0, 0],
	[0, 0, 0, 0, 0, 0, 0, 0],
	[0, 0, 0, 0, 0, 0, 0, 0],
	[0, 0, 0, 0, 0, 0, 0, 0],
	[0, 0, 0, 0, 0, 0, 0, 0],
	[0, 0, 0, 0, 0, 0, 0, 0],
	[1.000000e+06, 0, 0, 0, 0, 0, 0, 0],
	[1.000000e+06, 0, 0, 0, 0, 0, 0, 0],
	[1.000000e+06, 0, 0, 0, 0, 0, 0, 0],
	[1.000000e+06, 0, 0, 0, 0, 0, 0, 0],
	[1.000000e+06, 1.000000e+06, 0, 0, 1.000000e+06, 0, 1.000000e+06, 0],
	[1.000000e+06, 1.000000e+06, 0, 0, 1.000000e+06, 0, 1.000000e+06, 0],
	[1.000000e+06, 1.000000e+06, 0, 0, 1.000000e+06, 0, 1.000000e+06, 0],
	[1.000000e+06, 1.000000e+06, 0, 0, 1.000000e+06, 0, 1.000000e+06, 0],
	[1.000000e+06, 1.000000e+06, 1.000000e+06, 0, 1.000000e+06, 1.000000e+06, 1.000000e+06, 0],
	[1.000000e+06, 1.000000e+06, 1.000000e+06, 0, 1.000000e+06, 1.000000e+06, 1.000000e+06, 0],
	[1.000000e+06, 1.000000e+06, 1.000000e+06, 0, 1.000000e+06, 1.000000e+06, 1.000000e+06, 0],
	[1.000000e+06, 1.000000e+06, 1.000000e+06, 0, 1.000000e+06, 1.000000e+06, 1.000000e+06, 0],
	[1.000000e+06, 1.639763e+00, 1.000000e+06, 1.000000e+06, 1.000000e+06, 0, 1.829214e+00, 2.553188e+00],
	[1.000000e+06, 1.639763e+00, 1.000000e+06, 1.000000e+06, 1.000000e+06, 0, 1.829214e+00, 2.553188e+00],
	[1.000000e+06, 1.639763e+00, 1.000000e+06, 1.000000e+06, 1.000000e+06, 0, 1.829214e+00, 2.553188e+00],
	[1.000000e+06, 1.639763e+00, 1.000000e+06, 1.000000e+06, 1.000000e+06, 0, 1.829214e+00, 2.553188e+00],
	[1.000000e+06, 1.261661e+00, 1.000000e+06, 1.000000e+06, 1.000000e+06, 1.000000e+06, 1.340339e+00, 1.806445e+00],
	[1.000000e+06, 1.261661e+00, 1.000000e+06, 1.000000e+06, 1.000000e+06, 1.000000e+06, 1.340339e+00, 1.806445e+00],
	[1.000000e+06, 1.261661e+00, 1.000000e+06, 1.000000e+06, 1.000000e+06, 1.000000e+06, 1.340339e+00, 1.806445e+00],
	[1.000000e+06, 1.261661e+00, 1.000000e+06, 1.000000e+06, 1.000000e+06, 1.000000e+06, 1.340339e+00, 1.806445e+00],
	[1.000000e+06, 1.570422e+00, 1.000000e+06, 1.000000e+06, 1.000000e+06, 1.000000e+06, 1.292279e+00, 2.195556e+00],
	[1.000000e+06, 1.570422e+00, 1.000000e+06, 1.000000e+06, 1.000000e+06, 1.000000e+06, 1.292279e+00, 2.195556e+00],
	[1.000000e+06, 1.570422e+00, 1.000000e+06, 1.000000e+06, 1.000000e+06, 1.000000e+06, 1.292279e+00, 2.195556e+00],
	[1.000000e+06, 1.570422e+00, 1.000000e+06, 1.000000e+06, 1.000000e+06, 1.000000e+06, 1.292279e+00, 2.195556e+00],
	[1.000000e+06, 9.814853e-01, 1.000000e+06, 1.000000e+06, 1.000000e+06, 1.000000e+06, 1.421965e+00, 1.314766e+00],
	[1.000000e+06, 9.814853e-01, 1.000000e+06, 1.000000e+06, 1.000000e+06, 1.000000e+06, 1.421965e+00, 1.314766e+00],
	[1.000000e+06, 9.814853e-01, 1.000000e+06, 1.000000e+06, 1.000000e+06, 1.000000e+06, 1.421965e+00, 1.314766e+00],
	[1.000000e+06, 9.814853e-01, 1.000000e+06, 1.000000e+06, 1.000000e+06, 1.000000e+06, 1.421965e+00, 1.314766e+00],
	[1.000000e+06, 1.053763e+00, 1.000000e+06, 0, 1.000000e+06, 1.000000e+06, 1.431051e+00, 1.450451e+00],
	[1.000000e+06, 1.053763e+00, 1.000000e+06, 0, 1.000000e+06, 1.000000e+06, 1.431051e+00, 1.450451e+00],
	[1.000000e+06, 1.053763e+00, 1.000000e+06, 0, 1.000000e+06, 1.000000e+06, 1.431051e+00, 1.450451e+00],
	[1.000000e+06, 1.053763e+00, 1.000000e+06, 0, 1.000000e+06, 1.000000e+06, 1.431051e+00, 1.450451e+00],
	[1.000000e+06, 1.024801e+00, 1.000000e+06, 1.000000e+06, 1.000000e+06, 1.000000e+06, 2.889981e+00, 1.599149e+00],
	[1.000000e+06, 1.024801e+00, 1.000000e+06, 1.000000e+06, 1.000000e+06, 1.000000e+06, 2.889981e+00, 1.599149e+00],
	[1.000000e+06, 1.024801e+00, 1.000000e+06, 1.000000e+06, 1.000000e+06, 1.000000e+06, 2.889981e+00, 1.599149e+00],
	[1.000000e+06, 1.024801e+00, 1.000000e+06, 1.000000e+06, 1.000000e+06, 1.000000e+06, 2.889981e+00, 1.599149e+00],
	[1.000000e+06, 0, 1.000000e+06, 1.000000e+06, 1.000000e+06, 0, 0, 0],
	[1.000000e+06, 0, 1.000000e+06, 1.000000e+06, 1.000000e+06, 0, 0, 0],
	[1.000000e+06, 0, 1.000000e+06, 1.000000e+06, 1.000000e+06, 0, 0, 0],
	[1.000000e+06, 0, 1.000000e+06, 1.000000e+06, 1.000000e+06, 0, 0, 0],
	[1.000000e+06, 0, 1.000000e+06, 1.000000e+06, 1.000000e+06, 0, 0, 0],
	[1.000000e+06, 0, 1.000000e+06, 1.000000e+06, 1.000000e+06, 0, 0, 0],
	[1.000000e+06, 0, 1.000000e+06, 1.000000e+06, 1.000000e+06, 0, 0, 0],
	[1.000000e+06, 0, 1.000000e+06, 1.000000e+06, 1.000000e+06, 0, 0, 0],
	[1.000000e+06, 0, 1.000000e+06, 1.000000e+06, 1.000000e+06, 0, 0, 0],
	[1.000000e+06, 0, 1.000000e+06, 1.000000e+06, 1.000000e+06, 0, 0, 0],
	[1.000000e+06, 0, 1.000000e+06, 1.000000e+06, 1.000000e+06, 0, 0, 0],
	[1.000000e+06, 0, 1.000000e+06, 1.000000e+06, 1.000000e+06, 0, 0, 0],
	[0, 0, 0, 1.000000e+06, 1.000000e+06, 0, 0, 0],
	[0, 0, 0, 1.000000e+06, 1.000000e+06, 0, 0, 0],
	[0, 0, 0, 1.000000e+06, 1.000000e+06, 0, 0, 0],
	[0, 0, 0, 1.000000e+06, 1.000000e+06, 0, 0, 0],
	[0, 0, 0, 0, 0, 0, 0, 0],
	[0, 0, 0, 0, 0, 0, 0, 0],
	[0, 0, 0, 0, 0, 0, 0, 0],
	[0, 0, 0, 0, 0, 0, 0, 0],
	[0, 0, 0, 0, 0, 0, 0, 0],
	[0, 0, 0, 0, 0, 0, 0, 0],
	[0, 0, 0, 0, 0, 0, 0, 0],
	[0, 0, 0, 0, 0, 0, 0, 0],
	[0, 0, 0, 0, 0, 0, 0, 0],
	[0, 0, 0, 0, 0, 0, 0, 0],
	[0, 0, 0, 0, 0, 0, 0, 0],
	[0, 0, 0, 0, 0, 0, 0, 0] ]
