1812 2343 2477
SHOE
ACT	3
SHIFT	96
demand [
	[0, 0, 0],
	[0, 0, 0],
	[0, 0, 0],
	[0, 0, 0],
	[0, 0, 0],
	[0, 0, 0],
	[0, 0, 0],
	[0, 0, 0],
	[0, 0, 0],
	[0, 0, 0],
	[0, 0, 0],
	[0, 0, 0],
	[0, 0, 0],
	[0, 0, 0],
	[0, 0, 0],
	[0, 0, 0],
	[0, 0, 0],
	[0, 0, 0],
	[0, 0, 0],
	[0, 0, 0],
	[0, 0, 0],
	[0, 0, 0],
	[0, 0, 0],
	[0, 0, 0],
	[0, 0, 0],
	[0, 0, 0],
	[0, 0, 0],
	[0, 0, 0],
	[0, 0, 0],
	[0, 0, 0],
	[0, 0, 0],
	[0, 0, 0],
	[0, 0, 0],
	[0, 0, 0],
	[0, 0, 0],
	[0, 0, 0],
	[0, 0, 0],
	[0, 0, 0],
	[0, 0, 0],
	[0, 0, 0],
	[1.00, 0, 1.00],
	[1.00, 0, 1.00],
	[1.00, 0, 1.00],
	[1.00, 0, 1.00],
	[1.00, 1.00, 1.50],
	[1.00, 1.00, 1.50],
	[1.00, 1.00, 1.50],
	[1.00, 1.00, 1.50],
	[1.00, 1.00, 1.75],
	[1.00, 1.00, 1.75],
	[1.00, 1.00, 1.75],
	[1.00, 1.00, 1.75],
	[1.00, 1.25, 2.00],
	[1.00, 1.25, 2.00],
	[1.00, 1.25, 2.00],
	[1.00, 1.25, 2.00],
	[1.00, 1.25, 2.00],
	[1.00, 1.25, 2.00],
	[1.00, 1.25, 2.00],
	[1.00, 1.25, 2.00],
	[1.00, 1.25, 1.75],
	[1.00, 1.25, 1.75],
	[1.00, 1.25, 1.75],
	[1.00, 1.25, 1.75],
	[1.00, 1.00, 1.50],
	[1.00, 1.00, 1.50],
	[1.00, 1.00, 1.50],
	[1.00, 1.00, 1.50],
	[1.00, 1.00, 0],
	[1.00, 1.00, 0],
	[1.00, 1.00, 0],
	[1.00, 1.00, 0],
	[1.00, 1.25, 0],
	[1.00, 1.25, 0],
	[1.00, 1.25, 0],
	[1.00, 1.25, 0],
	[0, 1.25, 0],
	[0, 1.25, 0],
	[0, 1.25, 0],
	[0, 1.25, 0],
	[0, 0, 0],
	[0, 0, 0],
	[0, 0, 0],
	[0, 0, 0],
	[0, 0, 0],
	[0, 0, 0],
	[0, 0, 0],
	[0, 0, 0],
	[0, 0, 0],
	[0, 0, 0],
	[0, 0, 0],
	[0, 0, 0],
	[0, 0, 0],
	[0, 0, 0],
	[0, 0, 0],
	[0, 0, 0] ]
overcost [
	[0, 0, 0],
	[0, 0, 0],
	[0, 0, 0],
	[0, 0, 0],
	[0, 0, 0],
	[0, 0, 0],
	[0, 0, 0],
	[0, 0, 0],
	[0, 0, 0],
	[0, 0, 0],
	[0, 0, 0],
	[0, 0, 0],
	[0, 0, 0],
	[0, 0, 0],
	[0, 0, 0],
	[0, 0, 0],
	[0, 0, 0],
	[0, 0, 0],
	[0, 0, 0],
	[0, 0, 0],
	[0, 0, 0],
	[0, 0, 0],
	[0, 0, 0],
	[0, 0, 0],
	[0, 0, 0],
	[0, 0, 0],
	[0, 0, 0],
	[0, 0, 0],
	[0, 0, 0],
	[0, 0, 0],
	[0, 0, 0],
	[0, 0, 0],
	[0, 0, 0],
	[0, 0, 0],
	[0, 0, 0],
	[0, 0, 0],
	[0, 0, 0],
	[0, 0, 0],
	[0, 0, 0],
	[0, 0, 0],
	[6.003807e+00, 0, 3.738148e+00],
	[6.003807e+00, 0, 3.738148e+00],
	[6.003807e+00, 0, 3.738148e+00],
	[6.003807e+00, 0, 3.738148e+00],
	[3.892099e+00, 2.622213e+00, 2.002965e+00],
	[3.892099e+00, 2.622213e+00, 2.002965e+00],
	[3.892099e+00, 2.622213e+00, 2.002965e+00],
	[3.892099e+00, 2.622213e+00, 2.002965e+00],
	[3.075283e+00, 1.756297e+00, 1.538166e+00],
	[3.075283e+00, 1.756297e+00, 1.538166e+00],
	[3.075283e+00, 1.756297e+00, 1.538166e+00],
	[3.075283e+00, 1.756297e+00, 1.538166e+00],
	[2.760279e+00, 2.305099e+00, 1.763016e+00],
	[2.760279e+00, 2.305099e+00, 1.763016e+00],
	[2.760279e+00, 2.305099e+00, 1.763016e+00],
	[2.760279e+00, 2.305099e+00, 1.763016e+00],
	[2.711592e+00, 2.217930e+00, 1.652901e+00],
	[2.711592e+00, 2.217930e+00, 1.652901e+00],
	[2.711592e+00, 2.217930e+00, 1.652901e+00],
	[2.711592e+00, 2.217930e+00, 1.652901e+00],
	[2.974375e+00, 2.390837e+00, 1.295141e+00],
	[2.974375e+00, 2.390837e+00, 1.295141e+00],
	[2.974375e+00, 2.390837e+00, 1.295141e+00],
	[2.974375e+00, 2.390837e+00, 1.295141e+00],
	[3.997259e+00, 2.619166e+00, 2.014084e+00],
	[3.997259e+00, 2.619166e+00, 2.014084e+00],
	[3.997259e+00, 2.619166e+00, 2.014084e+00],
	[3.997259e+00, 2.619166e+00, 2.014084e+00],
	[3.556322e+00, 2.095842e+00, 0],
	[3.556322e+00, 2.095842e+00, 0],
	[3.556322e+00, 2.095842e+00, 0],
	[3.556322e+00, 2.095842e+00, 0],
	[2.644403e+00, 1.990495e+00, 0],
	[2.644403e+00, 1.990495e+00, 0],
	[2.644403e+00, 1.990495e+00, 0],
	[2.644403e+00, 1.990495e+00, 0],
	[0, 2.373265e+00, 0],
	[0, 2.373265e+00, 0],
	[0, 2.373265e+00, 0],
	[0, 2.373265e+00, 0],
	[0, 0, 0],
	[0, 0, 0],
	[0, 0, 0],
	[0, 0, 0],
	[0, 0, 0],
	[0, 0, 0],
	[0, 0, 0],
	[0, 0, 0],
	[0, 0, 0],
	[0, 0, 0],
	[0, 0, 0],
	[0, 0, 0],
	[0, 0, 0],
	[0, 0, 0],
	[0, 0, 0],
	[0, 0, 0] ]
undercost [
	[0, 0, 0],
	[0, 0, 0],
	[0, 0, 0],
	[0, 0, 0],
	[0, 0, 0],
	[0, 0, 0],
	[0, 0, 0],
	[0, 0, 0],
	[0, 0, 0],
	[0, 0, 0],
	[0, 0, 0],
	[0, 0, 0],
	[0, 0, 0],
	[0, 0, 0],
	[0, 0, 0],
	[0, 0, 0],
	[0, 0, 0],
	[0, 0, 0],
	[0, 0, 0],
	[0, 0, 0],
	[0, 0, 0],
	[0, 0, 0],
	[0, 0, 0],
	[0, 0, 0],
	[0, 0, 0],
	[0, 0, 0],
	[0, 0, 0],
	[0, 0, 0],
	[0, 0, 0],
	[0, 0, 0],
	[0, 0, 0],
	[0, 0, 0],
	[0, 0, 0],
	[0, 0, 0],
	[0, 0, 0],
	[0, 0, 0],
	[0, 0, 0],
	[0, 0, 0],
	[0, 0, 0],
	[0, 0, 0],
	[1.000000e+06, 0, 1.000000e+06],
	[1.000000e+06, 0, 1.000000e+06],
	[1.000000e+06, 0, 1.000000e+06],
	[1.000000e+06, 0, 1.000000e+06],
	[1.000000e+06, 1.000000e+06, 1.000000e+06],
	[1.000000e+06, 1.000000e+06, 1.000000e+06],
	[1.000000e+06, 1.000000e+06, 1.000000e+06],
	[1.000000e+06, 1.000000e+06, 1.000000e+06],
	[1.000000e+06, 1.000000e+06, 1.000000e+06],
	[1.000000e+06, 1.000000e+06, 1.000000e+06],
	[1.000000e+06, 1.000000e+06, 1.000000e+06],
	[1.000000e+06, 1.000000e+06, 1.000000e+06],
	[1.000000e+06, 1.000000e+06, 1.999918e+00],
	[1.000000e+06, 1.000000e+06, 1.999918e+00],
	[1.000000e+06, 1.000000e+06, 1.999918e+00],
	[1.000000e+06, 1.000000e+06, 1.999918e+00],
	[1.000000e+06, 1.000000e+06, 2.156590e+00],
	[1.000000e+06, 1.000000e+06, 2.156590e+00],
	[1.000000e+06, 1.000000e+06, 2.156590e+00],
	[1.000000e+06, 1.000000e+06, 2.156590e+00],
	[1.000000e+06, 1.000000e+06, 1.000000e+06],
	[1.000000e+06, 1.000000e+06, 1.000000e+06],
	[1.000000e+06, 1.000000e+06, 1.000000e+06],
	[1.000000e+06, 1.000000e+06, 1.000000e+06],
	[1.000000e+06, 1.000000e+06, 1.000000e+06],
	[1.000000e+06, 1.000000e+06, 1.000000e+06],
	[1.000000e+06, 1.000000e+06, 1.000000e+06],
	[1.000000e+06, 1.000000e+06, 1.000000e+06],
	[1.000000e+06, 1.000000e+06, 0],
	[1.000000e+06, 1.000000e+06, 0],
	[1.000000e+06, 1.000000e+06, 0],
	[1.000000e+06, 1.000000e+06, 0],
	[1.000000e+06, 1.000000e+06, 0],
	[1.000000e+06, 1.000000e+06, 0],
	[1.000000e+06, 1.000000e+06, 0],
	[1.000000e+06, 1.000000e+06, 0],
	[0, 1.000000e+06, 0],
	[0, 1.000000e+06, 0],
	[0, 1.000000e+06, 0],
	[0, 1.000000e+06, 0],
	[0, 0, 0],
	[0, 0, 0],
	[0, 0, 0],
	[0, 0, 0],
	[0, 0, 0],
	[0, 0, 0],
	[0, 0, 0],
	[0, 0, 0],
	[0, 0, 0],
	[0, 0, 0],
	[0, 0, 0],
	[0, 0, 0],
	[0, 0, 0],
	[0, 0, 0],
	[0, 0, 0],
	[0, 0, 0] ]
