315 320 1593 1847 2662 2831 3172 3353 3520 3639
SHOE
ACT	10
SHIFT	96
demand [
	[0, 0, 0, 0, 0, 0, 0, 0, 0, 0],
	[0, 0, 0, 0, 0, 0, 0, 0, 0, 0],
	[0, 0, 0, 0, 0, 0, 0, 0, 0, 0],
	[0, 0, 0, 0, 0, 0, 0, 0, 0, 0],
	[0, 0, 0, 0, 0, 0, 0, 0, 0, 0],
	[0, 0, 0, 0, 0, 0, 0, 0, 0, 0],
	[0, 0, 0, 0, 0, 0, 0, 0, 0, 0],
	[0, 0, 0, 0, 0, 0, 0, 0, 0, 0],
	[0, 0, 0, 0, 0, 0, 0, 0, 0, 0],
	[0, 0, 0, 0, 0, 0, 0, 0, 0, 0],
	[0, 0, 0, 0, 0, 0, 0, 0, 0, 0],
	[0, 0, 0, 0, 0, 0, 0, 0, 0, 0],
	[0, 0, 0, 0, 0, 0, 0, 0, 0, 0],
	[0, 0, 0, 0, 0, 0, 0, 0, 0, 0],
	[0, 0, 0, 0, 0, 0, 0, 0, 0, 0],
	[0, 0, 0, 0, 0, 0, 0, 0, 0, 0],
	[0, 0, 0, 0, 0, 0, 0, 0, 0, 0],
	[0, 0, 0, 0, 0, 0, 0, 0, 0, 0],
	[0, 0, 0, 0, 0, 0, 0, 0, 0, 0],
	[0, 0, 0, 0, 0, 0, 0, 0, 0, 0],
	[0, 0, 0, 0, 0, 0, 0, 0, 0, 0],
	[0, 0, 0, 0, 0, 0, 0, 0, 0, 0],
	[0, 0, 0, 0, 0, 0, 0, 0, 0, 0],
	[0, 0, 0, 0, 0, 0, 0, 0, 0, 0],
	[0, 0, 0, 0, 0, 0, 0, 0, 0, 0],
	[0, 0, 0, 0, 0, 0, 0, 0, 0, 0],
	[0, 0, 0, 0, 0, 0, 0, 0, 0, 0],
	[0, 0, 0, 0, 0, 0, 0, 0, 0, 0],
	[0, 0, 0, 0, 0, 0, 0, 0, 0, 0],
	[0, 0, 0, 0, 0, 0, 0, 0, 0, 0],
	[0, 0, 0, 0, 0, 0, 0, 0, 0, 0],
	[0, 0, 0, 0, 0, 0, 0, 0, 0, 0],
	[0, 0, 1.00, 0, 0, 0, 0, 0, 1.00, 0],
	[0, 0, 1.00, 0, 0, 0, 0, 0, 1.00, 0],
	[0, 0, 1.00, 0, 0, 0, 0, 0, 1.00, 0],
	[0, 0, 1.00, 0, 0, 0, 0, 0, 1.00, 0],
	[1.00, 1.00, 0, 0, 1.00, 1.00, 1.00, 1.00, 1.00, 0],
	[1.00, 1.00, 0, 0, 1.00, 1.00, 1.00, 1.00, 1.00, 0],
	[1.00, 1.00, 0, 0, 1.00, 1.00, 1.00, 1.00, 1.00, 0],
	[1.00, 1.00, 0, 0, 1.00, 1.00, 1.00, 1.00, 1.00, 0],
	[1.00, 1.00, 1.00, 1.00, 1.00, 1.00, 1.00, 1.00, 1.00, 1.00],
	[1.00, 1.00, 1.00, 1.00, 1.00, 1.00, 1.00, 1.00, 1.00, 1.00],
	[1.00, 1.00, 1.00, 1.00, 1.00, 1.00, 1.00, 1.00, 1.00, 1.00],
	[1.00, 1.00, 1.00, 1.00, 1.00, 1.00, 1.00, 1.00, 1.00, 1.00],
	[1.00, 1.00, 1.50, 1.00, 1.00, 1.25, 0, 1.75, 1.50, 1.00],
	[1.00, 1.00, 1.50, 1.00, 1.00, 1.25, 0, 1.75, 1.50, 1.00],
	[1.00, 1.00, 1.50, 1.00, 1.00, 1.25, 0, 1.75, 1.50, 1.00],
	[1.00, 1.00, 1.50, 1.00, 1.00, 1.25, 0, 1.75, 1.50, 1.00],
	[1.00, 1.00, 1.50, 1.00, 1.00, 1.75, 1.25, 2.25, 2.25, 1.00],
	[1.00, 1.00, 1.50, 1.00, 1.00, 1.75, 1.25, 2.25, 2.25, 1.00],
	[1.00, 1.00, 1.50, 1.00, 1.00, 1.75, 1.25, 2.25, 2.25, 1.00],
	[1.00, 1.00, 1.50, 1.00, 1.00, 1.75, 1.25, 2.25, 2.25, 1.00],
	[0, 1.00, 1.75, 1.00, 1.25, 2.00, 1.25, 2.50, 2.25, 1.00],
	[0, 1.00, 1.75, 1.00, 1.25, 2.00, 1.25, 2.50, 2.25, 1.00],
	[0, 1.00, 1.75, 1.00, 1.25, 2.00, 1.25, 2.50, 2.25, 1.00],
	[0, 1.00, 1.75, 1.00, 1.25, 2.00, 1.25, 2.50, 2.25, 1.00],
	[1.25, 1.00, 1.75, 0, 1.25, 2.00, 1.25, 2.50, 2.50, 1.00],
	[1.25, 1.00, 1.75, 0, 1.25, 2.00, 1.25, 2.50, 2.50, 1.00],
	[1.25, 1.00, 1.75, 0, 1.25, 2.00, 1.25, 2.50, 2.50, 1.00],
	[1.25, 1.00, 1.75, 0, 1.25, 2.00, 1.25, 2.50, 2.50, 1.00],
	[1.00, 0, 1.75, 1.00, 1.00, 1.75, 1.25, 2.25, 2.25, 1.00],
	[1.00, 0, 1.75, 1.00, 1.00, 1.75, 1.25, 2.25, 2.25, 1.00],
	[1.00, 0, 1.75, 1.00, 1.00, 1.75, 1.25, 2.25, 2.25, 1.00],
	[1.00, 0, 1.75, 1.00, 1.00, 1.75, 1.25, 2.25, 2.25, 1.00],
	[1.00, 1.00, 1.50, 0, 1.00, 1.25, 1.00, 1.50, 1.50, 1.00],
	[1.00, 1.00, 1.50, 0, 1.00, 1.25, 1.00, 1.50, 1.50, 1.00],
	[1.00, 1.00, 1.50, 0, 1.00, 1.25, 1.00, 1.50, 1.50, 1.00],
	[1.00, 1.00, 1.50, 0, 1.00, 1.25, 1.00, 1.50, 1.50, 1.00],
	[1.00, 0, 0, 0, 0, 1.50, 1.00, 2.00, 1.75, 1.00],
	[1.00, 0, 0, 0, 0, 1.50, 1.00, 2.00, 1.75, 1.00],
	[1.00, 0, 0, 0, 0, 1.50, 1.00, 2.00, 1.75, 1.00],
	[1.00, 0, 0, 0, 0, 1.50, 1.00, 2.00, 1.75, 1.00],
	[0, 0, 0, 1.00, 0, 2.00, 1.25, 2.50, 2.25, 1.00],
	[0, 0, 0, 1.00, 0, 2.00, 1.25, 2.50, 2.25, 1.00],
	[0, 0, 0, 1.00, 0, 2.00, 1.25, 2.50, 2.25, 1.00],
	[0, 0, 0, 1.00, 0, 2.00, 1.25, 2.50, 2.25, 1.00],
	[0, 0, 0, 1.00, 0, 1.50, 1.00, 2.00, 1.75, 1.00],
	[0, 0, 0, 1.00, 0, 1.50, 1.00, 2.00, 1.75, 1.00],
	[0, 0, 0, 1.00, 0, 1.50, 1.00, 2.00, 1.75, 1.00],
	[0, 0, 0, 1.00, 0, 1.50, 1.00, 2.00, 1.75, 1.00],
	[0, 0, 0, 0, 0, 0, 0, 0, 0, 0],
	[0, 0, 0, 0, 0, 0, 0, 0, 0, 0],
	[0, 0, 0, 0, 0, 0, 0, 0, 0, 0],
	[0, 0, 0, 0, 0, 0, 0, 0, 0, 0],
	[0, 0, 0, 0, 0, 0, 0, 0, 0, 0],
	[0, 0, 0, 0, 0, 0, 0, 0, 0, 0],
	[0, 0, 0, 0, 0, 0, 0, 0, 0, 0],
	[0, 0, 0, 0, 0, 0, 0, 0, 0, 0],
	[0, 0, 0, 0, 0, 0, 0, 0, 0, 0],
	[0, 0, 0, 0, 0, 0, 0, 0, 0, 0],
	[0, 0, 0, 0, 0, 0, 0, 0, 0, 0],
	[0, 0, 0, 0, 0, 0, 0, 0, 0, 0],
	[0, 0, 0, 0, 0, 0, 0, 0, 0, 0],
	[0, 0, 0, 0, 0, 0, 0, 0, 0, 0],
	[0, 0, 0, 0, 0, 0, 0, 0, 0, 0],
	[0, 0, 0, 0, 0, 0, 0, 0, 0, 0] ]
overcost [
	[0, 0, 0, 0, 0, 0, 0, 0, 0, 0],
	[0, 0, 0, 0, 0, 0, 0, 0, 0, 0],
	[0, 0, 0, 0, 0, 0, 0, 0, 0, 0],
	[0, 0, 0, 0, 0, 0, 0, 0, 0, 0],
	[0, 0, 0, 0, 0, 0, 0, 0, 0, 0],
	[0, 0, 0, 0, 0, 0, 0, 0, 0, 0],
	[0, 0, 0, 0, 0, 0, 0, 0, 0, 0],
	[0, 0, 0, 0, 0, 0, 0, 0, 0, 0],
	[0, 0, 0, 0, 0, 0, 0, 0, 0, 0],
	[0, 0, 0, 0, 0, 0, 0, 0, 0, 0],
	[0, 0, 0, 0, 0, 0, 0, 0, 0, 0],
	[0, 0, 0, 0, 0, 0, 0, 0, 0, 0],
	[0, 0, 0, 0, 0, 0, 0, 0, 0, 0],
	[0, 0, 0, 0, 0, 0, 0, 0, 0, 0],
	[0, 0, 0, 0, 0, 0, 0, 0, 0, 0],
	[0, 0, 0, 0, 0, 0, 0, 0, 0, 0],
	[0, 0, 0, 0, 0, 0, 0, 0, 0, 0],
	[0, 0, 0, 0, 0, 0, 0, 0, 0, 0],
	[0, 0, 0, 0, 0, 0, 0, 0, 0, 0],
	[0, 0, 0, 0, 0, 0, 0, 0, 0, 0],
	[0, 0, 0, 0, 0, 0, 0, 0, 0, 0],
	[0, 0, 0, 0, 0, 0, 0, 0, 0, 0],
	[0, 0, 0, 0, 0, 0, 0, 0, 0, 0],
	[0, 0, 0, 0, 0, 0, 0, 0, 0, 0],
	[0, 0, 0, 0, 0, 0, 0, 0, 0, 0],
	[0, 0, 0, 0, 0, 0, 0, 0, 0, 0],
	[0, 0, 0, 0, 0, 0, 0, 0, 0, 0],
	[0, 0, 0, 0, 0, 0, 0, 0, 0, 0],
	[0, 0, 0, 0, 0, 0, 0, 0, 0, 0],
	[0, 0, 0, 0, 0, 0, 0, 0, 0, 0],
	[0, 0, 0, 0, 0, 0, 0, 0, 0, 0],
	[0, 0, 0, 0, 0, 0, 0, 0, 0, 0],
	[0, 0, 6.366456e+00, 0, 0, 0, 0, 0, 9.214174e+00, 0],
	[0, 0, 6.366456e+00, 0, 0, 0, 0, 0, 9.214174e+00, 0],
	[0, 0, 6.366456e+00, 0, 0, 0, 0, 0, 9.214174e+00, 0],
	[0, 0, 6.366456e+00, 0, 0, 0, 0, 0, 9.214174e+00, 0],
	[9.412487e+00, 9.451246e+00, 0, 0, 1.070095e+01, 1.090187e+01, 8.653614e+00, 8.641148e+00, 9.045540e+00, 0],
	[9.412487e+00, 9.451246e+00, 0, 0, 1.070095e+01, 1.090187e+01, 8.653614e+00, 8.641148e+00, 9.045540e+00, 0],
	[9.412487e+00, 9.451246e+00, 0, 0, 1.070095e+01, 1.090187e+01, 8.653614e+00, 8.641148e+00, 9.045540e+00, 0],
	[9.412487e+00, 9.451246e+00, 0, 0, 1.070095e+01, 1.090187e+01, 8.653614e+00, 8.641148e+00, 9.045540e+00, 0],
	[9.390249e+00, 9.429288e+00, 2.231386e+00, 6.266236e+00, 1.066283e+01, 6.275202e+00, 6.052770e+00, 4.286696e+00, 6.112733e+00, 1.061111e+01],
	[9.390249e+00, 9.429288e+00, 2.231386e+00, 6.266236e+00, 1.066283e+01, 6.275202e+00, 6.052770e+00, 4.286696e+00, 6.112733e+00, 1.061111e+01],
	[9.390249e+00, 9.429288e+00, 2.231386e+00, 6.266236e+00, 1.066283e+01, 6.275202e+00, 6.052770e+00, 4.286696e+00, 6.112733e+00, 1.061111e+01],
	[9.390249e+00, 9.429288e+00, 2.231386e+00, 6.266236e+00, 1.066283e+01, 6.275202e+00, 6.052770e+00, 4.286696e+00, 6.112733e+00, 1.061111e+01],
	[4.537775e+00, 6.390859e+00, 1.905497e+00, 4.246032e+00, 4.593390e+00, 1.731117e+00, 0, 1.584966e+00, 1.692655e+00, 8.793833e+00],
	[4.537775e+00, 6.390859e+00, 1.905497e+00, 4.246032e+00, 4.593390e+00, 1.731117e+00, 0, 1.584966e+00, 1.692655e+00, 8.793833e+00],
	[4.537775e+00, 6.390859e+00, 1.905497e+00, 4.246032e+00, 4.593390e+00, 1.731117e+00, 0, 1.584966e+00, 1.692655e+00, 8.793833e+00],
	[4.537775e+00, 6.390859e+00, 1.905497e+00, 4.246032e+00, 4.593390e+00, 1.731117e+00, 0, 1.584966e+00, 1.692655e+00, 8.793833e+00],
	[2.269188e+00, 3.876366e+00, 1.433955e+00, 3.411973e+00, 1.981296e+00, 1.619617e+00, 2.244775e+00, 1.138913e+00, 1.523551e+00, 3.605222e+00],
	[2.269188e+00, 3.876366e+00, 1.433955e+00, 3.411973e+00, 1.981296e+00, 1.619617e+00, 2.244775e+00, 1.138913e+00, 1.523551e+00, 3.605222e+00],
	[2.269188e+00, 3.876366e+00, 1.433955e+00, 3.411973e+00, 1.981296e+00, 1.619617e+00, 2.244775e+00, 1.138913e+00, 1.523551e+00, 3.605222e+00],
	[2.269188e+00, 3.876366e+00, 1.433955e+00, 3.411973e+00, 1.981296e+00, 1.619617e+00, 2.244775e+00, 1.138913e+00, 1.523551e+00, 3.605222e+00],
	[0, 3.219645e+00, 1.874858e+00, 3.110413e+00, 2.258003e+00, 1.739335e+00, 1.807295e+00, 1.134764e+00, 9.453223e-01, 2.436630e+00],
	[0, 3.219645e+00, 1.874858e+00, 3.110413e+00, 2.258003e+00, 1.739335e+00, 1.807295e+00, 1.134764e+00, 9.453223e-01, 2.436630e+00],
	[0, 3.219645e+00, 1.874858e+00, 3.110413e+00, 2.258003e+00, 1.739335e+00, 1.807295e+00, 1.134764e+00, 9.453223e-01, 2.436630e+00],
	[0, 3.219645e+00, 1.874858e+00, 3.110413e+00, 2.258003e+00, 1.739335e+00, 1.807295e+00, 1.134764e+00, 9.453223e-01, 2.436630e+00],
	[2.416022e+00, 3.163625e+00, 1.764143e+00, 0, 2.185609e+00, 1.661661e+00, 1.703214e+00, 1.055663e+00, 1.378411e+00, 2.388465e+00],
	[2.416022e+00, 3.163625e+00, 1.764143e+00, 0, 2.185609e+00, 1.661661e+00, 1.703214e+00, 1.055663e+00, 1.378411e+00, 2.388465e+00],
	[2.416022e+00, 3.163625e+00, 1.764143e+00, 0, 2.185609e+00, 1.661661e+00, 1.703214e+00, 1.055663e+00, 1.378411e+00, 2.388465e+00],
	[2.416022e+00, 3.163625e+00, 1.764143e+00, 0, 2.185609e+00, 1.661661e+00, 1.703214e+00, 1.055663e+00, 1.378411e+00, 2.388465e+00],
	[2.439708e+00, 0, 1.730788e+00, 3.332957e+00, 2.153519e+00, 1.501355e+00, 2.146303e+00, 1.050081e+00, 1.523001e+00, 4.493358e+00],
	[2.439708e+00, 0, 1.730788e+00, 3.332957e+00, 2.153519e+00, 1.501355e+00, 2.146303e+00, 1.050081e+00, 1.523001e+00, 4.493358e+00],
	[2.439708e+00, 0, 1.730788e+00, 3.332957e+00, 2.153519e+00, 1.501355e+00, 2.146303e+00, 1.050081e+00, 1.523001e+00, 4.493358e+00],
	[2.439708e+00, 0, 1.730788e+00, 3.332957e+00, 2.153519e+00, 1.501355e+00, 2.146303e+00, 1.050081e+00, 1.523001e+00, 4.493358e+00],
	[4.989862e+00, 7.041884e+00, 1.736909e+00, 0, 5.144976e+00, 2.049621e+00, 2.943974e+00, 1.155656e+00, 2.028923e+00, 1.048140e+01],
	[4.989862e+00, 7.041884e+00, 1.736909e+00, 0, 5.144976e+00, 2.049621e+00, 2.943974e+00, 1.155656e+00, 2.028923e+00, 1.048140e+01],
	[4.989862e+00, 7.041884e+00, 1.736909e+00, 0, 5.144976e+00, 2.049621e+00, 2.943974e+00, 1.155656e+00, 2.028923e+00, 1.048140e+01],
	[4.989862e+00, 7.041884e+00, 1.736909e+00, 0, 5.144976e+00, 2.049621e+00, 2.943974e+00, 1.155656e+00, 2.028923e+00, 1.048140e+01],
	[4.025975e+00, 0, 0, 0, 0, 1.947990e+00, 2.310296e+00, 1.588438e+00, 1.732550e+00, 8.097847e+00],
	[4.025975e+00, 0, 0, 0, 0, 1.947990e+00, 2.310296e+00, 1.588438e+00, 1.732550e+00, 8.097847e+00],
	[4.025975e+00, 0, 0, 0, 0, 1.947990e+00, 2.310296e+00, 1.588438e+00, 1.732550e+00, 8.097847e+00],
	[4.025975e+00, 0, 0, 0, 0, 1.947990e+00, 2.310296e+00, 1.588438e+00, 1.732550e+00, 8.097847e+00],
	[0, 0, 0, 3.063735e+00, 0, 1.630856e+00, 1.870440e+00, 1.116467e+00, 1.113520e+00, 3.926236e+00],
	[0, 0, 0, 3.063735e+00, 0, 1.630856e+00, 1.870440e+00, 1.116467e+00, 1.113520e+00, 3.926236e+00],
	[0, 0, 0, 3.063735e+00, 0, 1.630856e+00, 1.870440e+00, 1.116467e+00, 1.113520e+00, 3.926236e+00],
	[0, 0, 0, 3.063735e+00, 0, 1.630856e+00, 1.870440e+00, 1.116467e+00, 1.113520e+00, 3.926236e+00],
	[0, 0, 0, 3.740039e+00, 0, 1.445650e+00, 2.267141e+00, 1.330641e+00, 1.762360e+00, 1.031804e+01],
	[0, 0, 0, 3.740039e+00, 0, 1.445650e+00, 2.267141e+00, 1.330641e+00, 1.762360e+00, 1.031804e+01],
	[0, 0, 0, 3.740039e+00, 0, 1.445650e+00, 2.267141e+00, 1.330641e+00, 1.762360e+00, 1.031804e+01],
	[0, 0, 0, 3.740039e+00, 0, 1.445650e+00, 2.267141e+00, 1.330641e+00, 1.762360e+00, 1.031804e+01],
	[0, 0, 0, 0, 0, 0, 0, 0, 0, 0],
	[0, 0, 0, 0, 0, 0, 0, 0, 0, 0],
	[0, 0, 0, 0, 0, 0, 0, 0, 0, 0],
	[0, 0, 0, 0, 0, 0, 0, 0, 0, 0],
	[0, 0, 0, 0, 0, 0, 0, 0, 0, 0],
	[0, 0, 0, 0, 0, 0, 0, 0, 0, 0],
	[0, 0, 0, 0, 0, 0, 0, 0, 0, 0],
	[0, 0, 0, 0, 0, 0, 0, 0, 0, 0],
	[0, 0, 0, 0, 0, 0, 0, 0, 0, 0],
	[0, 0, 0, 0, 0, 0, 0, 0, 0, 0],
	[0, 0, 0, 0, 0, 0, 0, 0, 0, 0],
	[0, 0, 0, 0, 0, 0, 0, 0, 0, 0],
	[0, 0, 0, 0, 0, 0, 0, 0, 0, 0],
	[0, 0, 0, 0, 0, 0, 0, 0, 0, 0],
	[0, 0, 0, 0, 0, 0, 0, 0, 0, 0],
	[0, 0, 0, 0, 0, 0, 0, 0, 0, 0] ]
undercost [
	[0, 0, 0, 0, 0, 0, 0, 0, 0, 0],
	[0, 0, 0, 0, 0, 0, 0, 0, 0, 0],
	[0, 0, 0, 0, 0, 0, 0, 0, 0, 0],
	[0, 0, 0, 0, 0, 0, 0, 0, 0, 0],
	[0, 0, 0, 0, 0, 0, 0, 0, 0, 0],
	[0, 0, 0, 0, 0, 0, 0, 0, 0, 0],
	[0, 0, 0, 0, 0, 0, 0, 0, 0, 0],
	[0, 0, 0, 0, 0, 0, 0, 0, 0, 0],
	[0, 0, 0, 0, 0, 0, 0, 0, 0, 0],
	[0, 0, 0, 0, 0, 0, 0, 0, 0, 0],
	[0, 0, 0, 0, 0, 0, 0, 0, 0, 0],
	[0, 0, 0, 0, 0, 0, 0, 0, 0, 0],
	[0, 0, 0, 0, 0, 0, 0, 0, 0, 0],
	[0, 0, 0, 0, 0, 0, 0, 0, 0, 0],
	[0, 0, 0, 0, 0, 0, 0, 0, 0, 0],
	[0, 0, 0, 0, 0, 0, 0, 0, 0, 0],
	[0, 0, 0, 0, 0, 0, 0, 0, 0, 0],
	[0, 0, 0, 0, 0, 0, 0, 0, 0, 0],
	[0, 0, 0, 0, 0, 0, 0, 0, 0, 0],
	[0, 0, 0, 0, 0, 0, 0, 0, 0, 0],
	[0, 0, 0, 0, 0, 0, 0, 0, 0, 0],
	[0, 0, 0, 0, 0, 0, 0, 0, 0, 0],
	[0, 0, 0, 0, 0, 0, 0, 0, 0, 0],
	[0, 0, 0, 0, 0, 0, 0, 0, 0, 0],
	[0, 0, 0, 0, 0, 0, 0, 0, 0, 0],
	[0, 0, 0, 0, 0, 0, 0, 0, 0, 0],
	[0, 0, 0, 0, 0, 0, 0, 0, 0, 0],
	[0, 0, 0, 0, 0, 0, 0, 0, 0, 0],
	[0, 0, 0, 0, 0, 0, 0, 0, 0, 0],
	[0, 0, 0, 0, 0, 0, 0, 0, 0, 0],
	[0, 0, 0, 0, 0, 0, 0, 0, 0, 0],
	[0, 0, 0, 0, 0, 0, 0, 0, 0, 0],
	[0, 0, 1.000000e+06, 0, 0, 0, 0, 0, 1.000000e+06, 0],
	[0, 0, 1.000000e+06, 0, 0, 0, 0, 0, 1.000000e+06, 0],
	[0, 0, 1.000000e+06, 0, 0, 0, 0, 0, 1.000000e+06, 0],
	[0, 0, 1.000000e+06, 0, 0, 0, 0, 0, 1.000000e+06, 0],
	[1.000000e+06, 1.000000e+06, 0, 0, 1.000000e+06, 1.000000e+06, 1.000000e+06, 1.000000e+06, 1.000000e+06, 0],
	[1.000000e+06, 1.000000e+06, 0, 0, 1.000000e+06, 1.000000e+06, 1.000000e+06, 1.000000e+06, 1.000000e+06, 0],
	[1.000000e+06, 1.000000e+06, 0, 0, 1.000000e+06, 1.000000e+06, 1.000000e+06, 1.000000e+06, 1.000000e+06, 0],
	[1.000000e+06, 1.000000e+06, 0, 0, 1.000000e+06, 1.000000e+06, 1.000000e+06, 1.000000e+06, 1.000000e+06, 0],
	[1.000000e+06, 1.000000e+06, 1.000000e+06, 1.000000e+06, 1.000000e+06, 1.000000e+06, 1.000000e+06, 1.000000e+06, 1.000000e+06, 1.000000e+06],
	[1.000000e+06, 1.000000e+06, 1.000000e+06, 1.000000e+06, 1.000000e+06, 1.000000e+06, 1.000000e+06, 1.000000e+06, 1.000000e+06, 1.000000e+06],
	[1.000000e+06, 1.000000e+06, 1.000000e+06, 1.000000e+06, 1.000000e+06, 1.000000e+06, 1.000000e+06, 1.000000e+06, 1.000000e+06, 1.000000e+06],
	[1.000000e+06, 1.000000e+06, 1.000000e+06, 1.000000e+06, 1.000000e+06, 1.000000e+06, 1.000000e+06, 1.000000e+06, 1.000000e+06, 1.000000e+06],
	[1.000000e+06, 1.000000e+06, 1.000000e+06, 1.000000e+06, 1.000000e+06, 1.000000e+06, 0, 1.000000e+06, 1.000000e+06, 1.000000e+06],
	[1.000000e+06, 1.000000e+06, 1.000000e+06, 1.000000e+06, 1.000000e+06, 1.000000e+06, 0, 1.000000e+06, 1.000000e+06, 1.000000e+06],
	[1.000000e+06, 1.000000e+06, 1.000000e+06, 1.000000e+06, 1.000000e+06, 1.000000e+06, 0, 1.000000e+06, 1.000000e+06, 1.000000e+06],
	[1.000000e+06, 1.000000e+06, 1.000000e+06, 1.000000e+06, 1.000000e+06, 1.000000e+06, 0, 1.000000e+06, 1.000000e+06, 1.000000e+06],
	[1.000000e+06, 1.000000e+06, 1.000000e+06, 1.000000e+06, 1.000000e+06, 1.000000e+06, 1.000000e+06, 1.905083e+00, 1.575348e+00, 1.000000e+06],
	[1.000000e+06, 1.000000e+06, 1.000000e+06, 1.000000e+06, 1.000000e+06, 1.000000e+06, 1.000000e+06, 1.905083e+00, 1.575348e+00, 1.000000e+06],
	[1.000000e+06, 1.000000e+06, 1.000000e+06, 1.000000e+06, 1.000000e+06, 1.000000e+06, 1.000000e+06, 1.905083e+00, 1.575348e+00, 1.000000e+06],
	[1.000000e+06, 1.000000e+06, 1.000000e+06, 1.000000e+06, 1.000000e+06, 1.000000e+06, 1.000000e+06, 1.905083e+00, 1.575348e+00, 1.000000e+06],
	[0, 1.000000e+06, 1.000000e+06, 1.000000e+06, 1.000000e+06, 2.510381e+00, 1.000000e+06, 1.533757e+00, 2.362106e+00, 1.000000e+06],
	[0, 1.000000e+06, 1.000000e+06, 1.000000e+06, 1.000000e+06, 2.510381e+00, 1.000000e+06, 1.533757e+00, 2.362106e+00, 1.000000e+06],
	[0, 1.000000e+06, 1.000000e+06, 1.000000e+06, 1.000000e+06, 2.510381e+00, 1.000000e+06, 1.533757e+00, 2.362106e+00, 1.000000e+06],
	[0, 1.000000e+06, 1.000000e+06, 1.000000e+06, 1.000000e+06, 2.510381e+00, 1.000000e+06, 1.533757e+00, 2.362106e+00, 1.000000e+06],
	[1.000000e+06, 1.000000e+06, 1.000000e+06, 0, 1.000000e+06, 2.620523e+00, 1.000000e+06, 1.638006e+00, 1.382477e+00, 1.000000e+06],
	[1.000000e+06, 1.000000e+06, 1.000000e+06, 0, 1.000000e+06, 2.620523e+00, 1.000000e+06, 1.638006e+00, 1.382477e+00, 1.000000e+06],
	[1.000000e+06, 1.000000e+06, 1.000000e+06, 0, 1.000000e+06, 2.620523e+00, 1.000000e+06, 1.638006e+00, 1.382477e+00, 1.000000e+06],
	[1.000000e+06, 1.000000e+06, 1.000000e+06, 0, 1.000000e+06, 2.620523e+00, 1.000000e+06, 1.638006e+00, 1.382477e+00, 1.000000e+06],
	[1.000000e+06, 0, 1.000000e+06, 1.000000e+06, 1.000000e+06, 1.000000e+06, 1.000000e+06, 2.029867e+00, 1.579134e+00, 1.000000e+06],
	[1.000000e+06, 0, 1.000000e+06, 1.000000e+06, 1.000000e+06, 1.000000e+06, 1.000000e+06, 2.029867e+00, 1.579134e+00, 1.000000e+06],
	[1.000000e+06, 0, 1.000000e+06, 1.000000e+06, 1.000000e+06, 1.000000e+06, 1.000000e+06, 2.029867e+00, 1.579134e+00, 1.000000e+06],
	[1.000000e+06, 0, 1.000000e+06, 1.000000e+06, 1.000000e+06, 1.000000e+06, 1.000000e+06, 2.029867e+00, 1.579134e+00, 1.000000e+06],
	[1.000000e+06, 1.000000e+06, 1.000000e+06, 0, 1.000000e+06, 1.000000e+06, 1.000000e+06, 1.000000e+06, 1.000000e+06, 1.000000e+06],
	[1.000000e+06, 1.000000e+06, 1.000000e+06, 0, 1.000000e+06, 1.000000e+06, 1.000000e+06, 1.000000e+06, 1.000000e+06, 1.000000e+06],
	[1.000000e+06, 1.000000e+06, 1.000000e+06, 0, 1.000000e+06, 1.000000e+06, 1.000000e+06, 1.000000e+06, 1.000000e+06, 1.000000e+06],
	[1.000000e+06, 1.000000e+06, 1.000000e+06, 0, 1.000000e+06, 1.000000e+06, 1.000000e+06, 1.000000e+06, 1.000000e+06, 1.000000e+06],
	[1.000000e+06, 0, 0, 0, 0, 1.000000e+06, 1.000000e+06, 1.782816e+00, 1.000000e+06, 1.000000e+06],
	[1.000000e+06, 0, 0, 0, 0, 1.000000e+06, 1.000000e+06, 1.782816e+00, 1.000000e+06, 1.000000e+06],
	[1.000000e+06, 0, 0, 0, 0, 1.000000e+06, 1.000000e+06, 1.782816e+00, 1.000000e+06, 1.000000e+06],
	[1.000000e+06, 0, 0, 0, 0, 1.000000e+06, 1.000000e+06, 1.782816e+00, 1.000000e+06, 1.000000e+06],
	[0, 0, 0, 1.000000e+06, 0, 2.679348e+00, 1.000000e+06, 1.563203e+00, 2.138487e+00, 1.000000e+06],
	[0, 0, 0, 1.000000e+06, 0, 2.679348e+00, 1.000000e+06, 1.563203e+00, 2.138487e+00, 1.000000e+06],
	[0, 0, 0, 1.000000e+06, 0, 2.679348e+00, 1.000000e+06, 1.563203e+00, 2.138487e+00, 1.000000e+06],
	[0, 0, 0, 1.000000e+06, 0, 2.679348e+00, 1.000000e+06, 1.563203e+00, 2.138487e+00, 1.000000e+06],
	[0, 0, 0, 1.000000e+06, 0, 1.000000e+06, 1.000000e+06, 2.157697e+00, 1.000000e+06, 1.000000e+06],
	[0, 0, 0, 1.000000e+06, 0, 1.000000e+06, 1.000000e+06, 2.157697e+00, 1.000000e+06, 1.000000e+06],
	[0, 0, 0, 1.000000e+06, 0, 1.000000e+06, 1.000000e+06, 2.157697e+00, 1.000000e+06, 1.000000e+06],
	[0, 0, 0, 1.000000e+06, 0, 1.000000e+06, 1.000000e+06, 2.157697e+00, 1.000000e+06, 1.000000e+06],
	[0, 0, 0, 0, 0, 0, 0, 0, 0, 0],
	[0, 0, 0, 0, 0, 0, 0, 0, 0, 0],
	[0, 0, 0, 0, 0, 0, 0, 0, 0, 0],
	[0, 0, 0, 0, 0, 0, 0, 0, 0, 0],
	[0, 0, 0, 0, 0, 0, 0, 0, 0, 0],
	[0, 0, 0, 0, 0, 0, 0, 0, 0, 0],
	[0, 0, 0, 0, 0, 0, 0, 0, 0, 0],
	[0, 0, 0, 0, 0, 0, 0, 0, 0, 0],
	[0, 0, 0, 0, 0, 0, 0, 0, 0, 0],
	[0, 0, 0, 0, 0, 0, 0, 0, 0, 0],
	[0, 0, 0, 0, 0, 0, 0, 0, 0, 0],
	[0, 0, 0, 0, 0, 0, 0, 0, 0, 0],
	[0, 0, 0, 0, 0, 0, 0, 0, 0, 0],
	[0, 0, 0, 0, 0, 0, 0, 0, 0, 0],
	[0, 0, 0, 0, 0, 0, 0, 0, 0, 0],
	[0, 0, 0, 0, 0, 0, 0, 0, 0, 0] ]
