590 2625 3122 3859
SHOE
ACT	4
SHIFT	96
demand [
	[0, 0, 0, 0],
	[0, 0, 0, 0],
	[0, 0, 0, 0],
	[0, 0, 0, 0],
	[0, 0, 0, 0],
	[0, 0, 0, 0],
	[0, 0, 0, 0],
	[0, 0, 0, 0],
	[0, 0, 0, 0],
	[0, 0, 0, 0],
	[0, 0, 0, 0],
	[0, 0, 0, 0],
	[0, 0, 0, 0],
	[0, 0, 0, 0],
	[0, 0, 0, 0],
	[0, 0, 0, 0],
	[0, 0, 0, 0],
	[0, 0, 0, 0],
	[0, 0, 0, 0],
	[0, 0, 0, 0],
	[0, 0, 0, 0],
	[0, 0, 0, 0],
	[0, 0, 0, 0],
	[0, 0, 0, 0],
	[0, 0, 0, 0],
	[0, 0, 0, 0],
	[0, 0, 0, 0],
	[0, 0, 0, 0],
	[0, 0, 0, 0],
	[0, 0, 0, 0],
	[0, 0, 0, 0],
	[0, 0, 0, 0],
	[1.25, 0, 0, 0],
	[1.25, 0, 0, 0],
	[1.25, 0, 0, 0],
	[1.25, 0, 0, 0],
	[2.25, 0, 1.00, 1.00],
	[2.25, 0, 1.00, 1.00],
	[2.25, 0, 1.00, 1.00],
	[2.25, 0, 1.00, 1.00],
	[2.75, 0, 0, 1.00],
	[2.75, 0, 0, 1.00],
	[2.75, 0, 0, 1.00],
	[2.75, 0, 0, 1.00],
	[3.50, 1.50, 1.00, 1.00],
	[3.50, 1.50, 1.00, 1.00],
	[3.50, 1.50, 1.00, 1.00],
	[3.50, 1.50, 1.00, 1.00],
	[3.75, 1.50, 1.00, 1.25],
	[3.75, 1.50, 1.00, 1.25],
	[3.75, 1.50, 1.00, 1.25],
	[3.75, 1.50, 1.00, 1.25],
	[4.00, 1.50, 1.25, 1.50],
	[4.00, 1.50, 1.25, 1.50],
	[4.00, 1.50, 1.25, 1.50],
	[4.00, 1.50, 1.25, 1.50],
	[4.00, 1.50, 0, 1.50],
	[4.00, 1.50, 0, 1.50],
	[4.00, 1.50, 0, 1.50],
	[4.00, 1.50, 0, 1.50],
	[4.00, 1.50, 1.00, 1.25],
	[4.00, 1.50, 1.00, 1.25],
	[4.00, 1.50, 1.00, 1.25],
	[4.00, 1.50, 1.00, 1.25],
	[0, 1.50, 0, 1.00],
	[0, 1.50, 0, 1.00],
	[0, 1.50, 0, 1.00],
	[0, 1.50, 0, 1.00],
	[0, 0, 1.00, 0],
	[0, 0, 1.00, 0],
	[0, 0, 1.00, 0],
	[0, 0, 1.00, 0],
	[0, 0, 1.00, 0],
	[0, 0, 1.00, 0],
	[0, 0, 1.00, 0],
	[0, 0, 1.00, 0],
	[0, 0, 1.00, 0],
	[0, 0, 1.00, 0],
	[0, 0, 1.00, 0],
	[0, 0, 1.00, 0],
	[0, 0, 1.00, 0],
	[0, 0, 1.00, 0],
	[0, 0, 1.00, 0],
	[0, 0, 1.00, 0],
	[0, 0, 0, 0],
	[0, 0, 0, 0],
	[0, 0, 0, 0],
	[0, 0, 0, 0],
	[0, 0, 0, 0],
	[0, 0, 0, 0],
	[0, 0, 0, 0],
	[0, 0, 0, 0],
	[0, 0, 0, 0],
	[0, 0, 0, 0],
	[0, 0, 0, 0],
	[0, 0, 0, 0] ]
overcost [
	[0, 0, 0, 0],
	[0, 0, 0, 0],
	[0, 0, 0, 0],
	[0, 0, 0, 0],
	[0, 0, 0, 0],
	[0, 0, 0, 0],
	[0, 0, 0, 0],
	[0, 0, 0, 0],
	[0, 0, 0, 0],
	[0, 0, 0, 0],
	[0, 0, 0, 0],
	[0, 0, 0, 0],
	[0, 0, 0, 0],
	[0, 0, 0, 0],
	[0, 0, 0, 0],
	[0, 0, 0, 0],
	[0, 0, 0, 0],
	[0, 0, 0, 0],
	[0, 0, 0, 0],
	[0, 0, 0, 0],
	[0, 0, 0, 0],
	[0, 0, 0, 0],
	[0, 0, 0, 0],
	[0, 0, 0, 0],
	[0, 0, 0, 0],
	[0, 0, 0, 0],
	[0, 0, 0, 0],
	[0, 0, 0, 0],
	[0, 0, 0, 0],
	[0, 0, 0, 0],
	[0, 0, 0, 0],
	[0, 0, 0, 0],
	[2.524933e+00, 0, 0, 0],
	[2.524933e+00, 0, 0, 0],
	[2.524933e+00, 0, 0, 0],
	[2.524933e+00, 0, 0, 0],
	[1.730436e+00, 0, 9.255955e+00, 9.426105e+00],
	[1.730436e+00, 0, 9.255955e+00, 9.426105e+00],
	[1.730436e+00, 0, 9.255955e+00, 9.426105e+00],
	[1.730436e+00, 0, 9.255955e+00, 9.426105e+00],
	[1.491004e+00, 0, 0, 9.378163e+00],
	[1.491004e+00, 0, 0, 9.378163e+00],
	[1.491004e+00, 0, 0, 9.378163e+00],
	[1.491004e+00, 0, 0, 9.378163e+00],
	[8.358676e-01, 2.046632e+00, 3.897034e+00, 3.784746e+00],
	[8.358676e-01, 2.046632e+00, 3.897034e+00, 3.784746e+00],
	[8.358676e-01, 2.046632e+00, 3.897034e+00, 3.784746e+00],
	[8.358676e-01, 2.046632e+00, 3.897034e+00, 3.784746e+00],
	[7.883388e-01, 1.657329e+00, 2.091737e+00, 1.489254e+00],
	[7.883388e-01, 1.657329e+00, 2.091737e+00, 1.489254e+00],
	[7.883388e-01, 1.657329e+00, 2.091737e+00, 1.489254e+00],
	[7.883388e-01, 1.657329e+00, 2.091737e+00, 1.489254e+00],
	[8.937999e-01, 1.401746e+00, 2.398144e+00, 1.508354e+00],
	[8.937999e-01, 1.401746e+00, 2.398144e+00, 1.508354e+00],
	[8.937999e-01, 1.401746e+00, 2.398144e+00, 1.508354e+00],
	[8.937999e-01, 1.401746e+00, 2.398144e+00, 1.508354e+00],
	[7.428659e-01, 1.294031e+00, 0, 1.452234e+00],
	[7.428659e-01, 1.294031e+00, 0, 1.452234e+00],
	[7.428659e-01, 1.294031e+00, 0, 1.452234e+00],
	[7.428659e-01, 1.294031e+00, 0, 1.452234e+00],
	[6.549534e-01, 1.246580e+00, 2.130819e+00, 1.802584e+00],
	[6.549534e-01, 1.246580e+00, 2.130819e+00, 1.802584e+00],
	[6.549534e-01, 1.246580e+00, 2.130819e+00, 1.802584e+00],
	[6.549534e-01, 1.246580e+00, 2.130819e+00, 1.802584e+00],
	[0, 1.884953e+00, 0, 4.600862e+00],
	[0, 1.884953e+00, 0, 4.600862e+00],
	[0, 1.884953e+00, 0, 4.600862e+00],
	[0, 1.884953e+00, 0, 4.600862e+00],
	[0, 0, 3.403998e+00, 0],
	[0, 0, 3.403998e+00, 0],
	[0, 0, 3.403998e+00, 0],
	[0, 0, 3.403998e+00, 0],
	[0, 0, 1.797419e+00, 0],
	[0, 0, 1.797419e+00, 0],
	[0, 0, 1.797419e+00, 0],
	[0, 0, 1.797419e+00, 0],
	[0, 0, 3.585409e+00, 0],
	[0, 0, 3.585409e+00, 0],
	[0, 0, 3.585409e+00, 0],
	[0, 0, 3.585409e+00, 0],
	[0, 0, 8.852624e+00, 0],
	[0, 0, 8.852624e+00, 0],
	[0, 0, 8.852624e+00, 0],
	[0, 0, 8.852624e+00, 0],
	[0, 0, 0, 0],
	[0, 0, 0, 0],
	[0, 0, 0, 0],
	[0, 0, 0, 0],
	[0, 0, 0, 0],
	[0, 0, 0, 0],
	[0, 0, 0, 0],
	[0, 0, 0, 0],
	[0, 0, 0, 0],
	[0, 0, 0, 0],
	[0, 0, 0, 0],
	[0, 0, 0, 0] ]
undercost [
	[0, 0, 0, 0],
	[0, 0, 0, 0],
	[0, 0, 0, 0],
	[0, 0, 0, 0],
	[0, 0, 0, 0],
	[0, 0, 0, 0],
	[0, 0, 0, 0],
	[0, 0, 0, 0],
	[0, 0, 0, 0],
	[0, 0, 0, 0],
	[0, 0, 0, 0],
	[0, 0, 0, 0],
	[0, 0, 0, 0],
	[0, 0, 0, 0],
	[0, 0, 0, 0],
	[0, 0, 0, 0],
	[0, 0, 0, 0],
	[0, 0, 0, 0],
	[0, 0, 0, 0],
	[0, 0, 0, 0],
	[0, 0, 0, 0],
	[0, 0, 0, 0],
	[0, 0, 0, 0],
	[0, 0, 0, 0],
	[0, 0, 0, 0],
	[0, 0, 0, 0],
	[0, 0, 0, 0],
	[0, 0, 0, 0],
	[0, 0, 0, 0],
	[0, 0, 0, 0],
	[0, 0, 0, 0],
	[0, 0, 0, 0],
	[1.000000e+06, 0, 0, 0],
	[1.000000e+06, 0, 0, 0],
	[1.000000e+06, 0, 0, 0],
	[1.000000e+06, 0, 0, 0],
	[1.852156e+00, 0, 1.000000e+06, 1.000000e+06],
	[1.852156e+00, 0, 1.000000e+06, 1.000000e+06],
	[1.852156e+00, 0, 1.000000e+06, 1.000000e+06],
	[1.852156e+00, 0, 1.000000e+06, 1.000000e+06],
	[1.373935e+00, 0, 0, 1.000000e+06],
	[1.373935e+00, 0, 0, 1.000000e+06],
	[1.373935e+00, 0, 0, 1.000000e+06],
	[1.373935e+00, 0, 0, 1.000000e+06],
	[1.466688e+00, 1.000000e+06, 1.000000e+06, 1.000000e+06],
	[1.466688e+00, 1.000000e+06, 1.000000e+06, 1.000000e+06],
	[1.466688e+00, 1.000000e+06, 1.000000e+06, 1.000000e+06],
	[1.466688e+00, 1.000000e+06, 1.000000e+06, 1.000000e+06],
	[1.348189e+00, 1.000000e+06, 1.000000e+06, 1.000000e+06],
	[1.348189e+00, 1.000000e+06, 1.000000e+06, 1.000000e+06],
	[1.348189e+00, 1.000000e+06, 1.000000e+06, 1.000000e+06],
	[1.348189e+00, 1.000000e+06, 1.000000e+06, 1.000000e+06],
	[1.074748e+00, 1.000000e+06, 1.000000e+06, 1.000000e+06],
	[1.074748e+00, 1.000000e+06, 1.000000e+06, 1.000000e+06],
	[1.074748e+00, 1.000000e+06, 1.000000e+06, 1.000000e+06],
	[1.074748e+00, 1.000000e+06, 1.000000e+06, 1.000000e+06],
	[1.253360e+00, 1.000000e+06, 0, 1.000000e+06],
	[1.253360e+00, 1.000000e+06, 0, 1.000000e+06],
	[1.253360e+00, 1.000000e+06, 0, 1.000000e+06],
	[1.253360e+00, 1.000000e+06, 0, 1.000000e+06],
	[1.359031e+00, 1.000000e+06, 1.000000e+06, 1.000000e+06],
	[1.359031e+00, 1.000000e+06, 1.000000e+06, 1.000000e+06],
	[1.359031e+00, 1.000000e+06, 1.000000e+06, 1.000000e+06],
	[1.359031e+00, 1.000000e+06, 1.000000e+06, 1.000000e+06],
	[0, 1.000000e+06, 0, 1.000000e+06],
	[0, 1.000000e+06, 0, 1.000000e+06],
	[0, 1.000000e+06, 0, 1.000000e+06],
	[0, 1.000000e+06, 0, 1.000000e+06],
	[0, 0, 1.000000e+06, 0],
	[0, 0, 1.000000e+06, 0],
	[0, 0, 1.000000e+06, 0],
	[0, 0, 1.000000e+06, 0],
	[0, 0, 1.000000e+06, 0],
	[0, 0, 1.000000e+06, 0],
	[0, 0, 1.000000e+06, 0],
	[0, 0, 1.000000e+06, 0],
	[0, 0, 1.000000e+06, 0],
	[0, 0, 1.000000e+06, 0],
	[0, 0, 1.000000e+06, 0],
	[0, 0, 1.000000e+06, 0],
	[0, 0, 1.000000e+06, 0],
	[0, 0, 1.000000e+06, 0],
	[0, 0, 1.000000e+06, 0],
	[0, 0, 1.000000e+06, 0],
	[0, 0, 0, 0],
	[0, 0, 0, 0],
	[0, 0, 0, 0],
	[0, 0, 0, 0],
	[0, 0, 0, 0],
	[0, 0, 0, 0],
	[0, 0, 0, 0],
	[0, 0, 0, 0],
	[0, 0, 0, 0],
	[0, 0, 0, 0],
	[0, 0, 0, 0],
	[0, 0, 0, 0] ]
