139 281 494 780 1736 2026 2744 4166 4207
SHOE
ACT	9
SHIFT	96
demand [
	[0, 0, 0, 0, 0, 0, 0, 0, 0],
	[0, 0, 0, 0, 0, 0, 0, 0, 0],
	[0, 0, 0, 0, 0, 0, 0, 0, 0],
	[0, 0, 0, 0, 0, 0, 0, 0, 0],
	[0, 0, 0, 0, 0, 0, 0, 0, 0],
	[0, 0, 0, 0, 0, 0, 0, 0, 0],
	[0, 0, 0, 0, 0, 0, 0, 0, 0],
	[0, 0, 0, 0, 0, 0, 0, 0, 0],
	[0, 0, 0, 0, 0, 0, 0, 0, 0],
	[0, 0, 0, 0, 0, 0, 0, 0, 0],
	[0, 0, 0, 0, 0, 0, 0, 0, 0],
	[0, 0, 0, 0, 0, 0, 0, 0, 0],
	[0, 0, 0, 0, 0, 0, 0, 0, 0],
	[0, 0, 0, 0, 0, 0, 0, 0, 0],
	[0, 0, 0, 0, 0, 0, 0, 0, 0],
	[0, 0, 0, 0, 0, 0, 0, 0, 0],
	[0, 0, 0, 0, 0, 0, 0, 0, 0],
	[0, 0, 0, 0, 0, 0, 0, 0, 0],
	[0, 0, 0, 0, 0, 0, 0, 0, 0],
	[0, 0, 0, 0, 0, 0, 0, 0, 0],
	[0, 0, 0, 0, 0, 0, 0, 0, 0],
	[0, 0, 0, 0, 0, 0, 0, 0, 0],
	[0, 0, 0, 0, 0, 0, 0, 0, 0],
	[0, 0, 0, 0, 0, 0, 0, 0, 0],
	[0, 0, 0, 0, 0, 0, 0, 0, 0],
	[0, 0, 0, 0, 0, 0, 0, 0, 0],
	[0, 0, 0, 0, 0, 0, 0, 0, 0],
	[0, 0, 0, 0, 0, 0, 0, 0, 0],
	[0, 0, 0, 0, 0, 0, 0, 0, 0],
	[0, 0, 0, 0, 0, 0, 0, 0, 0],
	[0, 0, 0, 0, 0, 0, 0, 0, 0],
	[0, 0, 0, 0, 0, 0, 0, 0, 0],
	[0, 0, 0, 1.00, 0, 0, 0, 0, 0],
	[0, 0, 0, 1.00, 0, 0, 0, 0, 0],
	[0, 0, 0, 1.00, 0, 0, 0, 0, 0],
	[0, 0, 0, 1.00, 0, 0, 0, 0, 0],
	[0, 0, 1.00, 0, 1.00, 0, 0, 1.00, 1.00],
	[0, 0, 1.00, 0, 1.00, 0, 0, 1.00, 1.00],
	[0, 0, 1.00, 0, 1.00, 0, 0, 1.00, 1.00],
	[0, 0, 1.00, 0, 1.00, 0, 0, 1.00, 1.00],
	[1.00, 1.00, 1.00, 1.00, 0, 1.00, 0, 1.00, 1.00],
	[1.00, 1.00, 1.00, 1.00, 0, 1.00, 0, 1.00, 1.00],
	[1.00, 1.00, 1.00, 1.00, 0, 1.00, 0, 1.00, 1.00],
	[1.00, 1.00, 1.00, 1.00, 0, 1.00, 0, 1.00, 1.00],
	[1.00, 1.25, 1.75, 0, 0, 1.00, 2.75, 0, 0],
	[1.00, 1.25, 1.75, 0, 0, 1.00, 2.75, 0, 0],
	[1.00, 1.25, 1.75, 0, 0, 1.00, 2.75, 0, 0],
	[1.00, 1.25, 1.75, 0, 0, 1.00, 2.75, 0, 0],
	[1.00, 1.75, 2.00, 1.00, 1.00, 1.00, 3.25, 1.25, 1.00],
	[1.00, 1.75, 2.00, 1.00, 1.00, 1.00, 3.25, 1.25, 1.00],
	[1.00, 1.75, 2.00, 1.00, 1.00, 1.00, 3.25, 1.25, 1.00],
	[1.00, 1.75, 2.00, 1.00, 1.00, 1.00, 3.25, 1.25, 1.00],
	[1.00, 1.75, 2.25, 1.00, 1.00, 1.00, 3.25, 1.50, 1.00],
	[1.00, 1.75, 2.25, 1.00, 1.00, 1.00, 3.25, 1.50, 1.00],
	[1.00, 1.75, 2.25, 1.00, 1.00, 1.00, 3.25, 1.50, 1.00],
	[1.00, 1.75, 2.25, 1.00, 1.00, 1.00, 3.25, 1.50, 1.00],
	[1.00, 2.00, 2.25, 1.00, 1.00, 1.00, 3.50, 1.50, 1.00],
	[1.00, 2.00, 2.25, 1.00, 1.00, 1.00, 3.50, 1.50, 1.00],
	[1.00, 2.00, 2.25, 1.00, 1.00, 1.00, 3.50, 1.50, 1.00],
	[1.00, 2.00, 2.25, 1.00, 1.00, 1.00, 3.50, 1.50, 1.00],
	[1.00, 1.75, 2.25, 1.00, 1.00, 1.00, 3.25, 1.25, 1.00],
	[1.00, 1.75, 2.25, 1.00, 1.00, 1.00, 3.25, 1.25, 1.00],
	[1.00, 1.75, 2.25, 1.00, 1.00, 1.00, 3.25, 1.25, 1.00],
	[1.00, 1.75, 2.25, 1.00, 1.00, 1.00, 3.25, 1.25, 1.00],
	[1.00, 1.25, 1.75, 1.00, 1.00, 1.00, 2.75, 1.00, 1.00],
	[1.00, 1.25, 1.75, 1.00, 1.00, 1.00, 2.75, 1.00, 1.00],
	[1.00, 1.25, 1.75, 1.00, 1.00, 1.00, 2.75, 1.00, 1.00],
	[1.00, 1.25, 1.75, 1.00, 1.00, 1.00, 2.75, 1.00, 1.00],
	[0, 1.50, 0, 1.00, 1.00, 1.00, 0, 1.00, 1.00],
	[0, 1.50, 0, 1.00, 1.00, 1.00, 0, 1.00, 1.00],
	[0, 1.50, 0, 1.00, 1.00, 1.00, 0, 1.00, 1.00],
	[0, 1.50, 0, 1.00, 1.00, 1.00, 0, 1.00, 1.00],
	[0, 1.75, 0, 1.00, 1.00, 1.00, 0, 1.25, 1.00],
	[0, 1.75, 0, 1.00, 1.00, 1.00, 0, 1.25, 1.00],
	[0, 1.75, 0, 1.00, 1.00, 1.00, 0, 1.25, 1.00],
	[0, 1.75, 0, 1.00, 1.00, 1.00, 0, 1.25, 1.00],
	[0, 1.50, 0, 1.00, 1.00, 1.00, 0, 1.00, 1.00],
	[0, 1.50, 0, 1.00, 1.00, 1.00, 0, 1.00, 1.00],
	[0, 1.50, 0, 1.00, 1.00, 1.00, 0, 1.00, 1.00],
	[0, 1.50, 0, 1.00, 1.00, 1.00, 0, 1.00, 1.00],
	[0, 0, 0, 1.00, 0, 0, 0, 1.00, 0],
	[0, 0, 0, 1.00, 0, 0, 0, 1.00, 0],
	[0, 0, 0, 1.00, 0, 0, 0, 1.00, 0],
	[0, 0, 0, 1.00, 0, 0, 0, 1.00, 0],
	[0, 0, 0, 0, 0, 0, 0, 0, 0],
	[0, 0, 0, 0, 0, 0, 0, 0, 0],
	[0, 0, 0, 0, 0, 0, 0, 0, 0],
	[0, 0, 0, 0, 0, 0, 0, 0, 0],
	[0, 0, 0, 0, 0, 0, 0, 0, 0],
	[0, 0, 0, 0, 0, 0, 0, 0, 0],
	[0, 0, 0, 0, 0, 0, 0, 0, 0],
	[0, 0, 0, 0, 0, 0, 0, 0, 0],
	[0, 0, 0, 0, 0, 0, 0, 0, 0],
	[0, 0, 0, 0, 0, 0, 0, 0, 0],
	[0, 0, 0, 0, 0, 0, 0, 0, 0],
	[0, 0, 0, 0, 0, 0, 0, 0, 0] ]
overcost [
	[0, 0, 0, 0, 0, 0, 0, 0, 0],
	[0, 0, 0, 0, 0, 0, 0, 0, 0],
	[0, 0, 0, 0, 0, 0, 0, 0, 0],
	[0, 0, 0, 0, 0, 0, 0, 0, 0],
	[0, 0, 0, 0, 0, 0, 0, 0, 0],
	[0, 0, 0, 0, 0, 0, 0, 0, 0],
	[0, 0, 0, 0, 0, 0, 0, 0, 0],
	[0, 0, 0, 0, 0, 0, 0, 0, 0],
	[0, 0, 0, 0, 0, 0, 0, 0, 0],
	[0, 0, 0, 0, 0, 0, 0, 0, 0],
	[0, 0, 0, 0, 0, 0, 0, 0, 0],
	[0, 0, 0, 0, 0, 0, 0, 0, 0],
	[0, 0, 0, 0, 0, 0, 0, 0, 0],
	[0, 0, 0, 0, 0, 0, 0, 0, 0],
	[0, 0, 0, 0, 0, 0, 0, 0, 0],
	[0, 0, 0, 0, 0, 0, 0, 0, 0],
	[0, 0, 0, 0, 0, 0, 0, 0, 0],
	[0, 0, 0, 0, 0, 0, 0, 0, 0],
	[0, 0, 0, 0, 0, 0, 0, 0, 0],
	[0, 0, 0, 0, 0, 0, 0, 0, 0],
	[0, 0, 0, 0, 0, 0, 0, 0, 0],
	[0, 0, 0, 0, 0, 0, 0, 0, 0],
	[0, 0, 0, 0, 0, 0, 0, 0, 0],
	[0, 0, 0, 0, 0, 0, 0, 0, 0],
	[0, 0, 0, 0, 0, 0, 0, 0, 0],
	[0, 0, 0, 0, 0, 0, 0, 0, 0],
	[0, 0, 0, 0, 0, 0, 0, 0, 0],
	[0, 0, 0, 0, 0, 0, 0, 0, 0],
	[0, 0, 0, 0, 0, 0, 0, 0, 0],
	[0, 0, 0, 0, 0, 0, 0, 0, 0],
	[0, 0, 0, 0, 0, 0, 0, 0, 0],
	[0, 0, 0, 0, 0, 0, 0, 0, 0],
	[0, 0, 0, 8.986262e+00, 0, 0, 0, 0, 0],
	[0, 0, 0, 8.986262e+00, 0, 0, 0, 0, 0],
	[0, 0, 0, 8.986262e+00, 0, 0, 0, 0, 0],
	[0, 0, 0, 8.986262e+00, 0, 0, 0, 0, 0],
	[0, 0, 5.213303e+00, 0, 6.184057e+00, 0, 0, 8.980839e+00, 9.037494e+00],
	[0, 0, 5.213303e+00, 0, 6.184057e+00, 0, 0, 8.980839e+00, 9.037494e+00],
	[0, 0, 5.213303e+00, 0, 6.184057e+00, 0, 0, 8.980839e+00, 9.037494e+00],
	[0, 0, 5.213303e+00, 0, 6.184057e+00, 0, 0, 8.980839e+00, 9.037494e+00],
	[7.182671e+00, 5.574228e+00, 2.586230e+00, 6.401263e+00, 0, 7.519555e+00, 0, 8.322118e+00, 9.011578e+00],
	[7.182671e+00, 5.574228e+00, 2.586230e+00, 6.401263e+00, 0, 7.519555e+00, 0, 8.322118e+00, 9.011578e+00],
	[7.182671e+00, 5.574228e+00, 2.586230e+00, 6.401263e+00, 0, 7.519555e+00, 0, 8.322118e+00, 9.011578e+00],
	[7.182671e+00, 5.574228e+00, 2.586230e+00, 6.401263e+00, 0, 7.519555e+00, 0, 8.322118e+00, 9.011578e+00],
	[5.467313e+00, 1.840115e+00, 1.672149e+00, 0, 0, 5.707025e+00, 1.312709e+00, 0, 0],
	[5.467313e+00, 1.840115e+00, 1.672149e+00, 0, 0, 5.707025e+00, 1.312709e+00, 0, 0],
	[5.467313e+00, 1.840115e+00, 1.672149e+00, 0, 0, 5.707025e+00, 1.312709e+00, 0, 0],
	[5.467313e+00, 1.840115e+00, 1.672149e+00, 0, 0, 5.707025e+00, 1.312709e+00, 0, 0],
	[4.754901e+00, 1.632921e+00, 1.307057e+00, 2.377170e+00, 2.241131e+00, 5.113021e+00, 1.217346e+00, 1.898249e+00, 3.963787e+00],
	[4.754901e+00, 1.632921e+00, 1.307057e+00, 2.377170e+00, 2.241131e+00, 5.113021e+00, 1.217346e+00, 1.898249e+00, 3.963787e+00],
	[4.754901e+00, 1.632921e+00, 1.307057e+00, 2.377170e+00, 2.241131e+00, 5.113021e+00, 1.217346e+00, 1.898249e+00, 3.963787e+00],
	[4.754901e+00, 1.632921e+00, 1.307057e+00, 2.377170e+00, 2.241131e+00, 5.113021e+00, 1.217346e+00, 1.898249e+00, 3.963787e+00],
	[4.496085e+00, 1.112505e+00, 1.519563e+00, 1.956756e+00, 1.922481e+00, 4.838001e+00, 7.455117e-01, 2.045153e+00, 3.298731e+00],
	[4.496085e+00, 1.112505e+00, 1.519563e+00, 1.956756e+00, 1.922481e+00, 4.838001e+00, 7.455117e-01, 2.045153e+00, 3.298731e+00],
	[4.496085e+00, 1.112505e+00, 1.519563e+00, 1.956756e+00, 1.922481e+00, 4.838001e+00, 7.455117e-01, 2.045153e+00, 3.298731e+00],
	[4.496085e+00, 1.112505e+00, 1.519563e+00, 1.956756e+00, 1.922481e+00, 4.838001e+00, 7.455117e-01, 2.045153e+00, 3.298731e+00],
	[4.445369e+00, 1.649825e+00, 1.408034e+00, 1.892071e+00, 1.842013e+00, 4.794161e+00, 1.103192e+00, 1.985410e+00, 3.257721e+00],
	[4.445369e+00, 1.649825e+00, 1.408034e+00, 1.892071e+00, 1.842013e+00, 4.794161e+00, 1.103192e+00, 1.985410e+00, 3.257721e+00],
	[4.445369e+00, 1.649825e+00, 1.408034e+00, 1.892071e+00, 1.842013e+00, 4.794161e+00, 1.103192e+00, 1.985410e+00, 3.257721e+00],
	[4.445369e+00, 1.649825e+00, 1.408034e+00, 1.892071e+00, 1.842013e+00, 4.794161e+00, 1.103192e+00, 1.985410e+00, 3.257721e+00],
	[4.676398e+00, 1.552707e+00, 1.637716e+00, 2.288003e+00, 1.957679e+00, 4.947314e+00, 8.894624e-01, 1.971892e+00, 4.352228e+00],
	[4.676398e+00, 1.552707e+00, 1.637716e+00, 2.288003e+00, 1.957679e+00, 4.947314e+00, 8.894624e-01, 1.971892e+00, 4.352228e+00],
	[4.676398e+00, 1.552707e+00, 1.637716e+00, 2.288003e+00, 1.957679e+00, 4.947314e+00, 8.894624e-01, 1.971892e+00, 4.352228e+00],
	[4.676398e+00, 1.552707e+00, 1.637716e+00, 2.288003e+00, 1.957679e+00, 4.947314e+00, 8.894624e-01, 1.971892e+00, 4.352228e+00],
	[5.536339e+00, 2.060752e+00, 1.662089e+00, 3.700179e+00, 2.866791e+00, 5.765853e+00, 1.354143e+00, 3.527037e+00, 7.367387e+00],
	[5.536339e+00, 2.060752e+00, 1.662089e+00, 3.700179e+00, 2.866791e+00, 5.765853e+00, 1.354143e+00, 3.527037e+00, 7.367387e+00],
	[5.536339e+00, 2.060752e+00, 1.662089e+00, 3.700179e+00, 2.866791e+00, 5.765853e+00, 1.354143e+00, 3.527037e+00, 7.367387e+00],
	[5.536339e+00, 2.060752e+00, 1.662089e+00, 3.700179e+00, 2.866791e+00, 5.765853e+00, 1.354143e+00, 3.527037e+00, 7.367387e+00],
	[0, 2.006858e+00, 0, 3.112734e+00, 2.440515e+00, 5.376508e+00, 0, 2.560497e+00, 6.181767e+00],
	[0, 2.006858e+00, 0, 3.112734e+00, 2.440515e+00, 5.376508e+00, 0, 2.560497e+00, 6.181767e+00],
	[0, 2.006858e+00, 0, 3.112734e+00, 2.440515e+00, 5.376508e+00, 0, 2.560497e+00, 6.181767e+00],
	[0, 2.006858e+00, 0, 3.112734e+00, 2.440515e+00, 5.376508e+00, 0, 2.560497e+00, 6.181767e+00],
	[0, 1.146892e+00, 0, 1.891559e+00, 1.563381e+00, 4.586174e+00, 0, 1.507852e+00, 3.985940e+00],
	[0, 1.146892e+00, 0, 1.891559e+00, 1.563381e+00, 4.586174e+00, 0, 1.507852e+00, 3.985940e+00],
	[0, 1.146892e+00, 0, 1.891559e+00, 1.563381e+00, 4.586174e+00, 0, 1.507852e+00, 3.985940e+00],
	[0, 1.146892e+00, 0, 1.891559e+00, 1.563381e+00, 4.586174e+00, 0, 1.507852e+00, 3.985940e+00],
	[0, 1.846365e+00, 0, 2.838777e+00, 1.788741e+00, 4.861331e+00, 0, 2.638658e+00, 7.157496e+00],
	[0, 1.846365e+00, 0, 2.838777e+00, 1.788741e+00, 4.861331e+00, 0, 2.638658e+00, 7.157496e+00],
	[0, 1.846365e+00, 0, 2.838777e+00, 1.788741e+00, 4.861331e+00, 0, 2.638658e+00, 7.157496e+00],
	[0, 1.846365e+00, 0, 2.838777e+00, 1.788741e+00, 4.861331e+00, 0, 2.638658e+00, 7.157496e+00],
	[0, 0, 0, 8.472196e+00, 0, 0, 0, 8.370594e+00, 0],
	[0, 0, 0, 8.472196e+00, 0, 0, 0, 8.370594e+00, 0],
	[0, 0, 0, 8.472196e+00, 0, 0, 0, 8.370594e+00, 0],
	[0, 0, 0, 8.472196e+00, 0, 0, 0, 8.370594e+00, 0],
	[0, 0, 0, 0, 0, 0, 0, 0, 0],
	[0, 0, 0, 0, 0, 0, 0, 0, 0],
	[0, 0, 0, 0, 0, 0, 0, 0, 0],
	[0, 0, 0, 0, 0, 0, 0, 0, 0],
	[0, 0, 0, 0, 0, 0, 0, 0, 0],
	[0, 0, 0, 0, 0, 0, 0, 0, 0],
	[0, 0, 0, 0, 0, 0, 0, 0, 0],
	[0, 0, 0, 0, 0, 0, 0, 0, 0],
	[0, 0, 0, 0, 0, 0, 0, 0, 0],
	[0, 0, 0, 0, 0, 0, 0, 0, 0],
	[0, 0, 0, 0, 0, 0, 0, 0, 0],
	[0, 0, 0, 0, 0, 0, 0, 0, 0] ]
undercost [
	[0, 0, 0, 0, 0, 0, 0, 0, 0],
	[0, 0, 0, 0, 0, 0, 0, 0, 0],
	[0, 0, 0, 0, 0, 0, 0, 0, 0],
	[0, 0, 0, 0, 0, 0, 0, 0, 0],
	[0, 0, 0, 0, 0, 0, 0, 0, 0],
	[0, 0, 0, 0, 0, 0, 0, 0, 0],
	[0, 0, 0, 0, 0, 0, 0, 0, 0],
	[0, 0, 0, 0, 0, 0, 0, 0, 0],
	[0, 0, 0, 0, 0, 0, 0, 0, 0],
	[0, 0, 0, 0, 0, 0, 0, 0, 0],
	[0, 0, 0, 0, 0, 0, 0, 0, 0],
	[0, 0, 0, 0, 0, 0, 0, 0, 0],
	[0, 0, 0, 0, 0, 0, 0, 0, 0],
	[0, 0, 0, 0, 0, 0, 0, 0, 0],
	[0, 0, 0, 0, 0, 0, 0, 0, 0],
	[0, 0, 0, 0, 0, 0, 0, 0, 0],
	[0, 0, 0, 0, 0, 0, 0, 0, 0],
	[0, 0, 0, 0, 0, 0, 0, 0, 0],
	[0, 0, 0, 0, 0, 0, 0, 0, 0],
	[0, 0, 0, 0, 0, 0, 0, 0, 0],
	[0, 0, 0, 0, 0, 0, 0, 0, 0],
	[0, 0, 0, 0, 0, 0, 0, 0, 0],
	[0, 0, 0, 0, 0, 0, 0, 0, 0],
	[0, 0, 0, 0, 0, 0, 0, 0, 0],
	[0, 0, 0, 0, 0, 0, 0, 0, 0],
	[0, 0, 0, 0, 0, 0, 0, 0, 0],
	[0, 0, 0, 0, 0, 0, 0, 0, 0],
	[0, 0, 0, 0, 0, 0, 0, 0, 0],
	[0, 0, 0, 0, 0, 0, 0, 0, 0],
	[0, 0, 0, 0, 0, 0, 0, 0, 0],
	[0, 0, 0, 0, 0, 0, 0, 0, 0],
	[0, 0, 0, 0, 0, 0, 0, 0, 0],
	[0, 0, 0, 1.000000e+06, 0, 0, 0, 0, 0],
	[0, 0, 0, 1.000000e+06, 0, 0, 0, 0, 0],
	[0, 0, 0, 1.000000e+06, 0, 0, 0, 0, 0],
	[0, 0, 0, 1.000000e+06, 0, 0, 0, 0, 0],
	[0, 0, 1.000000e+06, 0, 1.000000e+06, 0, 0, 1.000000e+06, 1.000000e+06],
	[0, 0, 1.000000e+06, 0, 1.000000e+06, 0, 0, 1.000000e+06, 1.000000e+06],
	[0, 0, 1.000000e+06, 0, 1.000000e+06, 0, 0, 1.000000e+06, 1.000000e+06],
	[0, 0, 1.000000e+06, 0, 1.000000e+06, 0, 0, 1.000000e+06, 1.000000e+06],
	[1.000000e+06, 1.000000e+06, 1.000000e+06, 1.000000e+06, 0, 1.000000e+06, 0, 1.000000e+06, 1.000000e+06],
	[1.000000e+06, 1.000000e+06, 1.000000e+06, 1.000000e+06, 0, 1.000000e+06, 0, 1.000000e+06, 1.000000e+06],
	[1.000000e+06, 1.000000e+06, 1.000000e+06, 1.000000e+06, 0, 1.000000e+06, 0, 1.000000e+06, 1.000000e+06],
	[1.000000e+06, 1.000000e+06, 1.000000e+06, 1.000000e+06, 0, 1.000000e+06, 0, 1.000000e+06, 1.000000e+06],
	[1.000000e+06, 1.000000e+06, 1.000000e+06, 0, 0, 1.000000e+06, 1.548339e+00, 0, 0],
	[1.000000e+06, 1.000000e+06, 1.000000e+06, 0, 0, 1.000000e+06, 1.548339e+00, 0, 0],
	[1.000000e+06, 1.000000e+06, 1.000000e+06, 0, 0, 1.000000e+06, 1.548339e+00, 0, 0],
	[1.000000e+06, 1.000000e+06, 1.000000e+06, 0, 0, 1.000000e+06, 1.548339e+00, 0, 0],
	[1.000000e+06, 1.000000e+06, 3.041205e+00, 1.000000e+06, 1.000000e+06, 1.000000e+06, 1.151478e+00, 1.000000e+06, 1.000000e+06],
	[1.000000e+06, 1.000000e+06, 3.041205e+00, 1.000000e+06, 1.000000e+06, 1.000000e+06, 1.151478e+00, 1.000000e+06, 1.000000e+06],
	[1.000000e+06, 1.000000e+06, 3.041205e+00, 1.000000e+06, 1.000000e+06, 1.000000e+06, 1.151478e+00, 1.000000e+06, 1.000000e+06],
	[1.000000e+06, 1.000000e+06, 3.041205e+00, 1.000000e+06, 1.000000e+06, 1.000000e+06, 1.151478e+00, 1.000000e+06, 1.000000e+06],
	[1.000000e+06, 1.000000e+06, 2.134728e+00, 1.000000e+06, 1.000000e+06, 1.000000e+06, 1.731539e+00, 1.000000e+06, 1.000000e+06],
	[1.000000e+06, 1.000000e+06, 2.134728e+00, 1.000000e+06, 1.000000e+06, 1.000000e+06, 1.731539e+00, 1.000000e+06, 1.000000e+06],
	[1.000000e+06, 1.000000e+06, 2.134728e+00, 1.000000e+06, 1.000000e+06, 1.000000e+06, 1.731539e+00, 1.000000e+06, 1.000000e+06],
	[1.000000e+06, 1.000000e+06, 2.134728e+00, 1.000000e+06, 1.000000e+06, 1.000000e+06, 1.731539e+00, 1.000000e+06, 1.000000e+06],
	[1.000000e+06, 1.938539e+00, 2.286368e+00, 1.000000e+06, 1.000000e+06, 1.000000e+06, 1.097098e+00, 1.000000e+06, 1.000000e+06],
	[1.000000e+06, 1.938539e+00, 2.286368e+00, 1.000000e+06, 1.000000e+06, 1.000000e+06, 1.097098e+00, 1.000000e+06, 1.000000e+06],
	[1.000000e+06, 1.938539e+00, 2.286368e+00, 1.000000e+06, 1.000000e+06, 1.000000e+06, 1.097098e+00, 1.000000e+06, 1.000000e+06],
	[1.000000e+06, 1.938539e+00, 2.286368e+00, 1.000000e+06, 1.000000e+06, 1.000000e+06, 1.097098e+00, 1.000000e+06, 1.000000e+06],
	[1.000000e+06, 1.000000e+06, 1.981055e+00, 1.000000e+06, 1.000000e+06, 1.000000e+06, 1.557778e+00, 1.000000e+06, 1.000000e+06],
	[1.000000e+06, 1.000000e+06, 1.981055e+00, 1.000000e+06, 1.000000e+06, 1.000000e+06, 1.557778e+00, 1.000000e+06, 1.000000e+06],
	[1.000000e+06, 1.000000e+06, 1.981055e+00, 1.000000e+06, 1.000000e+06, 1.000000e+06, 1.557778e+00, 1.000000e+06, 1.000000e+06],
	[1.000000e+06, 1.000000e+06, 1.981055e+00, 1.000000e+06, 1.000000e+06, 1.000000e+06, 1.557778e+00, 1.000000e+06, 1.000000e+06],
	[1.000000e+06, 1.000000e+06, 1.000000e+06, 1.000000e+06, 1.000000e+06, 1.000000e+06, 1.496449e+00, 1.000000e+06, 1.000000e+06],
	[1.000000e+06, 1.000000e+06, 1.000000e+06, 1.000000e+06, 1.000000e+06, 1.000000e+06, 1.496449e+00, 1.000000e+06, 1.000000e+06],
	[1.000000e+06, 1.000000e+06, 1.000000e+06, 1.000000e+06, 1.000000e+06, 1.000000e+06, 1.496449e+00, 1.000000e+06, 1.000000e+06],
	[1.000000e+06, 1.000000e+06, 1.000000e+06, 1.000000e+06, 1.000000e+06, 1.000000e+06, 1.496449e+00, 1.000000e+06, 1.000000e+06],
	[0, 1.000000e+06, 0, 1.000000e+06, 1.000000e+06, 1.000000e+06, 0, 1.000000e+06, 1.000000e+06],
	[0, 1.000000e+06, 0, 1.000000e+06, 1.000000e+06, 1.000000e+06, 0, 1.000000e+06, 1.000000e+06],
	[0, 1.000000e+06, 0, 1.000000e+06, 1.000000e+06, 1.000000e+06, 0, 1.000000e+06, 1.000000e+06],
	[0, 1.000000e+06, 0, 1.000000e+06, 1.000000e+06, 1.000000e+06, 0, 1.000000e+06, 1.000000e+06],
	[0, 1.000000e+06, 0, 1.000000e+06, 1.000000e+06, 1.000000e+06, 0, 1.000000e+06, 1.000000e+06],
	[0, 1.000000e+06, 0, 1.000000e+06, 1.000000e+06, 1.000000e+06, 0, 1.000000e+06, 1.000000e+06],
	[0, 1.000000e+06, 0, 1.000000e+06, 1.000000e+06, 1.000000e+06, 0, 1.000000e+06, 1.000000e+06],
	[0, 1.000000e+06, 0, 1.000000e+06, 1.000000e+06, 1.000000e+06, 0, 1.000000e+06, 1.000000e+06],
	[0, 1.000000e+06, 0, 1.000000e+06, 1.000000e+06, 1.000000e+06, 0, 1.000000e+06, 1.000000e+06],
	[0, 1.000000e+06, 0, 1.000000e+06, 1.000000e+06, 1.000000e+06, 0, 1.000000e+06, 1.000000e+06],
	[0, 1.000000e+06, 0, 1.000000e+06, 1.000000e+06, 1.000000e+06, 0, 1.000000e+06, 1.000000e+06],
	[0, 1.000000e+06, 0, 1.000000e+06, 1.000000e+06, 1.000000e+06, 0, 1.000000e+06, 1.000000e+06],
	[0, 0, 0, 1.000000e+06, 0, 0, 0, 1.000000e+06, 0],
	[0, 0, 0, 1.000000e+06, 0, 0, 0, 1.000000e+06, 0],
	[0, 0, 0, 1.000000e+06, 0, 0, 0, 1.000000e+06, 0],
	[0, 0, 0, 1.000000e+06, 0, 0, 0, 1.000000e+06, 0],
	[0, 0, 0, 0, 0, 0, 0, 0, 0],
	[0, 0, 0, 0, 0, 0, 0, 0, 0],
	[0, 0, 0, 0, 0, 0, 0, 0, 0],
	[0, 0, 0, 0, 0, 0, 0, 0, 0],
	[0, 0, 0, 0, 0, 0, 0, 0, 0],
	[0, 0, 0, 0, 0, 0, 0, 0, 0],
	[0, 0, 0, 0, 0, 0, 0, 0, 0],
	[0, 0, 0, 0, 0, 0, 0, 0, 0],
	[0, 0, 0, 0, 0, 0, 0, 0, 0],
	[0, 0, 0, 0, 0, 0, 0, 0, 0],
	[0, 0, 0, 0, 0, 0, 0, 0, 0],
	[0, 0, 0, 0, 0, 0, 0, 0, 0] ]
