836 858 988 1196 1929 3277 3399 3561
SHOE
ACT	8
SHIFT	96
demand [
	[0, 0, 0, 0, 0, 0, 0, 0],
	[0, 0, 0, 0, 0, 0, 0, 0],
	[0, 0, 0, 0, 0, 0, 0, 0],
	[0, 0, 0, 0, 0, 0, 0, 0],
	[0, 0, 0, 0, 0, 0, 0, 0],
	[0, 0, 0, 0, 0, 0, 0, 0],
	[0, 0, 0, 0, 0, 0, 0, 0],
	[0, 0, 0, 0, 0, 0, 0, 0],
	[0, 0, 0, 0, 0, 0, 0, 0],
	[0, 0, 0, 0, 0, 0, 0, 0],
	[0, 0, 0, 0, 0, 0, 0, 0],
	[0, 0, 0, 0, 0, 0, 0, 0],
	[0, 0, 0, 0, 0, 0, 0, 0],
	[0, 0, 0, 0, 0, 0, 0, 0],
	[0, 0, 0, 0, 0, 0, 0, 0],
	[0, 0, 0, 0, 0, 0, 0, 0],
	[0, 0, 0, 0, 0, 0, 0, 0],
	[0, 0, 0, 0, 0, 0, 0, 0],
	[0, 0, 0, 0, 0, 0, 0, 0],
	[0, 0, 0, 0, 0, 0, 0, 0],
	[0, 0, 0, 0, 0, 0, 0, 0],
	[0, 0, 0, 0, 0, 0, 0, 0],
	[0, 0, 0, 0, 0, 0, 0, 0],
	[0, 0, 0, 0, 0, 0, 0, 0],
	[0, 0, 0, 0, 0, 0, 0, 0],
	[0, 0, 0, 0, 0, 0, 0, 0],
	[0, 0, 0, 0, 0, 0, 0, 0],
	[0, 0, 0, 0, 0, 0, 0, 0],
	[0, 0, 0, 0, 0, 0, 0, 0],
	[0, 0, 0, 0, 0, 0, 0, 0],
	[0, 0, 0, 0, 0, 0, 0, 0],
	[0, 0, 0, 0, 0, 0, 0, 0],
	[0, 0, 2.50, 0, 0, 0, 1.00, 0],
	[0, 0, 2.50, 0, 0, 0, 1.00, 0],
	[0, 0, 2.50, 0, 0, 0, 1.00, 0],
	[0, 0, 2.50, 0, 0, 0, 1.00, 0],
	[0, 1.00, 3.75, 0, 1.00, 1.00, 1.00, 1.00],
	[0, 1.00, 3.75, 0, 1.00, 1.00, 1.00, 1.00],
	[0, 1.00, 3.75, 0, 1.00, 1.00, 1.00, 1.00],
	[0, 1.00, 3.75, 0, 1.00, 1.00, 1.00, 1.00],
	[1.25, 1.00, 4.25, 0, 1.00, 2.75, 1.00, 1.00],
	[1.25, 1.00, 4.25, 0, 1.00, 2.75, 1.00, 1.00],
	[1.25, 1.00, 4.25, 0, 1.00, 2.75, 1.00, 1.00],
	[1.25, 1.00, 4.25, 0, 1.00, 2.75, 1.00, 1.00],
	[2.00, 1.75, 5.00, 2.25, 1.00, 6.00, 2.75, 1.00],
	[2.00, 1.75, 5.00, 2.25, 1.00, 6.00, 2.75, 1.00],
	[2.00, 1.75, 5.00, 2.25, 1.00, 6.00, 2.75, 1.00],
	[2.00, 1.75, 5.00, 2.25, 1.00, 6.00, 2.75, 1.00],
	[2.50, 2.00, 5.25, 2.50, 1.00, 7.50, 3.50, 1.00],
	[2.50, 2.00, 5.25, 2.50, 1.00, 7.50, 3.50, 1.00],
	[2.50, 2.00, 5.25, 2.50, 1.00, 7.50, 3.50, 1.00],
	[2.50, 2.00, 5.25, 2.50, 1.00, 7.50, 3.50, 1.00],
	[2.50, 2.00, 5.50, 2.75, 1.00, 8.25, 3.75, 1.00],
	[2.50, 2.00, 5.50, 2.75, 1.00, 8.25, 3.75, 1.00],
	[2.50, 2.00, 5.50, 2.75, 1.00, 8.25, 3.75, 1.00],
	[2.50, 2.00, 5.50, 2.75, 1.00, 8.25, 3.75, 1.00],
	[2.50, 2.00, 5.50, 2.75, 1.00, 8.25, 4.00, 1.00],
	[2.50, 2.00, 5.50, 2.75, 1.00, 8.25, 4.00, 1.00],
	[2.50, 2.00, 5.50, 2.75, 1.00, 8.25, 4.00, 1.00],
	[2.50, 2.00, 5.50, 2.75, 1.00, 8.25, 4.00, 1.00],
	[2.50, 2.00, 5.75, 2.75, 0, 7.75, 3.50, 1.00],
	[2.50, 2.00, 5.75, 2.75, 0, 7.75, 3.50, 1.00],
	[2.50, 2.00, 5.75, 2.75, 0, 7.75, 3.50, 1.00],
	[2.50, 2.00, 5.75, 2.75, 0, 7.75, 3.50, 1.00],
	[2.00, 1.75, 5.50, 2.25, 1.00, 5.75, 2.75, 1.00],
	[2.00, 1.75, 5.50, 2.25, 1.00, 5.75, 2.75, 1.00],
	[2.00, 1.75, 5.50, 2.25, 1.00, 5.75, 2.75, 1.00],
	[2.00, 1.75, 5.50, 2.25, 1.00, 5.75, 2.75, 1.00],
	[0, 0, 0, 2.50, 1.00, 6.50, 3.00, 1.00],
	[0, 0, 0, 2.50, 1.00, 6.50, 3.00, 1.00],
	[0, 0, 0, 2.50, 1.00, 6.50, 3.00, 1.00],
	[0, 0, 0, 2.50, 1.00, 6.50, 3.00, 1.00],
	[0, 0, 0, 0, 1.00, 8.25, 4.00, 1.00],
	[0, 0, 0, 0, 1.00, 8.25, 4.00, 1.00],
	[0, 0, 0, 0, 1.00, 8.25, 4.00, 1.00],
	[0, 0, 0, 0, 1.00, 8.25, 4.00, 1.00],
	[0, 0, 0, 0, 0, 6.75, 3.25, 0],
	[0, 0, 0, 0, 0, 6.75, 3.25, 0],
	[0, 0, 0, 0, 0, 6.75, 3.25, 0],
	[0, 0, 0, 0, 0, 6.75, 3.25, 0],
	[0, 0, 0, 0, 0, 0, 0, 0],
	[0, 0, 0, 0, 0, 0, 0, 0],
	[0, 0, 0, 0, 0, 0, 0, 0],
	[0, 0, 0, 0, 0, 0, 0, 0],
	[0, 0, 0, 0, 0, 0, 0, 0],
	[0, 0, 0, 0, 0, 0, 0, 0],
	[0, 0, 0, 0, 0, 0, 0, 0],
	[0, 0, 0, 0, 0, 0, 0, 0],
	[0, 0, 0, 0, 0, 0, 0, 0],
	[0, 0, 0, 0, 0, 0, 0, 0],
	[0, 0, 0, 0, 0, 0, 0, 0],
	[0, 0, 0, 0, 0, 0, 0, 0],
	[0, 0, 0, 0, 0, 0, 0, 0],
	[0, 0, 0, 0, 0, 0, 0, 0],
	[0, 0, 0, 0, 0, 0, 0, 0],
	[0, 0, 0, 0, 0, 0, 0, 0] ]
overcost [
	[0, 0, 0, 0, 0, 0, 0, 0],
	[0, 0, 0, 0, 0, 0, 0, 0],
	[0, 0, 0, 0, 0, 0, 0, 0],
	[0, 0, 0, 0, 0, 0, 0, 0],
	[0, 0, 0, 0, 0, 0, 0, 0],
	[0, 0, 0, 0, 0, 0, 0, 0],
	[0, 0, 0, 0, 0, 0, 0, 0],
	[0, 0, 0, 0, 0, 0, 0, 0],
	[0, 0, 0, 0, 0, 0, 0, 0],
	[0, 0, 0, 0, 0, 0, 0, 0],
	[0, 0, 0, 0, 0, 0, 0, 0],
	[0, 0, 0, 0, 0, 0, 0, 0],
	[0, 0, 0, 0, 0, 0, 0, 0],
	[0, 0, 0, 0, 0, 0, 0, 0],
	[0, 0, 0, 0, 0, 0, 0, 0],
	[0, 0, 0, 0, 0, 0, 0, 0],
	[0, 0, 0, 0, 0, 0, 0, 0],
	[0, 0, 0, 0, 0, 0, 0, 0],
	[0, 0, 0, 0, 0, 0, 0, 0],
	[0, 0, 0, 0, 0, 0, 0, 0],
	[0, 0, 0, 0, 0, 0, 0, 0],
	[0, 0, 0, 0, 0, 0, 0, 0],
	[0, 0, 0, 0, 0, 0, 0, 0],
	[0, 0, 0, 0, 0, 0, 0, 0],
	[0, 0, 0, 0, 0, 0, 0, 0],
	[0, 0, 0, 0, 0, 0, 0, 0],
	[0, 0, 0, 0, 0, 0, 0, 0],
	[0, 0, 0, 0, 0, 0, 0, 0],
	[0, 0, 0, 0, 0, 0, 0, 0],
	[0, 0, 0, 0, 0, 0, 0, 0],
	[0, 0, 0, 0, 0, 0, 0, 0],
	[0, 0, 0, 0, 0, 0, 0, 0],
	[0, 0, 1.449097e+00, 0, 0, 0, 8.277161e+00, 0],
	[0, 0, 1.449097e+00, 0, 0, 0, 8.277161e+00, 0],
	[0, 0, 1.449097e+00, 0, 0, 0, 8.277161e+00, 0],
	[0, 0, 1.449097e+00, 0, 0, 0, 8.277161e+00, 0],
	[0, 4.354794e+00, 1.151818e+00, 0, 7.480595e+00, 1.977738e+00, 6.203710e+00, 9.644610e+00],
	[0, 4.354794e+00, 1.151818e+00, 0, 7.480595e+00, 1.977738e+00, 6.203710e+00, 9.644610e+00],
	[0, 4.354794e+00, 1.151818e+00, 0, 7.480595e+00, 1.977738e+00, 6.203710e+00, 9.644610e+00],
	[0, 4.354794e+00, 1.151818e+00, 0, 7.480595e+00, 1.977738e+00, 6.203710e+00, 9.644610e+00],
	[1.876568e+00, 2.254742e+00, 1.075753e+00, 0, 5.744713e+00, 9.740137e-01, 1.505698e+00, 9.601525e+00],
	[1.876568e+00, 2.254742e+00, 1.075753e+00, 0, 5.744713e+00, 9.740137e-01, 1.505698e+00, 9.601525e+00],
	[1.876568e+00, 2.254742e+00, 1.075753e+00, 0, 5.744713e+00, 9.740137e-01, 1.505698e+00, 9.601525e+00],
	[1.876568e+00, 2.254742e+00, 1.075753e+00, 0, 5.744713e+00, 9.740137e-01, 1.505698e+00, 9.601525e+00],
	[1.260902e+00, 1.966671e+00, 6.035670e-01, 1.193734e+00, 3.224355e+00, 6.082449e-01, 9.438598e-01, 9.521294e+00],
	[1.260902e+00, 1.966671e+00, 6.035670e-01, 1.193734e+00, 3.224355e+00, 6.082449e-01, 9.438598e-01, 9.521294e+00],
	[1.260902e+00, 1.966671e+00, 6.035670e-01, 1.193734e+00, 3.224355e+00, 6.082449e-01, 9.438598e-01, 9.521294e+00],
	[1.260902e+00, 1.966671e+00, 6.035670e-01, 1.193734e+00, 3.224355e+00, 6.082449e-01, 9.438598e-01, 9.521294e+00],
	[1.580945e+00, 1.710732e+00, 7.764207e-01, 9.371443e-01, 2.273232e+00, 3.359237e-01, 7.164406e-01, 3.765713e+00],
	[1.580945e+00, 1.710732e+00, 7.764207e-01, 9.371443e-01, 2.273232e+00, 3.359237e-01, 7.164406e-01, 3.765713e+00],
	[1.580945e+00, 1.710732e+00, 7.764207e-01, 9.371443e-01, 2.273232e+00, 3.359237e-01, 7.164406e-01, 3.765713e+00],
	[1.580945e+00, 1.710732e+00, 7.764207e-01, 9.371443e-01, 2.273232e+00, 3.359237e-01, 7.164406e-01, 3.765713e+00],
	[1.189129e+00, 1.318846e+00, 8.717148e-01, 1.065950e+00, 1.891802e+00, 4.203652e-01, 5.861623e-01, 2.514239e+00],
	[1.189129e+00, 1.318846e+00, 8.717148e-01, 1.065950e+00, 1.891802e+00, 4.203652e-01, 5.861623e-01, 2.514239e+00],
	[1.189129e+00, 1.318846e+00, 8.717148e-01, 1.065950e+00, 1.891802e+00, 4.203652e-01, 5.861623e-01, 2.514239e+00],
	[1.189129e+00, 1.318846e+00, 8.717148e-01, 1.065950e+00, 1.891802e+00, 4.203652e-01, 5.861623e-01, 2.514239e+00],
	[1.052850e+00, 1.177936e+00, 6.805141e-01, 9.612958e-01, 1.826069e+00, 2.873405e-01, 8.347131e-01, 2.492268e+00],
	[1.052850e+00, 1.177936e+00, 6.805141e-01, 9.612958e-01, 1.826069e+00, 2.873405e-01, 8.347131e-01, 2.492268e+00],
	[1.052850e+00, 1.177936e+00, 6.805141e-01, 9.612958e-01, 1.826069e+00, 2.873405e-01, 8.347131e-01, 2.492268e+00],
	[1.052850e+00, 1.177936e+00, 6.805141e-01, 9.612958e-01, 1.826069e+00, 2.873405e-01, 8.347131e-01, 2.492268e+00],
	[1.202292e+00, 1.350289e+00, 7.267213e-01, 1.078183e+00, 0, 3.588523e-01, 5.807317e-01, 4.910458e+00],
	[1.202292e+00, 1.350289e+00, 7.267213e-01, 1.078183e+00, 0, 3.588523e-01, 5.807317e-01, 4.910458e+00],
	[1.202292e+00, 1.350289e+00, 7.267213e-01, 1.078183e+00, 0, 3.588523e-01, 5.807317e-01, 4.910458e+00],
	[1.202292e+00, 1.350289e+00, 7.267213e-01, 1.078183e+00, 0, 3.588523e-01, 5.807317e-01, 4.910458e+00],
	[1.137690e+00, 1.847670e+00, 8.771531e-01, 1.112407e+00, 3.323925e+00, 4.146684e-01, 1.127440e+00, 9.468754e+00],
	[1.137690e+00, 1.847670e+00, 8.771531e-01, 1.112407e+00, 3.323925e+00, 4.146684e-01, 1.127440e+00, 9.468754e+00],
	[1.137690e+00, 1.847670e+00, 8.771531e-01, 1.112407e+00, 3.323925e+00, 4.146684e-01, 1.127440e+00, 9.468754e+00],
	[1.137690e+00, 1.847670e+00, 8.771531e-01, 1.112407e+00, 3.323925e+00, 4.146684e-01, 1.127440e+00, 9.468754e+00],
	[0, 0, 0, 1.163235e+00, 2.795700e+00, 4.177719e-01, 7.857293e-01, 9.457704e+00],
	[0, 0, 0, 1.163235e+00, 2.795700e+00, 4.177719e-01, 7.857293e-01, 9.457704e+00],
	[0, 0, 0, 1.163235e+00, 2.795700e+00, 4.177719e-01, 7.857293e-01, 9.457704e+00],
	[0, 0, 0, 1.163235e+00, 2.795700e+00, 4.177719e-01, 7.857293e-01, 9.457704e+00],
	[0, 0, 0, 0, 1.702766e+00, 4.428222e-01, 7.955294e-01, 4.334059e+00],
	[0, 0, 0, 0, 1.702766e+00, 4.428222e-01, 7.955294e-01, 4.334059e+00],
	[0, 0, 0, 0, 1.702766e+00, 4.428222e-01, 7.955294e-01, 4.334059e+00],
	[0, 0, 0, 0, 1.702766e+00, 4.428222e-01, 7.955294e-01, 4.334059e+00],
	[0, 0, 0, 0, 0, 5.442931e-01, 7.527756e-01, 0],
	[0, 0, 0, 0, 0, 5.442931e-01, 7.527756e-01, 0],
	[0, 0, 0, 0, 0, 5.442931e-01, 7.527756e-01, 0],
	[0, 0, 0, 0, 0, 5.442931e-01, 7.527756e-01, 0],
	[0, 0, 0, 0, 0, 0, 0, 0],
	[0, 0, 0, 0, 0, 0, 0, 0],
	[0, 0, 0, 0, 0, 0, 0, 0],
	[0, 0, 0, 0, 0, 0, 0, 0],
	[0, 0, 0, 0, 0, 0, 0, 0],
	[0, 0, 0, 0, 0, 0, 0, 0],
	[0, 0, 0, 0, 0, 0, 0, 0],
	[0, 0, 0, 0, 0, 0, 0, 0],
	[0, 0, 0, 0, 0, 0, 0, 0],
	[0, 0, 0, 0, 0, 0, 0, 0],
	[0, 0, 0, 0, 0, 0, 0, 0],
	[0, 0, 0, 0, 0, 0, 0, 0],
	[0, 0, 0, 0, 0, 0, 0, 0],
	[0, 0, 0, 0, 0, 0, 0, 0],
	[0, 0, 0, 0, 0, 0, 0, 0],
	[0, 0, 0, 0, 0, 0, 0, 0] ]
undercost [
	[0, 0, 0, 0, 0, 0, 0, 0],
	[0, 0, 0, 0, 0, 0, 0, 0],
	[0, 0, 0, 0, 0, 0, 0, 0],
	[0, 0, 0, 0, 0, 0, 0, 0],
	[0, 0, 0, 0, 0, 0, 0, 0],
	[0, 0, 0, 0, 0, 0, 0, 0],
	[0, 0, 0, 0, 0, 0, 0, 0],
	[0, 0, 0, 0, 0, 0, 0, 0],
	[0, 0, 0, 0, 0, 0, 0, 0],
	[0, 0, 0, 0, 0, 0, 0, 0],
	[0, 0, 0, 0, 0, 0, 0, 0],
	[0, 0, 0, 0, 0, 0, 0, 0],
	[0, 0, 0, 0, 0, 0, 0, 0],
	[0, 0, 0, 0, 0, 0, 0, 0],
	[0, 0, 0, 0, 0, 0, 0, 0],
	[0, 0, 0, 0, 0, 0, 0, 0],
	[0, 0, 0, 0, 0, 0, 0, 0],
	[0, 0, 0, 0, 0, 0, 0, 0],
	[0, 0, 0, 0, 0, 0, 0, 0],
	[0, 0, 0, 0, 0, 0, 0, 0],
	[0, 0, 0, 0, 0, 0, 0, 0],
	[0, 0, 0, 0, 0, 0, 0, 0],
	[0, 0, 0, 0, 0, 0, 0, 0],
	[0, 0, 0, 0, 0, 0, 0, 0],
	[0, 0, 0, 0, 0, 0, 0, 0],
	[0, 0, 0, 0, 0, 0, 0, 0],
	[0, 0, 0, 0, 0, 0, 0, 0],
	[0, 0, 0, 0, 0, 0, 0, 0],
	[0, 0, 0, 0, 0, 0, 0, 0],
	[0, 0, 0, 0, 0, 0, 0, 0],
	[0, 0, 0, 0, 0, 0, 0, 0],
	[0, 0, 0, 0, 0, 0, 0, 0],
	[0, 0, 2.237763e+00, 0, 0, 0, 1.000000e+06, 0],
	[0, 0, 2.237763e+00, 0, 0, 0, 1.000000e+06, 0],
	[0, 0, 2.237763e+00, 0, 0, 0, 1.000000e+06, 0],
	[0, 0, 2.237763e+00, 0, 0, 0, 1.000000e+06, 0],
	[0, 1.000000e+06, 1.209084e+00, 0, 1.000000e+06, 1.000000e+06, 1.000000e+06, 1.000000e+06],
	[0, 1.000000e+06, 1.209084e+00, 0, 1.000000e+06, 1.000000e+06, 1.000000e+06, 1.000000e+06],
	[0, 1.000000e+06, 1.209084e+00, 0, 1.000000e+06, 1.000000e+06, 1.000000e+06, 1.000000e+06],
	[0, 1.000000e+06, 1.209084e+00, 0, 1.000000e+06, 1.000000e+06, 1.000000e+06, 1.000000e+06],
	[1.000000e+06, 1.000000e+06, 9.916270e-01, 0, 1.000000e+06, 1.617824e+00, 1.000000e+06, 1.000000e+06],
	[1.000000e+06, 1.000000e+06, 9.916270e-01, 0, 1.000000e+06, 1.617824e+00, 1.000000e+06, 1.000000e+06],
	[1.000000e+06, 1.000000e+06, 9.916270e-01, 0, 1.000000e+06, 1.617824e+00, 1.000000e+06, 1.000000e+06],
	[1.000000e+06, 1.000000e+06, 9.916270e-01, 0, 1.000000e+06, 1.617824e+00, 1.000000e+06, 1.000000e+06],
	[3.085827e+00, 1.000000e+06, 1.195297e+00, 1.867642e+00, 1.000000e+06, 5.143345e-01, 1.380350e+00, 1.000000e+06],
	[3.085827e+00, 1.000000e+06, 1.195297e+00, 1.867642e+00, 1.000000e+06, 5.143345e-01, 1.380350e+00, 1.000000e+06],
	[3.085827e+00, 1.000000e+06, 1.195297e+00, 1.867642e+00, 1.000000e+06, 5.143345e-01, 1.380350e+00, 1.000000e+06],
	[3.085827e+00, 1.000000e+06, 1.195297e+00, 1.867642e+00, 1.000000e+06, 5.143345e-01, 1.380350e+00, 1.000000e+06],
	[1.579347e+00, 2.440083e+00, 9.051891e-01, 1.821388e+00, 1.000000e+06, 5.752768e-01, 1.083213e+00, 1.000000e+06],
	[1.579347e+00, 2.440083e+00, 9.051891e-01, 1.821388e+00, 1.000000e+06, 5.752768e-01, 1.083213e+00, 1.000000e+06],
	[1.579347e+00, 2.440083e+00, 9.051891e-01, 1.821388e+00, 1.000000e+06, 5.752768e-01, 1.083213e+00, 1.000000e+06],
	[1.579347e+00, 2.440083e+00, 9.051891e-01, 1.821388e+00, 1.000000e+06, 5.752768e-01, 1.083213e+00, 1.000000e+06],
	[2.093968e+00, 2.994878e+00, 7.155933e-01, 1.355643e+00, 1.000000e+06, 3.968406e-01, 1.103737e+00, 1.000000e+06],
	[2.093968e+00, 2.994878e+00, 7.155933e-01, 1.355643e+00, 1.000000e+06, 3.968406e-01, 1.103737e+00, 1.000000e+06],
	[2.093968e+00, 2.994878e+00, 7.155933e-01, 1.355643e+00, 1.000000e+06, 3.968406e-01, 1.103737e+00, 1.000000e+06],
	[2.093968e+00, 2.994878e+00, 7.155933e-01, 1.355643e+00, 1.000000e+06, 3.968406e-01, 1.103737e+00, 1.000000e+06],
	[2.273480e+00, 3.195302e+00, 9.315449e-01, 1.489802e+00, 1.000000e+06, 5.411836e-01, 6.918184e-01, 1.000000e+06],
	[2.273480e+00, 3.195302e+00, 9.315449e-01, 1.489802e+00, 1.000000e+06, 5.411836e-01, 6.918184e-01, 1.000000e+06],
	[2.273480e+00, 3.195302e+00, 9.315449e-01, 1.489802e+00, 1.000000e+06, 5.411836e-01, 6.918184e-01, 1.000000e+06],
	[2.273480e+00, 3.195302e+00, 9.315449e-01, 1.489802e+00, 1.000000e+06, 5.411836e-01, 6.918184e-01, 1.000000e+06],
	[2.081044e+00, 2.957234e+00, 8.057388e-01, 1.343269e+00, 0, 5.195257e-01, 1.249389e+00, 1.000000e+06],
	[2.081044e+00, 2.957234e+00, 8.057388e-01, 1.343269e+00, 0, 5.195257e-01, 1.249389e+00, 1.000000e+06],
	[2.081044e+00, 2.957234e+00, 8.057388e-01, 1.343269e+00, 0, 5.195257e-01, 1.249389e+00, 1.000000e+06],
	[2.081044e+00, 2.957234e+00, 8.057388e-01, 1.343269e+00, 0, 5.195257e-01, 1.249389e+00, 1.000000e+06],
	[3.263552e+00, 1.000000e+06, 7.113541e-01, 1.979959e+00, 1.000000e+06, 7.845570e-01, 1.145659e+00, 1.000000e+06],
	[3.263552e+00, 1.000000e+06, 7.113541e-01, 1.979959e+00, 1.000000e+06, 7.845570e-01, 1.145659e+00, 1.000000e+06],
	[3.263552e+00, 1.000000e+06, 7.113541e-01, 1.979959e+00, 1.000000e+06, 7.845570e-01, 1.145659e+00, 1.000000e+06],
	[3.263552e+00, 1.000000e+06, 7.113541e-01, 1.979959e+00, 1.000000e+06, 7.845570e-01, 1.145659e+00, 1.000000e+06],
	[0, 0, 0, 1.531015e+00, 1.000000e+06, 6.338242e-01, 1.351213e+00, 1.000000e+06],
	[0, 0, 0, 1.531015e+00, 1.000000e+06, 6.338242e-01, 1.351213e+00, 1.000000e+06],
	[0, 0, 0, 1.531015e+00, 1.000000e+06, 6.338242e-01, 1.351213e+00, 1.000000e+06],
	[0, 0, 0, 1.531015e+00, 1.000000e+06, 6.338242e-01, 1.351213e+00, 1.000000e+06],
	[0, 0, 0, 0, 1.000000e+06, 3.726827e-01, 7.402187e-01, 1.000000e+06],
	[0, 0, 0, 0, 1.000000e+06, 3.726827e-01, 7.402187e-01, 1.000000e+06],
	[0, 0, 0, 0, 1.000000e+06, 3.726827e-01, 7.402187e-01, 1.000000e+06],
	[0, 0, 0, 0, 1.000000e+06, 3.726827e-01, 7.402187e-01, 1.000000e+06],
	[0, 0, 0, 0, 0, 4.529583e-01, 1.204677e+00, 0],
	[0, 0, 0, 0, 0, 4.529583e-01, 1.204677e+00, 0],
	[0, 0, 0, 0, 0, 4.529583e-01, 1.204677e+00, 0],
	[0, 0, 0, 0, 0, 4.529583e-01, 1.204677e+00, 0],
	[0, 0, 0, 0, 0, 0, 0, 0],
	[0, 0, 0, 0, 0, 0, 0, 0],
	[0, 0, 0, 0, 0, 0, 0, 0],
	[0, 0, 0, 0, 0, 0, 0, 0],
	[0, 0, 0, 0, 0, 0, 0, 0],
	[0, 0, 0, 0, 0, 0, 0, 0],
	[0, 0, 0, 0, 0, 0, 0, 0],
	[0, 0, 0, 0, 0, 0, 0, 0],
	[0, 0, 0, 0, 0, 0, 0, 0],
	[0, 0, 0, 0, 0, 0, 0, 0],
	[0, 0, 0, 0, 0, 0, 0, 0],
	[0, 0, 0, 0, 0, 0, 0, 0],
	[0, 0, 0, 0, 0, 0, 0, 0],
	[0, 0, 0, 0, 0, 0, 0, 0],
	[0, 0, 0, 0, 0, 0, 0, 0],
	[0, 0, 0, 0, 0, 0, 0, 0] ]
