1526 2848
SHOE
ACT	2
SHIFT	96
demand [
	[0, 0],
	[0, 0],
	[0, 0],
	[0, 0],
	[0, 0],
	[0, 0],
	[0, 0],
	[0, 0],
	[0, 0],
	[0, 0],
	[0, 0],
	[0, 0],
	[0, 0],
	[0, 0],
	[0, 0],
	[0, 0],
	[0, 0],
	[0, 0],
	[0, 0],
	[0, 0],
	[0, 0],
	[0, 0],
	[0, 0],
	[0, 0],
	[0, 0],
	[0, 0],
	[0, 0],
	[0, 0],
	[0, 0],
	[0, 0],
	[0, 0],
	[0, 0],
	[0, 1.00],
	[0, 1.00],
	[0, 1.00],
	[0, 1.00],
	[0, 2.00],
	[0, 2.00],
	[0, 2.00],
	[0, 2.00],
	[1.00, 2.75],
	[1.00, 2.75],
	[1.00, 2.75],
	[1.00, 2.75],
	[1.00, 4.50],
	[1.00, 4.50],
	[1.00, 4.50],
	[1.00, 4.50],
	[1.25, 4.75],
	[1.25, 4.75],
	[1.25, 4.75],
	[1.25, 4.75],
	[1.25, 5.25],
	[1.25, 5.25],
	[1.25, 5.25],
	[1.25, 5.25],
	[1.25, 5.25],
	[1.25, 5.25],
	[1.25, 5.25],
	[1.25, 5.25],
	[1.25, 5.25],
	[1.25, 5.25],
	[1.25, 5.25],
	[1.25, 5.25],
	[1.00, 0],
	[1.00, 0],
	[1.00, 0],
	[1.00, 0],
	[1.00, 0],
	[1.00, 0],
	[1.00, 0],
	[1.00, 0],
	[1.25, 0],
	[1.25, 0],
	[1.25, 0],
	[1.25, 0],
	[1.25, 0],
	[1.25, 0],
	[1.25, 0],
	[1.25, 0],
	[0, 0],
	[0, 0],
	[0, 0],
	[0, 0],
	[0, 0],
	[0, 0],
	[0, 0],
	[0, 0],
	[0, 0],
	[0, 0],
	[0, 0],
	[0, 0],
	[0, 0],
	[0, 0],
	[0, 0],
	[0, 0] ]
overcost [
	[0, 0],
	[0, 0],
	[0, 0],
	[0, 0],
	[0, 0],
	[0, 0],
	[0, 0],
	[0, 0],
	[0, 0],
	[0, 0],
	[0, 0],
	[0, 0],
	[0, 0],
	[0, 0],
	[0, 0],
	[0, 0],
	[0, 0],
	[0, 0],
	[0, 0],
	[0, 0],
	[0, 0],
	[0, 0],
	[0, 0],
	[0, 0],
	[0, 0],
	[0, 0],
	[0, 0],
	[0, 0],
	[0, 0],
	[0, 0],
	[0, 0],
	[0, 0],
	[0, 4.732571e+00],
	[0, 4.732571e+00],
	[0, 4.732571e+00],
	[0, 4.732571e+00],
	[0, 1.638599e+00],
	[0, 1.638599e+00],
	[0, 1.638599e+00],
	[0, 1.638599e+00],
	[4.777892e+00, 1.053880e+00],
	[4.777892e+00, 1.053880e+00],
	[4.777892e+00, 1.053880e+00],
	[4.777892e+00, 1.053880e+00],
	[2.272368e+00, 9.686526e-01],
	[2.272368e+00, 9.686526e-01],
	[2.272368e+00, 9.686526e-01],
	[2.272368e+00, 9.686526e-01],
	[2.207807e+00, 5.552310e-01],
	[2.207807e+00, 5.552310e-01],
	[2.207807e+00, 5.552310e-01],
	[2.207807e+00, 5.552310e-01],
	[1.855749e+00, 8.174203e-01],
	[1.855749e+00, 8.174203e-01],
	[1.855749e+00, 8.174203e-01],
	[1.855749e+00, 8.174203e-01],
	[1.772615e+00, 7.017613e-01],
	[1.772615e+00, 7.017613e-01],
	[1.772615e+00, 7.017613e-01],
	[1.772615e+00, 7.017613e-01],
	[1.981188e+00, 7.700097e-01],
	[1.981188e+00, 7.700097e-01],
	[1.981188e+00, 7.700097e-01],
	[1.981188e+00, 7.700097e-01],
	[2.293145e+00, 0],
	[2.293145e+00, 0],
	[2.293145e+00, 0],
	[2.293145e+00, 0],
	[1.773498e+00, 0],
	[1.773498e+00, 0],
	[1.773498e+00, 0],
	[1.773498e+00, 0],
	[1.610788e+00, 0],
	[1.610788e+00, 0],
	[1.610788e+00, 0],
	[1.610788e+00, 0],
	[2.096716e+00, 0],
	[2.096716e+00, 0],
	[2.096716e+00, 0],
	[2.096716e+00, 0],
	[0, 0],
	[0, 0],
	[0, 0],
	[0, 0],
	[0, 0],
	[0, 0],
	[0, 0],
	[0, 0],
	[0, 0],
	[0, 0],
	[0, 0],
	[0, 0],
	[0, 0],
	[0, 0],
	[0, 0],
	[0, 0] ]
undercost [
	[0, 0],
	[0, 0],
	[0, 0],
	[0, 0],
	[0, 0],
	[0, 0],
	[0, 0],
	[0, 0],
	[0, 0],
	[0, 0],
	[0, 0],
	[0, 0],
	[0, 0],
	[0, 0],
	[0, 0],
	[0, 0],
	[0, 0],
	[0, 0],
	[0, 0],
	[0, 0],
	[0, 0],
	[0, 0],
	[0, 0],
	[0, 0],
	[0, 0],
	[0, 0],
	[0, 0],
	[0, 0],
	[0, 0],
	[0, 0],
	[0, 0],
	[0, 0],
	[0, 1.000000e+06],
	[0, 1.000000e+06],
	[0, 1.000000e+06],
	[0, 1.000000e+06],
	[0, 2.673101e+00],
	[0, 2.673101e+00],
	[0, 2.673101e+00],
	[0, 2.673101e+00],
	[1.000000e+06, 1.996557e+00],
	[1.000000e+06, 1.996557e+00],
	[1.000000e+06, 1.996557e+00],
	[1.000000e+06, 1.996557e+00],
	[1.000000e+06, 7.848422e-01],
	[1.000000e+06, 7.848422e-01],
	[1.000000e+06, 7.848422e-01],
	[1.000000e+06, 7.848422e-01],
	[1.000000e+06, 1.157874e+00],
	[1.000000e+06, 1.157874e+00],
	[1.000000e+06, 1.157874e+00],
	[1.000000e+06, 1.157874e+00],
	[1.000000e+06, 6.839217e-01],
	[1.000000e+06, 6.839217e-01],
	[1.000000e+06, 6.839217e-01],
	[1.000000e+06, 6.839217e-01],
	[1.000000e+06, 8.153109e-01],
	[1.000000e+06, 8.153109e-01],
	[1.000000e+06, 8.153109e-01],
	[1.000000e+06, 8.153109e-01],
	[1.000000e+06, 7.390287e-01],
	[1.000000e+06, 7.390287e-01],
	[1.000000e+06, 7.390287e-01],
	[1.000000e+06, 7.390287e-01],
	[1.000000e+06, 0],
	[1.000000e+06, 0],
	[1.000000e+06, 0],
	[1.000000e+06, 0],
	[1.000000e+06, 0],
	[1.000000e+06, 0],
	[1.000000e+06, 0],
	[1.000000e+06, 0],
	[1.000000e+06, 0],
	[1.000000e+06, 0],
	[1.000000e+06, 0],
	[1.000000e+06, 0],
	[1.000000e+06, 0],
	[1.000000e+06, 0],
	[1.000000e+06, 0],
	[1.000000e+06, 0],
	[0, 0],
	[0, 0],
	[0, 0],
	[0, 0],
	[0, 0],
	[0, 0],
	[0, 0],
	[0, 0],
	[0, 0],
	[0, 0],
	[0, 0],
	[0, 0],
	[0, 0],
	[0, 0],
	[0, 0],
	[0, 0] ]
