48 836 2608 2863 3680 4271
SHOE
ACT	6
SHIFT	96
demand [
	[0, 0, 0, 0, 0, 0],
	[0, 0, 0, 0, 0, 0],
	[0, 0, 0, 0, 0, 0],
	[0, 0, 0, 0, 0, 0],
	[0, 0, 0, 0, 0, 0],
	[0, 0, 0, 0, 0, 0],
	[0, 0, 0, 0, 0, 0],
	[0, 0, 0, 0, 0, 0],
	[0, 0, 0, 0, 0, 0],
	[0, 0, 0, 0, 0, 0],
	[0, 0, 0, 0, 0, 0],
	[0, 0, 0, 0, 0, 0],
	[0, 0, 0, 0, 0, 0],
	[0, 0, 0, 0, 0, 0],
	[0, 0, 0, 0, 0, 0],
	[0, 0, 0, 0, 0, 0],
	[0, 0, 0, 0, 0, 0],
	[0, 0, 0, 0, 0, 0],
	[0, 0, 0, 0, 0, 0],
	[0, 0, 0, 0, 0, 0],
	[0, 0, 0, 0, 0, 0],
	[0, 0, 0, 0, 0, 0],
	[0, 0, 0, 0, 0, 0],
	[0, 0, 0, 0, 0, 0],
	[0, 0, 0, 0, 0, 0],
	[0, 0, 0, 0, 0, 0],
	[0, 0, 0, 0, 0, 0],
	[0, 0, 0, 0, 0, 0],
	[0, 0, 0, 0, 0, 0],
	[0, 0, 0, 0, 0, 0],
	[0, 0, 0, 0, 0, 0],
	[0, 0, 0, 0, 0, 0],
	[0, 0, 0, 0, 0, 1.00],
	[0, 0, 0, 0, 0, 1.00],
	[0, 0, 0, 0, 0, 1.00],
	[0, 0, 0, 0, 0, 1.00],
	[0, 0, 0, 0, 1.00, 1.00],
	[0, 0, 0, 0, 1.00, 1.00],
	[0, 0, 0, 0, 1.00, 1.00],
	[0, 0, 0, 0, 1.00, 1.00],
	[0, 1.25, 1.00, 2.25, 1.00, 1.00],
	[0, 1.25, 1.00, 2.25, 1.00, 1.00],
	[0, 1.25, 1.00, 2.25, 1.00, 1.00],
	[0, 1.25, 1.00, 2.25, 1.00, 1.00],
	[1.00, 2.00, 1.00, 3.75, 1.00, 1.00],
	[1.00, 2.00, 1.00, 3.75, 1.00, 1.00],
	[1.00, 2.00, 1.00, 3.75, 1.00, 1.00],
	[1.00, 2.00, 1.00, 3.75, 1.00, 1.00],
	[0, 2.50, 1.00, 4.25, 1.25, 1.00],
	[0, 2.50, 1.00, 4.25, 1.25, 1.00],
	[0, 2.50, 1.00, 4.25, 1.25, 1.00],
	[0, 2.50, 1.00, 4.25, 1.25, 1.00],
	[1.25, 2.50, 1.00, 4.50, 1.50, 1.00],
	[1.25, 2.50, 1.00, 4.50, 1.50, 1.00],
	[1.25, 2.50, 1.00, 4.50, 1.50, 1.00],
	[1.25, 2.50, 1.00, 4.50, 1.50, 1.00],
	[1.25, 2.50, 0, 4.75, 1.50, 1.00],
	[1.25, 2.50, 0, 4.75, 1.50, 1.00],
	[1.25, 2.50, 0, 4.75, 1.50, 1.00],
	[1.25, 2.50, 0, 4.75, 1.50, 1.00],
	[1.25, 2.50, 1.00, 4.50, 1.25, 1.00],
	[1.25, 2.50, 1.00, 4.50, 1.25, 1.00],
	[1.25, 2.50, 1.00, 4.50, 1.25, 1.00],
	[1.25, 2.50, 1.00, 4.50, 1.25, 1.00],
	[0, 2.00, 1.00, 0, 1.00, 1.00],
	[0, 2.00, 1.00, 0, 1.00, 1.00],
	[0, 2.00, 1.00, 0, 1.00, 1.00],
	[0, 2.00, 1.00, 0, 1.00, 1.00],
	[0, 0, 1.00, 0, 1.00, 0],
	[0, 0, 1.00, 0, 1.00, 0],
	[0, 0, 1.00, 0, 1.00, 0],
	[0, 0, 1.00, 0, 1.00, 0],
	[0, 0, 1.00, 0, 0, 0],
	[0, 0, 1.00, 0, 0, 0],
	[0, 0, 1.00, 0, 0, 0],
	[0, 0, 1.00, 0, 0, 0],
	[0, 0, 1.00, 0, 1.00, 0],
	[0, 0, 1.00, 0, 1.00, 0],
	[0, 0, 1.00, 0, 1.00, 0],
	[0, 0, 1.00, 0, 1.00, 0],
	[0, 0, 0, 0, 1.00, 0],
	[0, 0, 0, 0, 1.00, 0],
	[0, 0, 0, 0, 1.00, 0],
	[0, 0, 0, 0, 1.00, 0],
	[0, 0, 0, 0, 0, 0],
	[0, 0, 0, 0, 0, 0],
	[0, 0, 0, 0, 0, 0],
	[0, 0, 0, 0, 0, 0],
	[0, 0, 0, 0, 0, 0],
	[0, 0, 0, 0, 0, 0],
	[0, 0, 0, 0, 0, 0],
	[0, 0, 0, 0, 0, 0],
	[0, 0, 0, 0, 0, 0],
	[0, 0, 0, 0, 0, 0],
	[0, 0, 0, 0, 0, 0],
	[0, 0, 0, 0, 0, 0] ]
overcost [
	[0, 0, 0, 0, 0, 0],
	[0, 0, 0, 0, 0, 0],
	[0, 0, 0, 0, 0, 0],
	[0, 0, 0, 0, 0, 0],
	[0, 0, 0, 0, 0, 0],
	[0, 0, 0, 0, 0, 0],
	[0, 0, 0, 0, 0, 0],
	[0, 0, 0, 0, 0, 0],
	[0, 0, 0, 0, 0, 0],
	[0, 0, 0, 0, 0, 0],
	[0, 0, 0, 0, 0, 0],
	[0, 0, 0, 0, 0, 0],
	[0, 0, 0, 0, 0, 0],
	[0, 0, 0, 0, 0, 0],
	[0, 0, 0, 0, 0, 0],
	[0, 0, 0, 0, 0, 0],
	[0, 0, 0, 0, 0, 0],
	[0, 0, 0, 0, 0, 0],
	[0, 0, 0, 0, 0, 0],
	[0, 0, 0, 0, 0, 0],
	[0, 0, 0, 0, 0, 0],
	[0, 0, 0, 0, 0, 0],
	[0, 0, 0, 0, 0, 0],
	[0, 0, 0, 0, 0, 0],
	[0, 0, 0, 0, 0, 0],
	[0, 0, 0, 0, 0, 0],
	[0, 0, 0, 0, 0, 0],
	[0, 0, 0, 0, 0, 0],
	[0, 0, 0, 0, 0, 0],
	[0, 0, 0, 0, 0, 0],
	[0, 0, 0, 0, 0, 0],
	[0, 0, 0, 0, 0, 0],
	[0, 0, 0, 0, 0, 7.629328e+00],
	[0, 0, 0, 0, 0, 7.629328e+00],
	[0, 0, 0, 0, 0, 7.629328e+00],
	[0, 0, 0, 0, 0, 7.629328e+00],
	[0, 0, 0, 0, 1.092121e+01, 5.503953e+00],
	[0, 0, 0, 0, 1.092121e+01, 5.503953e+00],
	[0, 0, 0, 0, 1.092121e+01, 5.503953e+00],
	[0, 0, 0, 0, 1.092121e+01, 5.503953e+00],
	[0, 1.876568e+00, 5.813564e+00, 1.081256e+00, 1.088063e+01, 4.410653e+00],
	[0, 1.876568e+00, 5.813564e+00, 1.081256e+00, 1.088063e+01, 4.410653e+00],
	[0, 1.876568e+00, 5.813564e+00, 1.081256e+00, 1.088063e+01, 4.410653e+00],
	[0, 1.876568e+00, 5.813564e+00, 1.081256e+00, 1.088063e+01, 4.410653e+00],
	[2.079067e+00, 1.260902e+00, 3.887590e+00, 7.255502e-01, 5.502076e+00, 2.594112e+00],
	[2.079067e+00, 1.260902e+00, 3.887590e+00, 7.255502e-01, 5.502076e+00, 2.594112e+00],
	[2.079067e+00, 1.260902e+00, 3.887590e+00, 7.255502e-01, 5.502076e+00, 2.594112e+00],
	[2.079067e+00, 1.260902e+00, 3.887590e+00, 7.255502e-01, 5.502076e+00, 2.594112e+00],
	[0, 1.580945e+00, 3.211310e+00, 6.855765e-01, 2.380254e+00, 2.205706e+00],
	[0, 1.580945e+00, 3.211310e+00, 6.855765e-01, 2.380254e+00, 2.205706e+00],
	[0, 1.580945e+00, 3.211310e+00, 6.855765e-01, 2.380254e+00, 2.205706e+00],
	[0, 1.580945e+00, 3.211310e+00, 6.855765e-01, 2.380254e+00, 2.205706e+00],
	[2.207708e+00, 1.189129e+00, 2.910439e+00, 6.257324e-01, 2.323087e+00, 1.928291e+00],
	[2.207708e+00, 1.189129e+00, 2.910439e+00, 6.257324e-01, 2.323087e+00, 1.928291e+00],
	[2.207708e+00, 1.189129e+00, 2.910439e+00, 6.257324e-01, 2.323087e+00, 1.928291e+00],
	[2.207708e+00, 1.189129e+00, 2.910439e+00, 6.257324e-01, 2.323087e+00, 1.928291e+00],
	[2.113789e+00, 1.052850e+00, 0, 8.799830e-01, 2.247147e+00, 1.860581e+00],
	[2.113789e+00, 1.052850e+00, 0, 8.799830e-01, 2.247147e+00, 1.860581e+00],
	[2.113789e+00, 1.052850e+00, 0, 8.799830e-01, 2.247147e+00, 1.860581e+00],
	[2.113789e+00, 1.052850e+00, 0, 8.799830e-01, 2.247147e+00, 1.860581e+00],
	[2.109353e+00, 1.202292e+00, 2.995379e+00, 6.329336e-01, 2.867227e+00, 1.851904e+00],
	[2.109353e+00, 1.202292e+00, 2.995379e+00, 6.329336e-01, 2.867227e+00, 1.851904e+00],
	[2.109353e+00, 1.202292e+00, 2.995379e+00, 6.329336e-01, 2.867227e+00, 1.851904e+00],
	[2.109353e+00, 1.202292e+00, 2.995379e+00, 6.329336e-01, 2.867227e+00, 1.851904e+00],
	[0, 1.137690e+00, 3.894451e+00, 0, 6.589109e+00, 2.545381e+00],
	[0, 1.137690e+00, 3.894451e+00, 0, 6.589109e+00, 2.545381e+00],
	[0, 1.137690e+00, 3.894451e+00, 0, 6.589109e+00, 2.545381e+00],
	[0, 1.137690e+00, 3.894451e+00, 0, 6.589109e+00, 2.545381e+00],
	[0, 0, 3.493301e+00, 0, 4.753200e+00, 0],
	[0, 0, 3.493301e+00, 0, 4.753200e+00, 0],
	[0, 0, 3.493301e+00, 0, 4.753200e+00, 0],
	[0, 0, 3.493301e+00, 0, 4.753200e+00, 0],
	[0, 0, 2.659663e+00, 0, 0, 0],
	[0, 0, 2.659663e+00, 0, 0, 0],
	[0, 0, 2.659663e+00, 0, 0, 0],
	[0, 0, 2.659663e+00, 0, 0, 0],
	[0, 0, 3.011106e+00, 0, 6.038899e+00, 0],
	[0, 0, 3.011106e+00, 0, 6.038899e+00, 0],
	[0, 0, 3.011106e+00, 0, 6.038899e+00, 0],
	[0, 0, 3.011106e+00, 0, 6.038899e+00, 0],
	[0, 0, 0, 0, 1.009270e+01, 0],
	[0, 0, 0, 0, 1.009270e+01, 0],
	[0, 0, 0, 0, 1.009270e+01, 0],
	[0, 0, 0, 0, 1.009270e+01, 0],
	[0, 0, 0, 0, 0, 0],
	[0, 0, 0, 0, 0, 0],
	[0, 0, 0, 0, 0, 0],
	[0, 0, 0, 0, 0, 0],
	[0, 0, 0, 0, 0, 0],
	[0, 0, 0, 0, 0, 0],
	[0, 0, 0, 0, 0, 0],
	[0, 0, 0, 0, 0, 0],
	[0, 0, 0, 0, 0, 0],
	[0, 0, 0, 0, 0, 0],
	[0, 0, 0, 0, 0, 0],
	[0, 0, 0, 0, 0, 0] ]
undercost [
	[0, 0, 0, 0, 0, 0],
	[0, 0, 0, 0, 0, 0],
	[0, 0, 0, 0, 0, 0],
	[0, 0, 0, 0, 0, 0],
	[0, 0, 0, 0, 0, 0],
	[0, 0, 0, 0, 0, 0],
	[0, 0, 0, 0, 0, 0],
	[0, 0, 0, 0, 0, 0],
	[0, 0, 0, 0, 0, 0],
	[0, 0, 0, 0, 0, 0],
	[0, 0, 0, 0, 0, 0],
	[0, 0, 0, 0, 0, 0],
	[0, 0, 0, 0, 0, 0],
	[0, 0, 0, 0, 0, 0],
	[0, 0, 0, 0, 0, 0],
	[0, 0, 0, 0, 0, 0],
	[0, 0, 0, 0, 0, 0],
	[0, 0, 0, 0, 0, 0],
	[0, 0, 0, 0, 0, 0],
	[0, 0, 0, 0, 0, 0],
	[0, 0, 0, 0, 0, 0],
	[0, 0, 0, 0, 0, 0],
	[0, 0, 0, 0, 0, 0],
	[0, 0, 0, 0, 0, 0],
	[0, 0, 0, 0, 0, 0],
	[0, 0, 0, 0, 0, 0],
	[0, 0, 0, 0, 0, 0],
	[0, 0, 0, 0, 0, 0],
	[0, 0, 0, 0, 0, 0],
	[0, 0, 0, 0, 0, 0],
	[0, 0, 0, 0, 0, 0],
	[0, 0, 0, 0, 0, 0],
	[0, 0, 0, 0, 0, 1.000000e+06],
	[0, 0, 0, 0, 0, 1.000000e+06],
	[0, 0, 0, 0, 0, 1.000000e+06],
	[0, 0, 0, 0, 0, 1.000000e+06],
	[0, 0, 0, 0, 1.000000e+06, 1.000000e+06],
	[0, 0, 0, 0, 1.000000e+06, 1.000000e+06],
	[0, 0, 0, 0, 1.000000e+06, 1.000000e+06],
	[0, 0, 0, 0, 1.000000e+06, 1.000000e+06],
	[0, 1.000000e+06, 1.000000e+06, 2.813510e+00, 1.000000e+06, 1.000000e+06],
	[0, 1.000000e+06, 1.000000e+06, 2.813510e+00, 1.000000e+06, 1.000000e+06],
	[0, 1.000000e+06, 1.000000e+06, 2.813510e+00, 1.000000e+06, 1.000000e+06],
	[0, 1.000000e+06, 1.000000e+06, 2.813510e+00, 1.000000e+06, 1.000000e+06],
	[1.000000e+06, 3.085827e+00, 1.000000e+06, 1.468205e+00, 1.000000e+06, 1.000000e+06],
	[1.000000e+06, 3.085827e+00, 1.000000e+06, 1.468205e+00, 1.000000e+06, 1.000000e+06],
	[1.000000e+06, 3.085827e+00, 1.000000e+06, 1.468205e+00, 1.000000e+06, 1.000000e+06],
	[1.000000e+06, 3.085827e+00, 1.000000e+06, 1.468205e+00, 1.000000e+06, 1.000000e+06],
	[0, 1.579347e+00, 1.000000e+06, 1.226379e+00, 1.000000e+06, 1.000000e+06],
	[0, 1.579347e+00, 1.000000e+06, 1.226379e+00, 1.000000e+06, 1.000000e+06],
	[0, 1.579347e+00, 1.000000e+06, 1.226379e+00, 1.000000e+06, 1.000000e+06],
	[0, 1.579347e+00, 1.000000e+06, 1.226379e+00, 1.000000e+06, 1.000000e+06],
	[1.000000e+06, 2.093968e+00, 1.000000e+06, 1.179182e+00, 1.000000e+06, 1.000000e+06],
	[1.000000e+06, 2.093968e+00, 1.000000e+06, 1.179182e+00, 1.000000e+06, 1.000000e+06],
	[1.000000e+06, 2.093968e+00, 1.000000e+06, 1.179182e+00, 1.000000e+06, 1.000000e+06],
	[1.000000e+06, 2.093968e+00, 1.000000e+06, 1.179182e+00, 1.000000e+06, 1.000000e+06],
	[1.000000e+06, 2.273480e+00, 0, 7.830711e-01, 1.000000e+06, 1.000000e+06],
	[1.000000e+06, 2.273480e+00, 0, 7.830711e-01, 1.000000e+06, 1.000000e+06],
	[1.000000e+06, 2.273480e+00, 0, 7.830711e-01, 1.000000e+06, 1.000000e+06],
	[1.000000e+06, 2.273480e+00, 0, 7.830711e-01, 1.000000e+06, 1.000000e+06],
	[1.000000e+06, 2.081044e+00, 1.000000e+06, 1.172662e+00, 1.000000e+06, 1.000000e+06],
	[1.000000e+06, 2.081044e+00, 1.000000e+06, 1.172662e+00, 1.000000e+06, 1.000000e+06],
	[1.000000e+06, 2.081044e+00, 1.000000e+06, 1.172662e+00, 1.000000e+06, 1.000000e+06],
	[1.000000e+06, 2.081044e+00, 1.000000e+06, 1.172662e+00, 1.000000e+06, 1.000000e+06],
	[0, 3.263552e+00, 1.000000e+06, 0, 1.000000e+06, 1.000000e+06],
	[0, 3.263552e+00, 1.000000e+06, 0, 1.000000e+06, 1.000000e+06],
	[0, 3.263552e+00, 1.000000e+06, 0, 1.000000e+06, 1.000000e+06],
	[0, 3.263552e+00, 1.000000e+06, 0, 1.000000e+06, 1.000000e+06],
	[0, 0, 1.000000e+06, 0, 1.000000e+06, 0],
	[0, 0, 1.000000e+06, 0, 1.000000e+06, 0],
	[0, 0, 1.000000e+06, 0, 1.000000e+06, 0],
	[0, 0, 1.000000e+06, 0, 1.000000e+06, 0],
	[0, 0, 1.000000e+06, 0, 0, 0],
	[0, 0, 1.000000e+06, 0, 0, 0],
	[0, 0, 1.000000e+06, 0, 0, 0],
	[0, 0, 1.000000e+06, 0, 0, 0],
	[0, 0, 1.000000e+06, 0, 1.000000e+06, 0],
	[0, 0, 1.000000e+06, 0, 1.000000e+06, 0],
	[0, 0, 1.000000e+06, 0, 1.000000e+06, 0],
	[0, 0, 1.000000e+06, 0, 1.000000e+06, 0],
	[0, 0, 0, 0, 1.000000e+06, 0],
	[0, 0, 0, 0, 1.000000e+06, 0],
	[0, 0, 0, 0, 1.000000e+06, 0],
	[0, 0, 0, 0, 1.000000e+06, 0],
	[0, 0, 0, 0, 0, 0],
	[0, 0, 0, 0, 0, 0],
	[0, 0, 0, 0, 0, 0],
	[0, 0, 0, 0, 0, 0],
	[0, 0, 0, 0, 0, 0],
	[0, 0, 0, 0, 0, 0],
	[0, 0, 0, 0, 0, 0],
	[0, 0, 0, 0, 0, 0],
	[0, 0, 0, 0, 0, 0],
	[0, 0, 0, 0, 0, 0],
	[0, 0, 0, 0, 0, 0],
	[0, 0, 0, 0, 0, 0] ]
