42 1067 3039 3604 4010
SHOE
ACT	5
SHIFT	96
demand [
	[0, 0, 0, 0, 0],
	[0, 0, 0, 0, 0],
	[0, 0, 0, 0, 0],
	[0, 0, 0, 0, 0],
	[0, 0, 0, 0, 0],
	[0, 0, 0, 0, 0],
	[0, 0, 0, 0, 0],
	[0, 0, 0, 0, 0],
	[0, 0, 0, 0, 0],
	[0, 0, 0, 0, 0],
	[0, 0, 0, 0, 0],
	[0, 0, 0, 0, 0],
	[0, 0, 0, 0, 0],
	[0, 0, 0, 0, 0],
	[0, 0, 0, 0, 0],
	[0, 0, 0, 0, 0],
	[0, 0, 0, 0, 0],
	[0, 0, 0, 0, 0],
	[0, 0, 0, 0, 0],
	[0, 0, 0, 0, 0],
	[0, 0, 0, 0, 0],
	[0, 0, 0, 0, 0],
	[0, 0, 0, 0, 0],
	[0, 0, 0, 0, 0],
	[0, 0, 0, 0, 0],
	[0, 0, 0, 0, 0],
	[0, 0, 0, 0, 0],
	[0, 0, 0, 0, 0],
	[0, 0, 0, 0, 0],
	[0, 0, 0, 0, 0],
	[0, 0, 0, 0, 0],
	[0, 0, 0, 0, 0],
	[0, 0, 0, 0, 0],
	[0, 0, 0, 0, 0],
	[0, 0, 0, 0, 0],
	[0, 0, 0, 0, 0],
	[0, 0, 1.00, 1.00, 1.00],
	[0, 0, 1.00, 1.00, 1.00],
	[0, 0, 1.00, 1.00, 1.00],
	[0, 0, 1.00, 1.00, 1.00],
	[1.00, 0, 1.00, 1.00, 1.00],
	[1.00, 0, 1.00, 1.00, 1.00],
	[1.00, 0, 1.00, 1.00, 1.00],
	[1.00, 0, 1.00, 1.00, 1.00],
	[1.00, 1.00, 1.00, 1.00, 1.00],
	[1.00, 1.00, 1.00, 1.00, 1.00],
	[1.00, 1.00, 1.00, 1.00, 1.00],
	[1.00, 1.00, 1.00, 1.00, 1.00],
	[1.00, 1.00, 1.25, 1.00, 1.00],
	[1.00, 1.00, 1.25, 1.00, 1.00],
	[1.00, 1.00, 1.25, 1.00, 1.00],
	[1.00, 1.00, 1.25, 1.00, 1.00],
	[1.00, 1.00, 1.25, 1.25, 1.25],
	[1.00, 1.00, 1.25, 1.25, 1.25],
	[1.00, 1.00, 1.25, 1.25, 1.25],
	[1.00, 1.00, 1.25, 1.25, 1.25],
	[1.00, 1.00, 1.25, 1.25, 1.25],
	[1.00, 1.00, 1.25, 1.25, 1.25],
	[1.00, 1.00, 1.25, 1.25, 1.25],
	[1.00, 1.00, 1.25, 1.25, 1.25],
	[1.00, 1.00, 1.25, 1.00, 1.00],
	[1.00, 1.00, 1.25, 1.00, 1.00],
	[1.00, 1.00, 1.25, 1.00, 1.00],
	[1.00, 1.00, 1.25, 1.00, 1.00],
	[1.00, 1.00, 1.00, 1.00, 1.00],
	[1.00, 1.00, 1.00, 1.00, 1.00],
	[1.00, 1.00, 1.00, 1.00, 1.00],
	[1.00, 1.00, 1.00, 1.00, 1.00],
	[0, 0, 1.00, 1.00, 1.00],
	[0, 0, 1.00, 1.00, 1.00],
	[0, 0, 1.00, 1.00, 1.00],
	[0, 0, 1.00, 1.00, 1.00],
	[0, 0, 1.25, 1.00, 0],
	[0, 0, 1.25, 1.00, 0],
	[0, 0, 1.25, 1.00, 0],
	[0, 0, 1.25, 1.00, 0],
	[0, 0, 1.25, 1.00, 0],
	[0, 0, 1.25, 1.00, 0],
	[0, 0, 1.25, 1.00, 0],
	[0, 0, 1.25, 1.00, 0],
	[0, 0, 0, 0, 0],
	[0, 0, 0, 0, 0],
	[0, 0, 0, 0, 0],
	[0, 0, 0, 0, 0],
	[0, 0, 0, 0, 0],
	[0, 0, 0, 0, 0],
	[0, 0, 0, 0, 0],
	[0, 0, 0, 0, 0],
	[0, 0, 0, 0, 0],
	[0, 0, 0, 0, 0],
	[0, 0, 0, 0, 0],
	[0, 0, 0, 0, 0],
	[0, 0, 0, 0, 0],
	[0, 0, 0, 0, 0],
	[0, 0, 0, 0, 0],
	[0, 0, 0, 0, 0] ]
overcost [
	[0, 0, 0, 0, 0],
	[0, 0, 0, 0, 0],
	[0, 0, 0, 0, 0],
	[0, 0, 0, 0, 0],
	[0, 0, 0, 0, 0],
	[0, 0, 0, 0, 0],
	[0, 0, 0, 0, 0],
	[0, 0, 0, 0, 0],
	[0, 0, 0, 0, 0],
	[0, 0, 0, 0, 0],
	[0, 0, 0, 0, 0],
	[0, 0, 0, 0, 0],
	[0, 0, 0, 0, 0],
	[0, 0, 0, 0, 0],
	[0, 0, 0, 0, 0],
	[0, 0, 0, 0, 0],
	[0, 0, 0, 0, 0],
	[0, 0, 0, 0, 0],
	[0, 0, 0, 0, 0],
	[0, 0, 0, 0, 0],
	[0, 0, 0, 0, 0],
	[0, 0, 0, 0, 0],
	[0, 0, 0, 0, 0],
	[0, 0, 0, 0, 0],
	[0, 0, 0, 0, 0],
	[0, 0, 0, 0, 0],
	[0, 0, 0, 0, 0],
	[0, 0, 0, 0, 0],
	[0, 0, 0, 0, 0],
	[0, 0, 0, 0, 0],
	[0, 0, 0, 0, 0],
	[0, 0, 0, 0, 0],
	[0, 0, 0, 0, 0],
	[0, 0, 0, 0, 0],
	[0, 0, 0, 0, 0],
	[0, 0, 0, 0, 0],
	[0, 0, 7.151994e+00, 1.059187e+01, 9.044263e+00],
	[0, 0, 7.151994e+00, 1.059187e+01, 9.044263e+00],
	[0, 0, 7.151994e+00, 1.059187e+01, 9.044263e+00],
	[0, 0, 7.151994e+00, 1.059187e+01, 9.044263e+00],
	[7.995319e+00, 0, 5.247700e+00, 1.054048e+01, 9.003233e+00],
	[7.995319e+00, 0, 5.247700e+00, 1.054048e+01, 9.003233e+00],
	[7.995319e+00, 0, 5.247700e+00, 1.054048e+01, 9.003233e+00],
	[7.995319e+00, 0, 5.247700e+00, 1.054048e+01, 9.003233e+00],
	[6.245884e+00, 7.499473e+00, 2.382388e+00, 7.659057e+00, 8.130355e+00],
	[6.245884e+00, 7.499473e+00, 2.382388e+00, 7.659057e+00, 8.130355e+00],
	[6.245884e+00, 7.499473e+00, 2.382388e+00, 7.659057e+00, 8.130355e+00],
	[6.245884e+00, 7.499473e+00, 2.382388e+00, 7.659057e+00, 8.130355e+00],
	[5.553985e+00, 4.465285e+00, 2.151223e+00, 2.511270e+00, 2.725862e+00],
	[5.553985e+00, 4.465285e+00, 2.151223e+00, 2.511270e+00, 2.725862e+00],
	[5.553985e+00, 4.465285e+00, 2.151223e+00, 2.511270e+00, 2.725862e+00],
	[5.553985e+00, 4.465285e+00, 2.151223e+00, 2.511270e+00, 2.725862e+00],
	[5.289785e+00, 3.662478e+00, 1.738224e+00, 2.363136e+00, 2.451246e+00],
	[5.289785e+00, 3.662478e+00, 1.738224e+00, 2.363136e+00, 2.451246e+00],
	[5.289785e+00, 3.662478e+00, 1.738224e+00, 2.363136e+00, 2.451246e+00],
	[5.289785e+00, 3.662478e+00, 1.738224e+00, 2.363136e+00, 2.451246e+00],
	[5.241967e+00, 3.606836e+00, 1.608861e+00, 2.319271e+00, 2.420652e+00],
	[5.241967e+00, 3.606836e+00, 1.608861e+00, 2.319271e+00, 2.420652e+00],
	[5.241967e+00, 3.606836e+00, 1.608861e+00, 2.319271e+00, 2.420652e+00],
	[5.241967e+00, 3.606836e+00, 1.608861e+00, 2.319271e+00, 2.420652e+00],
	[5.459542e+00, 4.862780e+00, 1.911490e+00, 3.354439e+00, 3.669441e+00],
	[5.459542e+00, 4.862780e+00, 1.911490e+00, 3.354439e+00, 3.669441e+00],
	[5.459542e+00, 4.862780e+00, 1.911490e+00, 3.354439e+00, 3.669441e+00],
	[5.459542e+00, 4.862780e+00, 1.911490e+00, 3.354439e+00, 3.669441e+00],
	[6.317370e+00, 8.309835e+00, 2.352258e+00, 9.458160e+00, 8.876472e+00],
	[6.317370e+00, 8.309835e+00, 2.352258e+00, 9.458160e+00, 8.876472e+00],
	[6.317370e+00, 8.309835e+00, 2.352258e+00, 9.458160e+00, 8.876472e+00],
	[6.317370e+00, 8.309835e+00, 2.352258e+00, 9.458160e+00, 8.876472e+00],
	[0, 0, 1.786414e+00, 6.928118e+00, 7.419087e+00],
	[0, 0, 1.786414e+00, 6.928118e+00, 7.419087e+00],
	[0, 0, 1.786414e+00, 6.928118e+00, 7.419087e+00],
	[0, 0, 1.786414e+00, 6.928118e+00, 7.419087e+00],
	[0, 0, 1.628686e+00, 2.691062e+00, 0],
	[0, 0, 1.628686e+00, 2.691062e+00, 0],
	[0, 0, 1.628686e+00, 2.691062e+00, 0],
	[0, 0, 1.628686e+00, 2.691062e+00, 0],
	[0, 0, 2.498930e+00, 9.393957e+00, 0],
	[0, 0, 2.498930e+00, 9.393957e+00, 0],
	[0, 0, 2.498930e+00, 9.393957e+00, 0],
	[0, 0, 2.498930e+00, 9.393957e+00, 0],
	[0, 0, 0, 0, 0],
	[0, 0, 0, 0, 0],
	[0, 0, 0, 0, 0],
	[0, 0, 0, 0, 0],
	[0, 0, 0, 0, 0],
	[0, 0, 0, 0, 0],
	[0, 0, 0, 0, 0],
	[0, 0, 0, 0, 0],
	[0, 0, 0, 0, 0],
	[0, 0, 0, 0, 0],
	[0, 0, 0, 0, 0],
	[0, 0, 0, 0, 0],
	[0, 0, 0, 0, 0],
	[0, 0, 0, 0, 0],
	[0, 0, 0, 0, 0],
	[0, 0, 0, 0, 0] ]
undercost [
	[0, 0, 0, 0, 0],
	[0, 0, 0, 0, 0],
	[0, 0, 0, 0, 0],
	[0, 0, 0, 0, 0],
	[0, 0, 0, 0, 0],
	[0, 0, 0, 0, 0],
	[0, 0, 0, 0, 0],
	[0, 0, 0, 0, 0],
	[0, 0, 0, 0, 0],
	[0, 0, 0, 0, 0],
	[0, 0, 0, 0, 0],
	[0, 0, 0, 0, 0],
	[0, 0, 0, 0, 0],
	[0, 0, 0, 0, 0],
	[0, 0, 0, 0, 0],
	[0, 0, 0, 0, 0],
	[0, 0, 0, 0, 0],
	[0, 0, 0, 0, 0],
	[0, 0, 0, 0, 0],
	[0, 0, 0, 0, 0],
	[0, 0, 0, 0, 0],
	[0, 0, 0, 0, 0],
	[0, 0, 0, 0, 0],
	[0, 0, 0, 0, 0],
	[0, 0, 0, 0, 0],
	[0, 0, 0, 0, 0],
	[0, 0, 0, 0, 0],
	[0, 0, 0, 0, 0],
	[0, 0, 0, 0, 0],
	[0, 0, 0, 0, 0],
	[0, 0, 0, 0, 0],
	[0, 0, 0, 0, 0],
	[0, 0, 0, 0, 0],
	[0, 0, 0, 0, 0],
	[0, 0, 0, 0, 0],
	[0, 0, 0, 0, 0],
	[0, 0, 1.000000e+06, 1.000000e+06, 1.000000e+06],
	[0, 0, 1.000000e+06, 1.000000e+06, 1.000000e+06],
	[0, 0, 1.000000e+06, 1.000000e+06, 1.000000e+06],
	[0, 0, 1.000000e+06, 1.000000e+06, 1.000000e+06],
	[1.000000e+06, 0, 1.000000e+06, 1.000000e+06, 1.000000e+06],
	[1.000000e+06, 0, 1.000000e+06, 1.000000e+06, 1.000000e+06],
	[1.000000e+06, 0, 1.000000e+06, 1.000000e+06, 1.000000e+06],
	[1.000000e+06, 0, 1.000000e+06, 1.000000e+06, 1.000000e+06],
	[1.000000e+06, 1.000000e+06, 1.000000e+06, 1.000000e+06, 1.000000e+06],
	[1.000000e+06, 1.000000e+06, 1.000000e+06, 1.000000e+06, 1.000000e+06],
	[1.000000e+06, 1.000000e+06, 1.000000e+06, 1.000000e+06, 1.000000e+06],
	[1.000000e+06, 1.000000e+06, 1.000000e+06, 1.000000e+06, 1.000000e+06],
	[1.000000e+06, 1.000000e+06, 1.000000e+06, 1.000000e+06, 1.000000e+06],
	[1.000000e+06, 1.000000e+06, 1.000000e+06, 1.000000e+06, 1.000000e+06],
	[1.000000e+06, 1.000000e+06, 1.000000e+06, 1.000000e+06, 1.000000e+06],
	[1.000000e+06, 1.000000e+06, 1.000000e+06, 1.000000e+06, 1.000000e+06],
	[1.000000e+06, 1.000000e+06, 1.000000e+06, 1.000000e+06, 1.000000e+06],
	[1.000000e+06, 1.000000e+06, 1.000000e+06, 1.000000e+06, 1.000000e+06],
	[1.000000e+06, 1.000000e+06, 1.000000e+06, 1.000000e+06, 1.000000e+06],
	[1.000000e+06, 1.000000e+06, 1.000000e+06, 1.000000e+06, 1.000000e+06],
	[1.000000e+06, 1.000000e+06, 1.000000e+06, 1.000000e+06, 1.000000e+06],
	[1.000000e+06, 1.000000e+06, 1.000000e+06, 1.000000e+06, 1.000000e+06],
	[1.000000e+06, 1.000000e+06, 1.000000e+06, 1.000000e+06, 1.000000e+06],
	[1.000000e+06, 1.000000e+06, 1.000000e+06, 1.000000e+06, 1.000000e+06],
	[1.000000e+06, 1.000000e+06, 1.000000e+06, 1.000000e+06, 1.000000e+06],
	[1.000000e+06, 1.000000e+06, 1.000000e+06, 1.000000e+06, 1.000000e+06],
	[1.000000e+06, 1.000000e+06, 1.000000e+06, 1.000000e+06, 1.000000e+06],
	[1.000000e+06, 1.000000e+06, 1.000000e+06, 1.000000e+06, 1.000000e+06],
	[1.000000e+06, 1.000000e+06, 1.000000e+06, 1.000000e+06, 1.000000e+06],
	[1.000000e+06, 1.000000e+06, 1.000000e+06, 1.000000e+06, 1.000000e+06],
	[1.000000e+06, 1.000000e+06, 1.000000e+06, 1.000000e+06, 1.000000e+06],
	[1.000000e+06, 1.000000e+06, 1.000000e+06, 1.000000e+06, 1.000000e+06],
	[0, 0, 1.000000e+06, 1.000000e+06, 1.000000e+06],
	[0, 0, 1.000000e+06, 1.000000e+06, 1.000000e+06],
	[0, 0, 1.000000e+06, 1.000000e+06, 1.000000e+06],
	[0, 0, 1.000000e+06, 1.000000e+06, 1.000000e+06],
	[0, 0, 1.000000e+06, 1.000000e+06, 0],
	[0, 0, 1.000000e+06, 1.000000e+06, 0],
	[0, 0, 1.000000e+06, 1.000000e+06, 0],
	[0, 0, 1.000000e+06, 1.000000e+06, 0],
	[0, 0, 1.000000e+06, 1.000000e+06, 0],
	[0, 0, 1.000000e+06, 1.000000e+06, 0],
	[0, 0, 1.000000e+06, 1.000000e+06, 0],
	[0, 0, 1.000000e+06, 1.000000e+06, 0],
	[0, 0, 0, 0, 0],
	[0, 0, 0, 0, 0],
	[0, 0, 0, 0, 0],
	[0, 0, 0, 0, 0],
	[0, 0, 0, 0, 0],
	[0, 0, 0, 0, 0],
	[0, 0, 0, 0, 0],
	[0, 0, 0, 0, 0],
	[0, 0, 0, 0, 0],
	[0, 0, 0, 0, 0],
	[0, 0, 0, 0, 0],
	[0, 0, 0, 0, 0],
	[0, 0, 0, 0, 0],
	[0, 0, 0, 0, 0],
	[0, 0, 0, 0, 0],
	[0, 0, 0, 0, 0] ]
