1529 2183 3495
SHOE
ACT	3
SHIFT	96
demand [
	[0, 0, 0],
	[0, 0, 0],
	[0, 0, 0],
	[0, 0, 0],
	[0, 0, 0],
	[0, 0, 0],
	[0, 0, 0],
	[0, 0, 0],
	[0, 0, 0],
	[0, 0, 0],
	[0, 0, 0],
	[0, 0, 0],
	[0, 0, 0],
	[0, 0, 0],
	[0, 0, 0],
	[0, 0, 0],
	[0, 0, 0],
	[0, 0, 0],
	[0, 0, 0],
	[0, 0, 0],
	[0, 0, 0],
	[0, 0, 0],
	[0, 0, 0],
	[0, 0, 0],
	[0, 0, 0],
	[0, 0, 0],
	[0, 0, 0],
	[0, 0, 0],
	[0, 0, 0],
	[0, 0, 0],
	[0, 0, 0],
	[0, 0, 0],
	[1.00, 0, 0],
	[1.00, 0, 0],
	[1.00, 0, 0],
	[1.00, 0, 0],
	[1.00, 1.00, 0],
	[1.00, 1.00, 0],
	[1.00, 1.00, 0],
	[1.00, 1.00, 0],
	[1.25, 1.00, 0],
	[1.25, 1.00, 0],
	[1.25, 1.00, 0],
	[1.25, 1.00, 0],
	[1.75, 1.00, 5.00],
	[1.75, 1.00, 5.00],
	[1.75, 1.00, 5.00],
	[1.75, 1.00, 5.00],
	[1.75, 1.00, 5.75],
	[1.75, 1.00, 5.75],
	[1.75, 1.00, 5.75],
	[1.75, 1.00, 5.75],
	[2.00, 1.00, 6.00],
	[2.00, 1.00, 6.00],
	[2.00, 1.00, 6.00],
	[2.00, 1.00, 6.00],
	[2.00, 1.00, 6.25],
	[2.00, 1.00, 6.25],
	[2.00, 1.00, 6.25],
	[2.00, 1.00, 6.25],
	[2.00, 1.00, 6.00],
	[2.00, 1.00, 6.00],
	[2.00, 1.00, 6.00],
	[2.00, 1.00, 6.00],
	[1.75, 1.00, 0],
	[1.75, 1.00, 0],
	[1.75, 1.00, 0],
	[1.75, 1.00, 0],
	[1.75, 1.00, 0],
	[1.75, 1.00, 0],
	[1.75, 1.00, 0],
	[1.75, 1.00, 0],
	[0, 1.00, 0],
	[0, 1.00, 0],
	[0, 1.00, 0],
	[0, 1.00, 0],
	[0, 1.00, 0],
	[0, 1.00, 0],
	[0, 1.00, 0],
	[0, 1.00, 0],
	[0, 0, 0],
	[0, 0, 0],
	[0, 0, 0],
	[0, 0, 0],
	[0, 0, 0],
	[0, 0, 0],
	[0, 0, 0],
	[0, 0, 0],
	[0, 0, 0],
	[0, 0, 0],
	[0, 0, 0],
	[0, 0, 0],
	[0, 0, 0],
	[0, 0, 0],
	[0, 0, 0],
	[0, 0, 0] ]
overcost [
	[0, 0, 0],
	[0, 0, 0],
	[0, 0, 0],
	[0, 0, 0],
	[0, 0, 0],
	[0, 0, 0],
	[0, 0, 0],
	[0, 0, 0],
	[0, 0, 0],
	[0, 0, 0],
	[0, 0, 0],
	[0, 0, 0],
	[0, 0, 0],
	[0, 0, 0],
	[0, 0, 0],
	[0, 0, 0],
	[0, 0, 0],
	[0, 0, 0],
	[0, 0, 0],
	[0, 0, 0],
	[0, 0, 0],
	[0, 0, 0],
	[0, 0, 0],
	[0, 0, 0],
	[0, 0, 0],
	[0, 0, 0],
	[0, 0, 0],
	[0, 0, 0],
	[0, 0, 0],
	[0, 0, 0],
	[0, 0, 0],
	[0, 0, 0],
	[6.042448e+00, 0, 0],
	[6.042448e+00, 0, 0],
	[6.042448e+00, 0, 0],
	[6.042448e+00, 0, 0],
	[2.920204e+00, 6.977368e+00, 0],
	[2.920204e+00, 6.977368e+00, 0],
	[2.920204e+00, 6.977368e+00, 0],
	[2.920204e+00, 6.977368e+00, 0],
	[2.372832e+00, 5.512279e+00, 0],
	[2.372832e+00, 5.512279e+00, 0],
	[2.372832e+00, 5.512279e+00, 0],
	[2.372832e+00, 5.512279e+00, 0],
	[1.771584e+00, 3.238136e+00, 5.579132e-01],
	[1.771584e+00, 3.238136e+00, 5.579132e-01],
	[1.771584e+00, 3.238136e+00, 5.579132e-01],
	[1.771584e+00, 3.238136e+00, 5.579132e-01],
	[1.356625e+00, 2.455981e+00, 5.430004e-01],
	[1.356625e+00, 2.455981e+00, 5.430004e-01],
	[1.356625e+00, 2.455981e+00, 5.430004e-01],
	[1.356625e+00, 2.455981e+00, 5.430004e-01],
	[1.719563e+00, 2.106469e+00, 4.151791e-01],
	[1.719563e+00, 2.106469e+00, 4.151791e-01],
	[1.719563e+00, 2.106469e+00, 4.151791e-01],
	[1.719563e+00, 2.106469e+00, 4.151791e-01],
	[1.618494e+00, 2.038337e+00, 5.484001e-01],
	[1.618494e+00, 2.038337e+00, 5.484001e-01],
	[1.618494e+00, 2.038337e+00, 5.484001e-01],
	[1.618494e+00, 2.038337e+00, 5.484001e-01],
	[1.563451e+00, 2.236317e+00, 4.352299e-01],
	[1.563451e+00, 2.236317e+00, 4.352299e-01],
	[1.563451e+00, 2.236317e+00, 4.352299e-01],
	[1.563451e+00, 2.236317e+00, 4.352299e-01],
	[1.623122e+00, 3.286475e+00, 0],
	[1.623122e+00, 3.286475e+00, 0],
	[1.623122e+00, 3.286475e+00, 0],
	[1.623122e+00, 3.286475e+00, 0],
	[1.226317e+00, 2.805426e+00, 0],
	[1.226317e+00, 2.805426e+00, 0],
	[1.226317e+00, 2.805426e+00, 0],
	[1.226317e+00, 2.805426e+00, 0],
	[0, 1.817028e+00, 0],
	[0, 1.817028e+00, 0],
	[0, 1.817028e+00, 0],
	[0, 1.817028e+00, 0],
	[0, 2.220439e+00, 0],
	[0, 2.220439e+00, 0],
	[0, 2.220439e+00, 0],
	[0, 2.220439e+00, 0],
	[0, 0, 0],
	[0, 0, 0],
	[0, 0, 0],
	[0, 0, 0],
	[0, 0, 0],
	[0, 0, 0],
	[0, 0, 0],
	[0, 0, 0],
	[0, 0, 0],
	[0, 0, 0],
	[0, 0, 0],
	[0, 0, 0],
	[0, 0, 0],
	[0, 0, 0],
	[0, 0, 0],
	[0, 0, 0] ]
undercost [
	[0, 0, 0],
	[0, 0, 0],
	[0, 0, 0],
	[0, 0, 0],
	[0, 0, 0],
	[0, 0, 0],
	[0, 0, 0],
	[0, 0, 0],
	[0, 0, 0],
	[0, 0, 0],
	[0, 0, 0],
	[0, 0, 0],
	[0, 0, 0],
	[0, 0, 0],
	[0, 0, 0],
	[0, 0, 0],
	[0, 0, 0],
	[0, 0, 0],
	[0, 0, 0],
	[0, 0, 0],
	[0, 0, 0],
	[0, 0, 0],
	[0, 0, 0],
	[0, 0, 0],
	[0, 0, 0],
	[0, 0, 0],
	[0, 0, 0],
	[0, 0, 0],
	[0, 0, 0],
	[0, 0, 0],
	[0, 0, 0],
	[0, 0, 0],
	[1.000000e+06, 0, 0],
	[1.000000e+06, 0, 0],
	[1.000000e+06, 0, 0],
	[1.000000e+06, 0, 0],
	[1.000000e+06, 1.000000e+06, 0],
	[1.000000e+06, 1.000000e+06, 0],
	[1.000000e+06, 1.000000e+06, 0],
	[1.000000e+06, 1.000000e+06, 0],
	[1.000000e+06, 1.000000e+06, 0],
	[1.000000e+06, 1.000000e+06, 0],
	[1.000000e+06, 1.000000e+06, 0],
	[1.000000e+06, 1.000000e+06, 0],
	[1.000000e+06, 1.000000e+06, 8.088877e-01],
	[1.000000e+06, 1.000000e+06, 8.088877e-01],
	[1.000000e+06, 1.000000e+06, 8.088877e-01],
	[1.000000e+06, 1.000000e+06, 8.088877e-01],
	[1.000000e+06, 1.000000e+06, 6.333579e-01],
	[1.000000e+06, 1.000000e+06, 6.333579e-01],
	[1.000000e+06, 1.000000e+06, 6.333579e-01],
	[1.000000e+06, 1.000000e+06, 6.333579e-01],
	[2.041936e+00, 1.000000e+06, 7.238699e-01],
	[2.041936e+00, 1.000000e+06, 7.238699e-01],
	[2.041936e+00, 1.000000e+06, 7.238699e-01],
	[2.041936e+00, 1.000000e+06, 7.238699e-01],
	[2.184158e+00, 1.000000e+06, 5.271291e-01],
	[2.184158e+00, 1.000000e+06, 5.271291e-01],
	[2.184158e+00, 1.000000e+06, 5.271291e-01],
	[2.184158e+00, 1.000000e+06, 5.271291e-01],
	[2.273156e+00, 1.000000e+06, 7.021358e-01],
	[2.273156e+00, 1.000000e+06, 7.021358e-01],
	[2.273156e+00, 1.000000e+06, 7.021358e-01],
	[2.273156e+00, 1.000000e+06, 7.021358e-01],
	[1.000000e+06, 1.000000e+06, 0],
	[1.000000e+06, 1.000000e+06, 0],
	[1.000000e+06, 1.000000e+06, 0],
	[1.000000e+06, 1.000000e+06, 0],
	[1.000000e+06, 1.000000e+06, 0],
	[1.000000e+06, 1.000000e+06, 0],
	[1.000000e+06, 1.000000e+06, 0],
	[1.000000e+06, 1.000000e+06, 0],
	[0, 1.000000e+06, 0],
	[0, 1.000000e+06, 0],
	[0, 1.000000e+06, 0],
	[0, 1.000000e+06, 0],
	[0, 1.000000e+06, 0],
	[0, 1.000000e+06, 0],
	[0, 1.000000e+06, 0],
	[0, 1.000000e+06, 0],
	[0, 0, 0],
	[0, 0, 0],
	[0, 0, 0],
	[0, 0, 0],
	[0, 0, 0],
	[0, 0, 0],
	[0, 0, 0],
	[0, 0, 0],
	[0, 0, 0],
	[0, 0, 0],
	[0, 0, 0],
	[0, 0, 0],
	[0, 0, 0],
	[0, 0, 0],
	[0, 0, 0],
	[0, 0, 0] ]
