98 1189 1272 1683 1778
SHOE
ACT	5
SHIFT	96
demand [
	[0, 0, 0, 0, 0],
	[0, 0, 0, 0, 0],
	[0, 0, 0, 0, 0],
	[0, 0, 0, 0, 0],
	[0, 0, 0, 0, 0],
	[0, 0, 0, 0, 0],
	[0, 0, 0, 0, 0],
	[0, 0, 0, 0, 0],
	[0, 0, 0, 0, 0],
	[0, 0, 0, 0, 0],
	[0, 0, 0, 0, 0],
	[0, 0, 0, 0, 0],
	[0, 0, 0, 0, 0],
	[0, 0, 0, 0, 0],
	[0, 0, 0, 0, 0],
	[0, 0, 0, 0, 0],
	[0, 0, 0, 0, 0],
	[0, 0, 0, 0, 0],
	[0, 0, 0, 0, 0],
	[0, 0, 0, 0, 0],
	[0, 0, 0, 0, 0],
	[0, 0, 0, 0, 0],
	[0, 0, 0, 0, 0],
	[0, 0, 0, 0, 0],
	[0, 0, 0, 0, 0],
	[0, 0, 0, 0, 0],
	[0, 0, 0, 0, 0],
	[0, 0, 0, 0, 0],
	[0, 0, 0, 0, 0],
	[0, 0, 0, 0, 0],
	[0, 0, 0, 0, 0],
	[0, 0, 0, 0, 0],
	[0, 0, 1.25, 0, 0],
	[0, 0, 1.25, 0, 0],
	[0, 0, 1.25, 0, 0],
	[0, 0, 1.25, 0, 0],
	[1.00, 0, 2.25, 1.00, 0],
	[1.00, 0, 2.25, 1.00, 0],
	[1.00, 0, 2.25, 1.00, 0],
	[1.00, 0, 2.25, 1.00, 0],
	[1.00, 0, 2.75, 1.00, 1.00],
	[1.00, 0, 2.75, 1.00, 1.00],
	[1.00, 0, 2.75, 1.00, 1.00],
	[1.00, 0, 2.75, 1.00, 1.00],
	[1.00, 0, 3.50, 1.00, 1.00],
	[1.00, 0, 3.50, 1.00, 1.00],
	[1.00, 0, 3.50, 1.00, 1.00],
	[1.00, 0, 3.50, 1.00, 1.00],
	[1.00, 3.00, 3.50, 1.25, 1.25],
	[1.00, 3.00, 3.50, 1.25, 1.25],
	[1.00, 3.00, 3.50, 1.25, 1.25],
	[1.00, 3.00, 3.50, 1.25, 1.25],
	[1.00, 3.00, 3.75, 1.50, 1.25],
	[1.00, 3.00, 3.75, 1.50, 1.25],
	[1.00, 3.00, 3.75, 1.50, 1.25],
	[1.00, 3.00, 3.75, 1.50, 1.25],
	[1.00, 0, 3.75, 1.50, 1.25],
	[1.00, 0, 3.75, 1.50, 1.25],
	[1.00, 0, 3.75, 1.50, 1.25],
	[1.00, 0, 3.75, 1.50, 1.25],
	[1.00, 3.00, 4.00, 1.25, 1.25],
	[1.00, 3.00, 4.00, 1.25, 1.25],
	[1.00, 3.00, 4.00, 1.25, 1.25],
	[1.00, 3.00, 4.00, 1.25, 1.25],
	[0, 2.50, 3.75, 1.00, 1.00],
	[0, 2.50, 3.75, 1.00, 1.00],
	[0, 2.50, 3.75, 1.00, 1.00],
	[0, 2.50, 3.75, 1.00, 1.00],
	[0, 0, 3.75, 1.25, 1.00],
	[0, 0, 3.75, 1.25, 1.00],
	[0, 0, 3.75, 1.25, 1.00],
	[0, 0, 3.75, 1.25, 1.00],
	[0, 0, 4.25, 1.50, 1.25],
	[0, 0, 4.25, 1.50, 1.25],
	[0, 0, 4.25, 1.50, 1.25],
	[0, 0, 4.25, 1.50, 1.25],
	[0, 0, 4.50, 1.25, 1.25],
	[0, 0, 4.50, 1.25, 1.25],
	[0, 0, 4.50, 1.25, 1.25],
	[0, 0, 4.50, 1.25, 1.25],
	[0, 0, 0, 0, 0],
	[0, 0, 0, 0, 0],
	[0, 0, 0, 0, 0],
	[0, 0, 0, 0, 0],
	[0, 0, 0, 0, 0],
	[0, 0, 0, 0, 0],
	[0, 0, 0, 0, 0],
	[0, 0, 0, 0, 0],
	[0, 0, 0, 0, 0],
	[0, 0, 0, 0, 0],
	[0, 0, 0, 0, 0],
	[0, 0, 0, 0, 0],
	[0, 0, 0, 0, 0],
	[0, 0, 0, 0, 0],
	[0, 0, 0, 0, 0],
	[0, 0, 0, 0, 0] ]
overcost [
	[0, 0, 0, 0, 0],
	[0, 0, 0, 0, 0],
	[0, 0, 0, 0, 0],
	[0, 0, 0, 0, 0],
	[0, 0, 0, 0, 0],
	[0, 0, 0, 0, 0],
	[0, 0, 0, 0, 0],
	[0, 0, 0, 0, 0],
	[0, 0, 0, 0, 0],
	[0, 0, 0, 0, 0],
	[0, 0, 0, 0, 0],
	[0, 0, 0, 0, 0],
	[0, 0, 0, 0, 0],
	[0, 0, 0, 0, 0],
	[0, 0, 0, 0, 0],
	[0, 0, 0, 0, 0],
	[0, 0, 0, 0, 0],
	[0, 0, 0, 0, 0],
	[0, 0, 0, 0, 0],
	[0, 0, 0, 0, 0],
	[0, 0, 0, 0, 0],
	[0, 0, 0, 0, 0],
	[0, 0, 0, 0, 0],
	[0, 0, 0, 0, 0],
	[0, 0, 0, 0, 0],
	[0, 0, 0, 0, 0],
	[0, 0, 0, 0, 0],
	[0, 0, 0, 0, 0],
	[0, 0, 0, 0, 0],
	[0, 0, 0, 0, 0],
	[0, 0, 0, 0, 0],
	[0, 0, 0, 0, 0],
	[0, 0, 1.561661e+00, 0, 0],
	[0, 0, 1.561661e+00, 0, 0],
	[0, 0, 1.561661e+00, 0, 0],
	[0, 0, 1.561661e+00, 0, 0],
	[9.129024e+00, 0, 1.198194e+00, 6.447690e+00, 0],
	[9.129024e+00, 0, 1.198194e+00, 6.447690e+00, 0],
	[9.129024e+00, 0, 1.198194e+00, 6.447690e+00, 0],
	[9.129024e+00, 0, 1.198194e+00, 6.447690e+00, 0],
	[7.017653e+00, 0, 1.183063e+00, 4.563429e+00, 5.432887e+00],
	[7.017653e+00, 0, 1.183063e+00, 4.563429e+00, 5.432887e+00],
	[7.017653e+00, 0, 1.183063e+00, 4.563429e+00, 5.432887e+00],
	[7.017653e+00, 0, 1.183063e+00, 4.563429e+00, 5.432887e+00],
	[4.296245e+00, 0, 8.574171e-01, 1.751568e+00, 2.326935e+00],
	[4.296245e+00, 0, 8.574171e-01, 1.751568e+00, 2.326935e+00],
	[4.296245e+00, 0, 8.574171e-01, 1.751568e+00, 2.326935e+00],
	[4.296245e+00, 0, 8.574171e-01, 1.751568e+00, 2.326935e+00],
	[3.130429e+00, 1.145029e+00, 6.946394e-01, 1.551497e+00, 2.003635e+00],
	[3.130429e+00, 1.145029e+00, 6.946394e-01, 1.551497e+00, 2.003635e+00],
	[3.130429e+00, 1.145029e+00, 6.946394e-01, 1.551497e+00, 2.003635e+00],
	[3.130429e+00, 1.145029e+00, 6.946394e-01, 1.551497e+00, 2.003635e+00],
	[2.721097e+00, 8.083250e-01, 8.520530e-01, 1.873412e+00, 1.576805e+00],
	[2.721097e+00, 8.083250e-01, 8.520530e-01, 1.873412e+00, 1.576805e+00],
	[2.721097e+00, 8.083250e-01, 8.520530e-01, 1.873412e+00, 1.576805e+00],
	[2.721097e+00, 8.083250e-01, 8.520530e-01, 1.873412e+00, 1.576805e+00],
	[2.637484e+00, 0, 7.294983e-01, 1.798851e+00, 1.490805e+00],
	[2.637484e+00, 0, 7.294983e-01, 1.798851e+00, 1.490805e+00],
	[2.637484e+00, 0, 7.294983e-01, 1.798851e+00, 1.490805e+00],
	[2.637484e+00, 0, 7.294983e-01, 1.798851e+00, 1.490805e+00],
	[3.024174e+00, 8.074915e-01, 8.975892e-01, 1.356845e+00, 1.831197e+00],
	[3.024174e+00, 8.074915e-01, 8.975892e-01, 1.356845e+00, 1.831197e+00],
	[3.024174e+00, 8.074915e-01, 8.975892e-01, 1.356845e+00, 1.831197e+00],
	[3.024174e+00, 8.074915e-01, 8.975892e-01, 1.356845e+00, 1.831197e+00],
	[0, 8.845416e-01, 9.867720e-01, 1.820122e+00, 2.427423e+00],
	[0, 8.845416e-01, 9.867720e-01, 1.820122e+00, 2.427423e+00],
	[0, 8.845416e-01, 9.867720e-01, 1.820122e+00, 2.427423e+00],
	[0, 8.845416e-01, 9.867720e-01, 1.820122e+00, 2.427423e+00],
	[0, 0, 6.997085e-01, 2.058310e+00, 1.787101e+00],
	[0, 0, 6.997085e-01, 2.058310e+00, 1.787101e+00],
	[0, 0, 6.997085e-01, 2.058310e+00, 1.787101e+00],
	[0, 0, 6.997085e-01, 2.058310e+00, 1.787101e+00],
	[0, 0, 8.721889e-01, 1.693637e+00, 1.426657e+00],
	[0, 0, 8.721889e-01, 1.693637e+00, 1.426657e+00],
	[0, 0, 8.721889e-01, 1.693637e+00, 1.426657e+00],
	[0, 0, 8.721889e-01, 1.693637e+00, 1.426657e+00],
	[0, 0, 7.592599e-01, 1.611769e+00, 2.245446e+00],
	[0, 0, 7.592599e-01, 1.611769e+00, 2.245446e+00],
	[0, 0, 7.592599e-01, 1.611769e+00, 2.245446e+00],
	[0, 0, 7.592599e-01, 1.611769e+00, 2.245446e+00],
	[0, 0, 0, 0, 0],
	[0, 0, 0, 0, 0],
	[0, 0, 0, 0, 0],
	[0, 0, 0, 0, 0],
	[0, 0, 0, 0, 0],
	[0, 0, 0, 0, 0],
	[0, 0, 0, 0, 0],
	[0, 0, 0, 0, 0],
	[0, 0, 0, 0, 0],
	[0, 0, 0, 0, 0],
	[0, 0, 0, 0, 0],
	[0, 0, 0, 0, 0],
	[0, 0, 0, 0, 0],
	[0, 0, 0, 0, 0],
	[0, 0, 0, 0, 0],
	[0, 0, 0, 0, 0] ]
undercost [
	[0, 0, 0, 0, 0],
	[0, 0, 0, 0, 0],
	[0, 0, 0, 0, 0],
	[0, 0, 0, 0, 0],
	[0, 0, 0, 0, 0],
	[0, 0, 0, 0, 0],
	[0, 0, 0, 0, 0],
	[0, 0, 0, 0, 0],
	[0, 0, 0, 0, 0],
	[0, 0, 0, 0, 0],
	[0, 0, 0, 0, 0],
	[0, 0, 0, 0, 0],
	[0, 0, 0, 0, 0],
	[0, 0, 0, 0, 0],
	[0, 0, 0, 0, 0],
	[0, 0, 0, 0, 0],
	[0, 0, 0, 0, 0],
	[0, 0, 0, 0, 0],
	[0, 0, 0, 0, 0],
	[0, 0, 0, 0, 0],
	[0, 0, 0, 0, 0],
	[0, 0, 0, 0, 0],
	[0, 0, 0, 0, 0],
	[0, 0, 0, 0, 0],
	[0, 0, 0, 0, 0],
	[0, 0, 0, 0, 0],
	[0, 0, 0, 0, 0],
	[0, 0, 0, 0, 0],
	[0, 0, 0, 0, 0],
	[0, 0, 0, 0, 0],
	[0, 0, 0, 0, 0],
	[0, 0, 0, 0, 0],
	[0, 0, 1.000000e+06, 0, 0],
	[0, 0, 1.000000e+06, 0, 0],
	[0, 0, 1.000000e+06, 0, 0],
	[0, 0, 1.000000e+06, 0, 0],
	[1.000000e+06, 0, 2.135288e+00, 1.000000e+06, 0],
	[1.000000e+06, 0, 2.135288e+00, 1.000000e+06, 0],
	[1.000000e+06, 0, 2.135288e+00, 1.000000e+06, 0],
	[1.000000e+06, 0, 2.135288e+00, 1.000000e+06, 0],
	[1.000000e+06, 0, 1.432864e+00, 1.000000e+06, 1.000000e+06],
	[1.000000e+06, 0, 1.432864e+00, 1.000000e+06, 1.000000e+06],
	[1.000000e+06, 0, 1.432864e+00, 1.000000e+06, 1.000000e+06],
	[1.000000e+06, 0, 1.432864e+00, 1.000000e+06, 1.000000e+06],
	[1.000000e+06, 0, 1.191444e+00, 1.000000e+06, 1.000000e+06],
	[1.000000e+06, 0, 1.191444e+00, 1.000000e+06, 1.000000e+06],
	[1.000000e+06, 0, 1.191444e+00, 1.000000e+06, 1.000000e+06],
	[1.000000e+06, 0, 1.191444e+00, 1.000000e+06, 1.000000e+06],
	[1.000000e+06, 1.017067e+00, 1.383473e+00, 1.000000e+06, 1.000000e+06],
	[1.000000e+06, 1.017067e+00, 1.383473e+00, 1.000000e+06, 1.000000e+06],
	[1.000000e+06, 1.017067e+00, 1.383473e+00, 1.000000e+06, 1.000000e+06],
	[1.000000e+06, 1.017067e+00, 1.383473e+00, 1.000000e+06, 1.000000e+06],
	[1.000000e+06, 1.438304e+00, 1.040840e+00, 1.000000e+06, 1.000000e+06],
	[1.000000e+06, 1.438304e+00, 1.040840e+00, 1.000000e+06, 1.000000e+06],
	[1.000000e+06, 1.438304e+00, 1.040840e+00, 1.000000e+06, 1.000000e+06],
	[1.000000e+06, 1.438304e+00, 1.040840e+00, 1.000000e+06, 1.000000e+06],
	[1.000000e+06, 0, 1.187179e+00, 1.000000e+06, 1.000000e+06],
	[1.000000e+06, 0, 1.187179e+00, 1.000000e+06, 1.000000e+06],
	[1.000000e+06, 0, 1.187179e+00, 1.000000e+06, 1.000000e+06],
	[1.000000e+06, 0, 1.187179e+00, 1.000000e+06, 1.000000e+06],
	[1.000000e+06, 1.442576e+00, 8.587057e-01, 1.000000e+06, 1.000000e+06],
	[1.000000e+06, 1.442576e+00, 8.587057e-01, 1.000000e+06, 1.000000e+06],
	[1.000000e+06, 1.442576e+00, 8.587057e-01, 1.000000e+06, 1.000000e+06],
	[1.000000e+06, 1.442576e+00, 8.587057e-01, 1.000000e+06, 1.000000e+06],
	[0, 1.894018e+00, 8.850102e-01, 1.000000e+06, 1.000000e+06],
	[0, 1.894018e+00, 8.850102e-01, 1.000000e+06, 1.000000e+06],
	[0, 1.894018e+00, 8.850102e-01, 1.000000e+06, 1.000000e+06],
	[0, 1.894018e+00, 8.850102e-01, 1.000000e+06, 1.000000e+06],
	[0, 0, 1.227992e+00, 1.000000e+06, 1.000000e+06],
	[0, 0, 1.227992e+00, 1.000000e+06, 1.000000e+06],
	[0, 0, 1.227992e+00, 1.000000e+06, 1.000000e+06],
	[0, 0, 1.227992e+00, 1.000000e+06, 1.000000e+06],
	[0, 0, 7.765073e-01, 1.000000e+06, 1.000000e+06],
	[0, 0, 7.765073e-01, 1.000000e+06, 1.000000e+06],
	[0, 0, 7.765073e-01, 1.000000e+06, 1.000000e+06],
	[0, 0, 7.765073e-01, 1.000000e+06, 1.000000e+06],
	[0, 0, 8.118127e-01, 1.000000e+06, 1.000000e+06],
	[0, 0, 8.118127e-01, 1.000000e+06, 1.000000e+06],
	[0, 0, 8.118127e-01, 1.000000e+06, 1.000000e+06],
	[0, 0, 8.118127e-01, 1.000000e+06, 1.000000e+06],
	[0, 0, 0, 0, 0],
	[0, 0, 0, 0, 0],
	[0, 0, 0, 0, 0],
	[0, 0, 0, 0, 0],
	[0, 0, 0, 0, 0],
	[0, 0, 0, 0, 0],
	[0, 0, 0, 0, 0],
	[0, 0, 0, 0, 0],
	[0, 0, 0, 0, 0],
	[0, 0, 0, 0, 0],
	[0, 0, 0, 0, 0],
	[0, 0, 0, 0, 0],
	[0, 0, 0, 0, 0],
	[0, 0, 0, 0, 0],
	[0, 0, 0, 0, 0],
	[0, 0, 0, 0, 0] ]
