886
SHOE
ACT	1
SHIFT	96
demand [
	[0],
	[0],
	[0],
	[0],
	[0],
	[0],
	[0],
	[0],
	[0],
	[0],
	[0],
	[0],
	[0],
	[0],
	[0],
	[0],
	[0],
	[0],
	[0],
	[0],
	[0],
	[0],
	[0],
	[0],
	[0],
	[0],
	[0],
	[0],
	[0],
	[0],
	[0],
	[0],
	[0],
	[0],
	[0],
	[0],
	[1.00],
	[1.00],
	[1.00],
	[1.00],
	[1.00],
	[1.00],
	[1.00],
	[1.00],
	[1.50],
	[1.50],
	[1.50],
	[1.50],
	[1.75],
	[1.75],
	[1.75],
	[1.75],
	[1.75],
	[1.75],
	[1.75],
	[1.75],
	[1.75],
	[1.75],
	[1.75],
	[1.75],
	[1.75],
	[1.75],
	[1.75],
	[1.75],
	[1.50],
	[1.50],
	[1.50],
	[1.50],
	[1.75],
	[1.75],
	[1.75],
	[1.75],
	[2.00],
	[2.00],
	[2.00],
	[2.00],
	[2.00],
	[2.00],
	[2.00],
	[2.00],
	[0],
	[0],
	[0],
	[0],
	[0],
	[0],
	[0],
	[0],
	[0],
	[0],
	[0],
	[0],
	[0],
	[0],
	[0],
	[0] ]
overcost [
	[0],
	[0],
	[0],
	[0],
	[0],
	[0],
	[0],
	[0],
	[0],
	[0],
	[0],
	[0],
	[0],
	[0],
	[0],
	[0],
	[0],
	[0],
	[0],
	[0],
	[0],
	[0],
	[0],
	[0],
	[0],
	[0],
	[0],
	[0],
	[0],
	[0],
	[0],
	[0],
	[0],
	[0],
	[0],
	[0],
	[4.309075e+00],
	[4.309075e+00],
	[4.309075e+00],
	[4.309075e+00],
	[2.501411e+00],
	[2.501411e+00],
	[2.501411e+00],
	[2.501411e+00],
	[1.712686e+00],
	[1.712686e+00],
	[1.712686e+00],
	[1.712686e+00],
	[1.927297e+00],
	[1.927297e+00],
	[1.927297e+00],
	[1.927297e+00],
	[1.568352e+00],
	[1.568352e+00],
	[1.568352e+00],
	[1.568352e+00],
	[1.463512e+00],
	[1.463512e+00],
	[1.463512e+00],
	[1.463512e+00],
	[1.473730e+00],
	[1.473730e+00],
	[1.473730e+00],
	[1.473730e+00],
	[1.607850e+00],
	[1.607850e+00],
	[1.607850e+00],
	[1.607850e+00],
	[1.918000e+00],
	[1.918000e+00],
	[1.918000e+00],
	[1.918000e+00],
	[1.699557e+00],
	[1.699557e+00],
	[1.699557e+00],
	[1.699557e+00],
	[1.623801e+00],
	[1.623801e+00],
	[1.623801e+00],
	[1.623801e+00],
	[0],
	[0],
	[0],
	[0],
	[0],
	[0],
	[0],
	[0],
	[0],
	[0],
	[0],
	[0],
	[0],
	[0],
	[0],
	[0] ]
undercost [
	[0],
	[0],
	[0],
	[0],
	[0],
	[0],
	[0],
	[0],
	[0],
	[0],
	[0],
	[0],
	[0],
	[0],
	[0],
	[0],
	[0],
	[0],
	[0],
	[0],
	[0],
	[0],
	[0],
	[0],
	[0],
	[0],
	[0],
	[0],
	[0],
	[0],
	[0],
	[0],
	[0],
	[0],
	[0],
	[0],
	[1.000000e+06],
	[1.000000e+06],
	[1.000000e+06],
	[1.000000e+06],
	[1.000000e+06],
	[1.000000e+06],
	[1.000000e+06],
	[1.000000e+06],
	[1.000000e+06],
	[1.000000e+06],
	[1.000000e+06],
	[1.000000e+06],
	[1.000000e+06],
	[1.000000e+06],
	[1.000000e+06],
	[1.000000e+06],
	[1.000000e+06],
	[1.000000e+06],
	[1.000000e+06],
	[1.000000e+06],
	[1.000000e+06],
	[1.000000e+06],
	[1.000000e+06],
	[1.000000e+06],
	[1.000000e+06],
	[1.000000e+06],
	[1.000000e+06],
	[1.000000e+06],
	[1.000000e+06],
	[1.000000e+06],
	[1.000000e+06],
	[1.000000e+06],
	[1.000000e+06],
	[1.000000e+06],
	[1.000000e+06],
	[1.000000e+06],
	[2.546011e+00],
	[2.546011e+00],
	[2.546011e+00],
	[2.546011e+00],
	[2.682128e+00],
	[2.682128e+00],
	[2.682128e+00],
	[2.682128e+00],
	[0],
	[0],
	[0],
	[0],
	[0],
	[0],
	[0],
	[0],
	[0],
	[0],
	[0],
	[0],
	[0],
	[0],
	[0],
	[0] ]
