1402 2564 3396 3632 4179 4220 4269
SHOE
ACT	7
SHIFT	96
demand [
	[0, 0, 0, 0, 0, 0, 0],
	[0, 0, 0, 0, 0, 0, 0],
	[0, 0, 0, 0, 0, 0, 0],
	[0, 0, 0, 0, 0, 0, 0],
	[0, 0, 0, 0, 0, 0, 0],
	[0, 0, 0, 0, 0, 0, 0],
	[0, 0, 0, 0, 0, 0, 0],
	[0, 0, 0, 0, 0, 0, 0],
	[0, 0, 0, 0, 0, 0, 0],
	[0, 0, 0, 0, 0, 0, 0],
	[0, 0, 0, 0, 0, 0, 0],
	[0, 0, 0, 0, 0, 0, 0],
	[0, 0, 0, 0, 0, 0, 0],
	[0, 0, 0, 0, 0, 0, 0],
	[0, 0, 0, 0, 0, 0, 0],
	[0, 0, 0, 0, 0, 0, 0],
	[0, 0, 0, 0, 0, 0, 0],
	[0, 0, 0, 0, 0, 0, 0],
	[0, 0, 0, 0, 0, 0, 0],
	[0, 0, 0, 0, 0, 0, 0],
	[0, 0, 0, 0, 0, 0, 0],
	[0, 0, 0, 0, 0, 0, 0],
	[0, 0, 0, 0, 0, 0, 0],
	[0, 0, 0, 0, 0, 0, 0],
	[0, 0, 0, 0, 0, 0, 0],
	[0, 0, 0, 0, 0, 0, 0],
	[0, 0, 0, 0, 0, 0, 0],
	[0, 0, 0, 0, 0, 0, 0],
	[0, 0, 0, 0, 0, 0, 0],
	[0, 0, 0, 0, 0, 0, 0],
	[0, 0, 0, 0, 0, 0, 0],
	[0, 0, 0, 0, 0, 0, 0],
	[1.00, 0, 1.00, 0, 0, 1.00, 1.00],
	[1.00, 0, 1.00, 0, 0, 1.00, 1.00],
	[1.00, 0, 1.00, 0, 0, 1.00, 1.00],
	[1.00, 0, 1.00, 0, 0, 1.00, 1.00],
	[1.00, 0, 1.00, 1.00, 1.00, 1.00, 1.00],
	[1.00, 0, 1.00, 1.00, 1.00, 1.00, 1.00],
	[1.00, 0, 1.00, 1.00, 1.00, 1.00, 1.00],
	[1.00, 0, 1.00, 1.00, 1.00, 1.00, 1.00],
	[1.00, 0, 1.50, 1.00, 1.00, 1.25, 1.00],
	[1.00, 0, 1.50, 1.00, 1.00, 1.25, 1.00],
	[1.00, 0, 1.50, 1.00, 1.00, 1.25, 1.00],
	[1.00, 0, 1.50, 1.00, 1.00, 1.25, 1.00],
	[1.75, 1.75, 3.50, 1.00, 1.00, 1.75, 1.00],
	[1.75, 1.75, 3.50, 1.00, 1.00, 1.75, 1.00],
	[1.75, 1.75, 3.50, 1.00, 1.00, 1.75, 1.00],
	[1.75, 1.75, 3.50, 1.00, 1.00, 1.75, 1.00],
	[2.00, 2.00, 4.50, 0, 1.00, 2.00, 1.00],
	[2.00, 2.00, 4.50, 0, 1.00, 2.00, 1.00],
	[2.00, 2.00, 4.50, 0, 1.00, 2.00, 1.00],
	[2.00, 2.00, 4.50, 0, 1.00, 2.00, 1.00],
	[2.00, 2.00, 5.00, 0, 1.00, 2.00, 1.00],
	[2.00, 2.00, 5.00, 0, 1.00, 2.00, 1.00],
	[2.00, 2.00, 5.00, 0, 1.00, 2.00, 1.00],
	[2.00, 2.00, 5.00, 0, 1.00, 2.00, 1.00],
	[2.00, 2.25, 5.00, 0, 1.00, 2.00, 1.00],
	[2.00, 2.25, 5.00, 0, 1.00, 2.00, 1.00],
	[2.00, 2.25, 5.00, 0, 1.00, 2.00, 1.00],
	[2.00, 2.25, 5.00, 0, 1.00, 2.00, 1.00],
	[2.00, 2.25, 4.75, 0, 1.00, 2.00, 1.00],
	[2.00, 2.25, 4.75, 0, 1.00, 2.00, 1.00],
	[2.00, 2.25, 4.75, 0, 1.00, 2.00, 1.00],
	[2.00, 2.25, 4.75, 0, 1.00, 2.00, 1.00],
	[1.75, 0, 3.50, 1.00, 1.00, 1.75, 1.00],
	[1.75, 0, 3.50, 1.00, 1.00, 1.75, 1.00],
	[1.75, 0, 3.50, 1.00, 1.00, 1.75, 1.00],
	[1.75, 0, 3.50, 1.00, 1.00, 1.75, 1.00],
	[1.75, 0, 4.00, 1.00, 1.00, 0, 0],
	[1.75, 0, 4.00, 1.00, 1.00, 0, 0],
	[1.75, 0, 4.00, 1.00, 1.00, 0, 0],
	[1.75, 0, 4.00, 1.00, 1.00, 0, 0],
	[2.25, 0, 5.00, 1.00, 1.00, 0, 0],
	[2.25, 0, 5.00, 1.00, 1.00, 0, 0],
	[2.25, 0, 5.00, 1.00, 1.00, 0, 0],
	[2.25, 0, 5.00, 1.00, 1.00, 0, 0],
	[2.00, 0, 4.25, 1.00, 1.00, 0, 0],
	[2.00, 0, 4.25, 1.00, 1.00, 0, 0],
	[2.00, 0, 4.25, 1.00, 1.00, 0, 0],
	[2.00, 0, 4.25, 1.00, 1.00, 0, 0],
	[1.00, 0, 0, 0, 1.00, 0, 0],
	[1.00, 0, 0, 0, 1.00, 0, 0],
	[1.00, 0, 0, 0, 1.00, 0, 0],
	[1.00, 0, 0, 0, 1.00, 0, 0],
	[0, 0, 0, 0, 0, 0, 0],
	[0, 0, 0, 0, 0, 0, 0],
	[0, 0, 0, 0, 0, 0, 0],
	[0, 0, 0, 0, 0, 0, 0],
	[0, 0, 0, 0, 0, 0, 0],
	[0, 0, 0, 0, 0, 0, 0],
	[0, 0, 0, 0, 0, 0, 0],
	[0, 0, 0, 0, 0, 0, 0],
	[0, 0, 0, 0, 0, 0, 0],
	[0, 0, 0, 0, 0, 0, 0],
	[0, 0, 0, 0, 0, 0, 0],
	[0, 0, 0, 0, 0, 0, 0] ]
overcost [
	[0, 0, 0, 0, 0, 0, 0],
	[0, 0, 0, 0, 0, 0, 0],
	[0, 0, 0, 0, 0, 0, 0],
	[0, 0, 0, 0, 0, 0, 0],
	[0, 0, 0, 0, 0, 0, 0],
	[0, 0, 0, 0, 0, 0, 0],
	[0, 0, 0, 0, 0, 0, 0],
	[0, 0, 0, 0, 0, 0, 0],
	[0, 0, 0, 0, 0, 0, 0],
	[0, 0, 0, 0, 0, 0, 0],
	[0, 0, 0, 0, 0, 0, 0],
	[0, 0, 0, 0, 0, 0, 0],
	[0, 0, 0, 0, 0, 0, 0],
	[0, 0, 0, 0, 0, 0, 0],
	[0, 0, 0, 0, 0, 0, 0],
	[0, 0, 0, 0, 0, 0, 0],
	[0, 0, 0, 0, 0, 0, 0],
	[0, 0, 0, 0, 0, 0, 0],
	[0, 0, 0, 0, 0, 0, 0],
	[0, 0, 0, 0, 0, 0, 0],
	[0, 0, 0, 0, 0, 0, 0],
	[0, 0, 0, 0, 0, 0, 0],
	[0, 0, 0, 0, 0, 0, 0],
	[0, 0, 0, 0, 0, 0, 0],
	[0, 0, 0, 0, 0, 0, 0],
	[0, 0, 0, 0, 0, 0, 0],
	[0, 0, 0, 0, 0, 0, 0],
	[0, 0, 0, 0, 0, 0, 0],
	[0, 0, 0, 0, 0, 0, 0],
	[0, 0, 0, 0, 0, 0, 0],
	[0, 0, 0, 0, 0, 0, 0],
	[0, 0, 0, 0, 0, 0, 0],
	[7.723714e+00, 0, 8.109363e+00, 0, 0, 6.139375e+00, 9.073278e+00],
	[7.723714e+00, 0, 8.109363e+00, 0, 0, 6.139375e+00, 9.073278e+00],
	[7.723714e+00, 0, 8.109363e+00, 0, 0, 6.139375e+00, 9.073278e+00],
	[7.723714e+00, 0, 8.109363e+00, 0, 0, 6.139375e+00, 9.073278e+00],
	[3.958501e+00, 0, 5.127512e+00, 1.065080e+01, 9.010545e+00, 2.950771e+00, 6.940516e+00],
	[3.958501e+00, 0, 5.127512e+00, 1.065080e+01, 9.010545e+00, 2.950771e+00, 6.940516e+00],
	[3.958501e+00, 0, 5.127512e+00, 1.065080e+01, 9.010545e+00, 2.950771e+00, 6.940516e+00],
	[3.958501e+00, 0, 5.127512e+00, 1.065080e+01, 9.010545e+00, 2.950771e+00, 6.940516e+00],
	[2.030432e+00, 0, 1.496645e+00, 1.061111e+01, 8.977009e+00, 2.200515e+00, 5.821390e+00],
	[2.030432e+00, 0, 1.496645e+00, 1.061111e+01, 8.977009e+00, 2.200515e+00, 5.821390e+00],
	[2.030432e+00, 0, 1.496645e+00, 1.061111e+01, 8.977009e+00, 2.200515e+00, 5.821390e+00],
	[2.030432e+00, 0, 1.496645e+00, 1.061111e+01, 8.977009e+00, 2.200515e+00, 5.821390e+00],
	[1.799417e+00, 1.305993e+00, 6.469936e-01, 8.793833e+00, 5.975932e+00, 1.358627e+00, 4.019415e+00],
	[1.799417e+00, 1.305993e+00, 6.469936e-01, 8.793833e+00, 5.975932e+00, 1.358627e+00, 4.019415e+00],
	[1.799417e+00, 1.305993e+00, 6.469936e-01, 8.793833e+00, 5.975932e+00, 1.358627e+00, 4.019415e+00],
	[1.799417e+00, 1.305993e+00, 6.469936e-01, 8.793833e+00, 5.975932e+00, 1.358627e+00, 4.019415e+00],
	[1.739222e+00, 1.355115e+00, 5.177250e-01, 0, 3.343230e+00, 1.507386e+00, 3.489638e+00],
	[1.739222e+00, 1.355115e+00, 5.177250e-01, 0, 3.343230e+00, 1.507386e+00, 3.489638e+00],
	[1.739222e+00, 1.355115e+00, 5.177250e-01, 0, 3.343230e+00, 1.507386e+00, 3.489638e+00],
	[1.739222e+00, 1.355115e+00, 5.177250e-01, 0, 3.343230e+00, 1.507386e+00, 3.489638e+00],
	[1.382676e+00, 1.031229e+00, 5.949818e-01, 0, 2.650174e+00, 1.211308e+00, 3.213197e+00],
	[1.382676e+00, 1.031229e+00, 5.949818e-01, 0, 2.650174e+00, 1.211308e+00, 3.213197e+00],
	[1.382676e+00, 1.031229e+00, 5.949818e-01, 0, 2.650174e+00, 1.211308e+00, 3.213197e+00],
	[1.382676e+00, 1.031229e+00, 5.949818e-01, 0, 2.650174e+00, 1.211308e+00, 3.213197e+00],
	[1.276402e+00, 1.513832e+00, 5.118317e-01, 0, 2.611339e+00, 1.128615e+00, 3.158875e+00],
	[1.276402e+00, 1.513832e+00, 5.118317e-01, 0, 2.611339e+00, 1.128615e+00, 3.158875e+00],
	[1.276402e+00, 1.513832e+00, 5.118317e-01, 0, 2.611339e+00, 1.128615e+00, 3.158875e+00],
	[1.276402e+00, 1.513832e+00, 5.118317e-01, 0, 2.611339e+00, 1.128615e+00, 3.158875e+00],
	[1.365706e+00, 1.542978e+00, 6.529376e-01, 0, 3.701146e+00, 1.119157e+00, 3.258243e+00],
	[1.365706e+00, 1.542978e+00, 6.529376e-01, 0, 3.701146e+00, 1.119157e+00, 3.258243e+00],
	[1.365706e+00, 1.542978e+00, 6.529376e-01, 0, 3.701146e+00, 1.119157e+00, 3.258243e+00],
	[1.365706e+00, 1.542978e+00, 6.529376e-01, 0, 3.701146e+00, 1.119157e+00, 3.258243e+00],
	[1.718997e+00, 0, 8.075395e-01, 1.048140e+01, 6.710925e+00, 1.275899e+00, 4.036172e+00],
	[1.718997e+00, 0, 8.075395e-01, 1.048140e+01, 6.710925e+00, 1.275899e+00, 4.036172e+00],
	[1.718997e+00, 0, 8.075395e-01, 1.048140e+01, 6.710925e+00, 1.275899e+00, 4.036172e+00],
	[1.718997e+00, 0, 8.075395e-01, 1.048140e+01, 6.710925e+00, 1.275899e+00, 4.036172e+00],
	[1.221876e+00, 0, 7.333392e-01, 8.097847e+00, 5.527558e+00, 0, 0],
	[1.221876e+00, 0, 7.333392e-01, 8.097847e+00, 5.527558e+00, 0, 0],
	[1.221876e+00, 0, 7.333392e-01, 8.097847e+00, 5.527558e+00, 0, 0],
	[1.221876e+00, 0, 7.333392e-01, 8.097847e+00, 5.527558e+00, 0, 0],
	[1.555065e+00, 0, 4.939825e-01, 3.926236e+00, 3.266536e+00, 0, 0],
	[1.555065e+00, 0, 4.939825e-01, 3.926236e+00, 3.266536e+00, 0, 0],
	[1.555065e+00, 0, 4.939825e-01, 3.926236e+00, 3.266536e+00, 0, 0],
	[1.555065e+00, 0, 4.939825e-01, 3.926236e+00, 3.266536e+00, 0, 0],
	[1.115534e+00, 0, 6.593962e-01, 1.031804e+01, 6.350583e+00, 0, 0],
	[1.115534e+00, 0, 6.593962e-01, 1.031804e+01, 6.350583e+00, 0, 0],
	[1.115534e+00, 0, 6.593962e-01, 1.031804e+01, 6.350583e+00, 0, 0],
	[1.115534e+00, 0, 6.593962e-01, 1.031804e+01, 6.350583e+00, 0, 0],
	[3.842290e+00, 0, 0, 0, 8.422406e+00, 0, 0],
	[3.842290e+00, 0, 0, 0, 8.422406e+00, 0, 0],
	[3.842290e+00, 0, 0, 0, 8.422406e+00, 0, 0],
	[3.842290e+00, 0, 0, 0, 8.422406e+00, 0, 0],
	[0, 0, 0, 0, 0, 0, 0],
	[0, 0, 0, 0, 0, 0, 0],
	[0, 0, 0, 0, 0, 0, 0],
	[0, 0, 0, 0, 0, 0, 0],
	[0, 0, 0, 0, 0, 0, 0],
	[0, 0, 0, 0, 0, 0, 0],
	[0, 0, 0, 0, 0, 0, 0],
	[0, 0, 0, 0, 0, 0, 0],
	[0, 0, 0, 0, 0, 0, 0],
	[0, 0, 0, 0, 0, 0, 0],
	[0, 0, 0, 0, 0, 0, 0],
	[0, 0, 0, 0, 0, 0, 0] ]
undercost [
	[0, 0, 0, 0, 0, 0, 0],
	[0, 0, 0, 0, 0, 0, 0],
	[0, 0, 0, 0, 0, 0, 0],
	[0, 0, 0, 0, 0, 0, 0],
	[0, 0, 0, 0, 0, 0, 0],
	[0, 0, 0, 0, 0, 0, 0],
	[0, 0, 0, 0, 0, 0, 0],
	[0, 0, 0, 0, 0, 0, 0],
	[0, 0, 0, 0, 0, 0, 0],
	[0, 0, 0, 0, 0, 0, 0],
	[0, 0, 0, 0, 0, 0, 0],
	[0, 0, 0, 0, 0, 0, 0],
	[0, 0, 0, 0, 0, 0, 0],
	[0, 0, 0, 0, 0, 0, 0],
	[0, 0, 0, 0, 0, 0, 0],
	[0, 0, 0, 0, 0, 0, 0],
	[0, 0, 0, 0, 0, 0, 0],
	[0, 0, 0, 0, 0, 0, 0],
	[0, 0, 0, 0, 0, 0, 0],
	[0, 0, 0, 0, 0, 0, 0],
	[0, 0, 0, 0, 0, 0, 0],
	[0, 0, 0, 0, 0, 0, 0],
	[0, 0, 0, 0, 0, 0, 0],
	[0, 0, 0, 0, 0, 0, 0],
	[0, 0, 0, 0, 0, 0, 0],
	[0, 0, 0, 0, 0, 0, 0],
	[0, 0, 0, 0, 0, 0, 0],
	[0, 0, 0, 0, 0, 0, 0],
	[0, 0, 0, 0, 0, 0, 0],
	[0, 0, 0, 0, 0, 0, 0],
	[0, 0, 0, 0, 0, 0, 0],
	[0, 0, 0, 0, 0, 0, 0],
	[1.000000e+06, 0, 1.000000e+06, 0, 0, 1.000000e+06, 1.000000e+06],
	[1.000000e+06, 0, 1.000000e+06, 0, 0, 1.000000e+06, 1.000000e+06],
	[1.000000e+06, 0, 1.000000e+06, 0, 0, 1.000000e+06, 1.000000e+06],
	[1.000000e+06, 0, 1.000000e+06, 0, 0, 1.000000e+06, 1.000000e+06],
	[1.000000e+06, 0, 1.000000e+06, 1.000000e+06, 1.000000e+06, 1.000000e+06, 1.000000e+06],
	[1.000000e+06, 0, 1.000000e+06, 1.000000e+06, 1.000000e+06, 1.000000e+06, 1.000000e+06],
	[1.000000e+06, 0, 1.000000e+06, 1.000000e+06, 1.000000e+06, 1.000000e+06, 1.000000e+06],
	[1.000000e+06, 0, 1.000000e+06, 1.000000e+06, 1.000000e+06, 1.000000e+06, 1.000000e+06],
	[1.000000e+06, 0, 1.000000e+06, 1.000000e+06, 1.000000e+06, 1.000000e+06, 1.000000e+06],
	[1.000000e+06, 0, 1.000000e+06, 1.000000e+06, 1.000000e+06, 1.000000e+06, 1.000000e+06],
	[1.000000e+06, 0, 1.000000e+06, 1.000000e+06, 1.000000e+06, 1.000000e+06, 1.000000e+06],
	[1.000000e+06, 0, 1.000000e+06, 1.000000e+06, 1.000000e+06, 1.000000e+06, 1.000000e+06],
	[1.000000e+06, 1.000000e+06, 1.172570e+00, 1.000000e+06, 1.000000e+06, 1.000000e+06, 1.000000e+06],
	[1.000000e+06, 1.000000e+06, 1.172570e+00, 1.000000e+06, 1.000000e+06, 1.000000e+06, 1.000000e+06],
	[1.000000e+06, 1.000000e+06, 1.172570e+00, 1.000000e+06, 1.000000e+06, 1.000000e+06, 1.000000e+06],
	[1.000000e+06, 1.000000e+06, 1.172570e+00, 1.000000e+06, 1.000000e+06, 1.000000e+06, 1.000000e+06],
	[2.102838e+00, 2.480677e+00, 8.754269e-01, 0, 1.000000e+06, 1.937904e+00, 1.000000e+06],
	[2.102838e+00, 2.480677e+00, 8.754269e-01, 0, 1.000000e+06, 1.937904e+00, 1.000000e+06],
	[2.102838e+00, 2.480677e+00, 8.754269e-01, 0, 1.000000e+06, 1.937904e+00, 1.000000e+06],
	[2.102838e+00, 2.480677e+00, 8.754269e-01, 0, 1.000000e+06, 1.937904e+00, 1.000000e+06],
	[2.604845e+00, 2.936668e+00, 6.354955e-01, 0, 1.000000e+06, 2.352564e+00, 1.000000e+06],
	[2.604845e+00, 2.936668e+00, 6.354955e-01, 0, 1.000000e+06, 2.352564e+00, 1.000000e+06],
	[2.604845e+00, 2.936668e+00, 6.354955e-01, 0, 1.000000e+06, 2.352564e+00, 1.000000e+06],
	[2.604845e+00, 2.936668e+00, 6.354955e-01, 0, 1.000000e+06, 2.352564e+00, 1.000000e+06],
	[2.755168e+00, 1.723062e+00, 7.306490e-01, 0, 1.000000e+06, 2.468648e+00, 1.000000e+06],
	[2.755168e+00, 1.723062e+00, 7.306490e-01, 0, 1.000000e+06, 2.468648e+00, 1.000000e+06],
	[2.755168e+00, 1.723062e+00, 7.306490e-01, 0, 1.000000e+06, 2.468648e+00, 1.000000e+06],
	[2.755168e+00, 1.723062e+00, 7.306490e-01, 0, 1.000000e+06, 2.468648e+00, 1.000000e+06],
	[2.638889e+00, 1.689864e+00, 6.402433e-01, 0, 1.000000e+06, 2.494021e+00, 1.000000e+06],
	[2.638889e+00, 1.689864e+00, 6.402433e-01, 0, 1.000000e+06, 2.494021e+00, 1.000000e+06],
	[2.638889e+00, 1.689864e+00, 6.402433e-01, 0, 1.000000e+06, 2.494021e+00, 1.000000e+06],
	[2.638889e+00, 1.689864e+00, 6.402433e-01, 0, 1.000000e+06, 2.494021e+00, 1.000000e+06],
	[1.000000e+06, 0, 9.781233e-01, 1.000000e+06, 1.000000e+06, 1.000000e+06, 1.000000e+06],
	[1.000000e+06, 0, 9.781233e-01, 1.000000e+06, 1.000000e+06, 1.000000e+06, 1.000000e+06],
	[1.000000e+06, 0, 9.781233e-01, 1.000000e+06, 1.000000e+06, 1.000000e+06, 1.000000e+06],
	[1.000000e+06, 0, 9.781233e-01, 1.000000e+06, 1.000000e+06, 1.000000e+06, 1.000000e+06],
	[1.000000e+06, 0, 8.161225e-01, 1.000000e+06, 1.000000e+06, 0, 0],
	[1.000000e+06, 0, 8.161225e-01, 1.000000e+06, 1.000000e+06, 0, 0],
	[1.000000e+06, 0, 8.161225e-01, 1.000000e+06, 1.000000e+06, 0, 0],
	[1.000000e+06, 0, 8.161225e-01, 1.000000e+06, 1.000000e+06, 0, 0],
	[1.819534e+00, 0, 7.522059e-01, 1.000000e+06, 1.000000e+06, 0, 0],
	[1.819534e+00, 0, 7.522059e-01, 1.000000e+06, 1.000000e+06, 0, 0],
	[1.819534e+00, 0, 7.522059e-01, 1.000000e+06, 1.000000e+06, 0, 0],
	[1.819534e+00, 0, 7.522059e-01, 1.000000e+06, 1.000000e+06, 0, 0],
	[3.019440e+00, 0, 8.033084e-01, 1.000000e+06, 1.000000e+06, 0, 0],
	[3.019440e+00, 0, 8.033084e-01, 1.000000e+06, 1.000000e+06, 0, 0],
	[3.019440e+00, 0, 8.033084e-01, 1.000000e+06, 1.000000e+06, 0, 0],
	[3.019440e+00, 0, 8.033084e-01, 1.000000e+06, 1.000000e+06, 0, 0],
	[1.000000e+06, 0, 0, 0, 1.000000e+06, 0, 0],
	[1.000000e+06, 0, 0, 0, 1.000000e+06, 0, 0],
	[1.000000e+06, 0, 0, 0, 1.000000e+06, 0, 0],
	[1.000000e+06, 0, 0, 0, 1.000000e+06, 0, 0],
	[0, 0, 0, 0, 0, 0, 0],
	[0, 0, 0, 0, 0, 0, 0],
	[0, 0, 0, 0, 0, 0, 0],
	[0, 0, 0, 0, 0, 0, 0],
	[0, 0, 0, 0, 0, 0, 0],
	[0, 0, 0, 0, 0, 0, 0],
	[0, 0, 0, 0, 0, 0, 0],
	[0, 0, 0, 0, 0, 0, 0],
	[0, 0, 0, 0, 0, 0, 0],
	[0, 0, 0, 0, 0, 0, 0],
	[0, 0, 0, 0, 0, 0, 0],
	[0, 0, 0, 0, 0, 0, 0] ]
