1300 2996 3559
SHOE
ACT	3
SHIFT	96
demand [
	[0, 0, 0],
	[0, 0, 0],
	[0, 0, 0],
	[0, 0, 0],
	[0, 0, 0],
	[0, 0, 0],
	[0, 0, 0],
	[0, 0, 0],
	[0, 0, 0],
	[0, 0, 0],
	[0, 0, 0],
	[0, 0, 0],
	[0, 0, 0],
	[0, 0, 0],
	[0, 0, 0],
	[0, 0, 0],
	[0, 0, 0],
	[0, 0, 0],
	[0, 0, 0],
	[0, 0, 0],
	[0, 0, 0],
	[0, 0, 0],
	[0, 0, 0],
	[0, 0, 0],
	[0, 0, 0],
	[0, 0, 0],
	[0, 0, 0],
	[0, 0, 0],
	[0, 0, 0],
	[0, 0, 0],
	[0, 0, 0],
	[0, 0, 0],
	[0, 0, 0],
	[0, 0, 0],
	[0, 0, 0],
	[0, 0, 0],
	[0, 1.00, 1.00],
	[0, 1.00, 1.00],
	[0, 1.00, 1.00],
	[0, 1.00, 1.00],
	[1.75, 0, 1.00],
	[1.75, 0, 1.00],
	[1.75, 0, 1.00],
	[1.75, 0, 1.00],
	[2.25, 1.00, 1.00],
	[2.25, 1.00, 1.00],
	[2.25, 1.00, 1.00],
	[2.25, 1.00, 1.00],
	[2.50, 1.00, 1.00],
	[2.50, 1.00, 1.00],
	[2.50, 1.00, 1.00],
	[2.50, 1.00, 1.00],
	[2.50, 1.00, 1.00],
	[2.50, 1.00, 1.00],
	[2.50, 1.00, 1.00],
	[2.50, 1.00, 1.00],
	[2.50, 0, 1.00],
	[2.50, 0, 1.00],
	[2.50, 0, 1.00],
	[2.50, 0, 1.00],
	[0, 0, 1.00],
	[0, 0, 1.00],
	[0, 0, 1.00],
	[0, 0, 1.00],
	[0, 1.00, 0],
	[0, 1.00, 0],
	[0, 1.00, 0],
	[0, 1.00, 0],
	[0, 0, 0],
	[0, 0, 0],
	[0, 0, 0],
	[0, 0, 0],
	[0, 1.00, 0],
	[0, 1.00, 0],
	[0, 1.00, 0],
	[0, 1.00, 0],
	[0, 1.00, 0],
	[0, 1.00, 0],
	[0, 1.00, 0],
	[0, 1.00, 0],
	[0, 0, 0],
	[0, 0, 0],
	[0, 0, 0],
	[0, 0, 0],
	[0, 0, 0],
	[0, 0, 0],
	[0, 0, 0],
	[0, 0, 0],
	[0, 0, 0],
	[0, 0, 0],
	[0, 0, 0],
	[0, 0, 0],
	[0, 0, 0],
	[0, 0, 0],
	[0, 0, 0],
	[0, 0, 0] ]
overcost [
	[0, 0, 0],
	[0, 0, 0],
	[0, 0, 0],
	[0, 0, 0],
	[0, 0, 0],
	[0, 0, 0],
	[0, 0, 0],
	[0, 0, 0],
	[0, 0, 0],
	[0, 0, 0],
	[0, 0, 0],
	[0, 0, 0],
	[0, 0, 0],
	[0, 0, 0],
	[0, 0, 0],
	[0, 0, 0],
	[0, 0, 0],
	[0, 0, 0],
	[0, 0, 0],
	[0, 0, 0],
	[0, 0, 0],
	[0, 0, 0],
	[0, 0, 0],
	[0, 0, 0],
	[0, 0, 0],
	[0, 0, 0],
	[0, 0, 0],
	[0, 0, 0],
	[0, 0, 0],
	[0, 0, 0],
	[0, 0, 0],
	[0, 0, 0],
	[0, 0, 0],
	[0, 0, 0],
	[0, 0, 0],
	[0, 0, 0],
	[0, 9.931385e+00, 9.701443e+00],
	[0, 9.931385e+00, 9.701443e+00],
	[0, 9.931385e+00, 9.701443e+00],
	[0, 9.931385e+00, 9.701443e+00],
	[1.605892e+00, 0, 9.657682e+00],
	[1.605892e+00, 0, 9.657682e+00],
	[1.605892e+00, 0, 9.657682e+00],
	[1.605892e+00, 0, 9.657682e+00],
	[1.158999e+00, 4.585707e+00, 9.578407e+00],
	[1.158999e+00, 4.585707e+00, 9.578407e+00],
	[1.158999e+00, 4.585707e+00, 9.578407e+00],
	[1.158999e+00, 4.585707e+00, 9.578407e+00],
	[1.446166e+00, 3.264390e+00, 4.165804e+00],
	[1.446166e+00, 3.264390e+00, 4.165804e+00],
	[1.446166e+00, 3.264390e+00, 4.165804e+00],
	[1.446166e+00, 3.264390e+00, 4.165804e+00],
	[1.207832e+00, 2.835776e+00, 2.971724e+00],
	[1.207832e+00, 2.835776e+00, 2.971724e+00],
	[1.207832e+00, 2.835776e+00, 2.971724e+00],
	[1.207832e+00, 2.835776e+00, 2.971724e+00],
	[1.085476e+00, 0, 2.955100e+00],
	[1.085476e+00, 0, 2.955100e+00],
	[1.085476e+00, 0, 2.955100e+00],
	[1.085476e+00, 0, 2.955100e+00],
	[0, 0, 5.265185e+00],
	[0, 0, 5.265185e+00],
	[0, 0, 5.265185e+00],
	[0, 0, 5.265185e+00],
	[0, 4.691688e+00, 0],
	[0, 4.691688e+00, 0],
	[0, 4.691688e+00, 0],
	[0, 4.691688e+00, 0],
	[0, 0, 0],
	[0, 0, 0],
	[0, 0, 0],
	[0, 0, 0],
	[0, 2.937270e+00, 0],
	[0, 2.937270e+00, 0],
	[0, 2.937270e+00, 0],
	[0, 2.937270e+00, 0],
	[0, 4.157709e+00, 0],
	[0, 4.157709e+00, 0],
	[0, 4.157709e+00, 0],
	[0, 4.157709e+00, 0],
	[0, 0, 0],
	[0, 0, 0],
	[0, 0, 0],
	[0, 0, 0],
	[0, 0, 0],
	[0, 0, 0],
	[0, 0, 0],
	[0, 0, 0],
	[0, 0, 0],
	[0, 0, 0],
	[0, 0, 0],
	[0, 0, 0],
	[0, 0, 0],
	[0, 0, 0],
	[0, 0, 0],
	[0, 0, 0] ]
undercost [
	[0, 0, 0],
	[0, 0, 0],
	[0, 0, 0],
	[0, 0, 0],
	[0, 0, 0],
	[0, 0, 0],
	[0, 0, 0],
	[0, 0, 0],
	[0, 0, 0],
	[0, 0, 0],
	[0, 0, 0],
	[0, 0, 0],
	[0, 0, 0],
	[0, 0, 0],
	[0, 0, 0],
	[0, 0, 0],
	[0, 0, 0],
	[0, 0, 0],
	[0, 0, 0],
	[0, 0, 0],
	[0, 0, 0],
	[0, 0, 0],
	[0, 0, 0],
	[0, 0, 0],
	[0, 0, 0],
	[0, 0, 0],
	[0, 0, 0],
	[0, 0, 0],
	[0, 0, 0],
	[0, 0, 0],
	[0, 0, 0],
	[0, 0, 0],
	[0, 0, 0],
	[0, 0, 0],
	[0, 0, 0],
	[0, 0, 0],
	[0, 1.000000e+06, 1.000000e+06],
	[0, 1.000000e+06, 1.000000e+06],
	[0, 1.000000e+06, 1.000000e+06],
	[0, 1.000000e+06, 1.000000e+06],
	[1.000000e+06, 0, 1.000000e+06],
	[1.000000e+06, 0, 1.000000e+06],
	[1.000000e+06, 0, 1.000000e+06],
	[1.000000e+06, 0, 1.000000e+06],
	[2.193627e+00, 1.000000e+06, 1.000000e+06],
	[2.193627e+00, 1.000000e+06, 1.000000e+06],
	[2.193627e+00, 1.000000e+06, 1.000000e+06],
	[2.193627e+00, 1.000000e+06, 1.000000e+06],
	[1.399404e+00, 1.000000e+06, 1.000000e+06],
	[1.399404e+00, 1.000000e+06, 1.000000e+06],
	[1.399404e+00, 1.000000e+06, 1.000000e+06],
	[1.399404e+00, 1.000000e+06, 1.000000e+06],
	[1.710663e+00, 1.000000e+06, 1.000000e+06],
	[1.710663e+00, 1.000000e+06, 1.000000e+06],
	[1.710663e+00, 1.000000e+06, 1.000000e+06],
	[1.710663e+00, 1.000000e+06, 1.000000e+06],
	[1.870982e+00, 0, 1.000000e+06],
	[1.870982e+00, 0, 1.000000e+06],
	[1.870982e+00, 0, 1.000000e+06],
	[1.870982e+00, 0, 1.000000e+06],
	[0, 0, 1.000000e+06],
	[0, 0, 1.000000e+06],
	[0, 0, 1.000000e+06],
	[0, 0, 1.000000e+06],
	[0, 1.000000e+06, 0],
	[0, 1.000000e+06, 0],
	[0, 1.000000e+06, 0],
	[0, 1.000000e+06, 0],
	[0, 0, 0],
	[0, 0, 0],
	[0, 0, 0],
	[0, 0, 0],
	[0, 1.000000e+06, 0],
	[0, 1.000000e+06, 0],
	[0, 1.000000e+06, 0],
	[0, 1.000000e+06, 0],
	[0, 1.000000e+06, 0],
	[0, 1.000000e+06, 0],
	[0, 1.000000e+06, 0],
	[0, 1.000000e+06, 0],
	[0, 0, 0],
	[0, 0, 0],
	[0, 0, 0],
	[0, 0, 0],
	[0, 0, 0],
	[0, 0, 0],
	[0, 0, 0],
	[0, 0, 0],
	[0, 0, 0],
	[0, 0, 0],
	[0, 0, 0],
	[0, 0, 0],
	[0, 0, 0],
	[0, 0, 0],
	[0, 0, 0],
	[0, 0, 0] ]
