556 1003 1736 2472 3110
SHOE
ACT	5
SHIFT	96
demand [
	[0, 0, 0, 0, 0],
	[0, 0, 0, 0, 0],
	[0, 0, 0, 0, 0],
	[0, 0, 0, 0, 0],
	[0, 0, 0, 0, 0],
	[0, 0, 0, 0, 0],
	[0, 0, 0, 0, 0],
	[0, 0, 0, 0, 0],
	[0, 0, 0, 0, 0],
	[0, 0, 0, 0, 0],
	[0, 0, 0, 0, 0],
	[0, 0, 0, 0, 0],
	[0, 0, 0, 0, 0],
	[0, 0, 0, 0, 0],
	[0, 0, 0, 0, 0],
	[0, 0, 0, 0, 0],
	[0, 0, 0, 0, 0],
	[0, 0, 0, 0, 0],
	[0, 0, 0, 0, 0],
	[0, 0, 0, 0, 0],
	[0, 0, 0, 0, 0],
	[0, 0, 0, 0, 0],
	[0, 0, 0, 0, 0],
	[0, 0, 0, 0, 0],
	[0, 0, 0, 0, 0],
	[0, 0, 0, 0, 0],
	[0, 0, 0, 0, 0],
	[0, 0, 0, 0, 0],
	[0, 0, 0, 0, 0],
	[0, 0, 0, 0, 0],
	[0, 0, 0, 0, 0],
	[0, 0, 0, 0, 0],
	[0, 0, 0, 0, 0],
	[0, 0, 0, 0, 0],
	[0, 0, 0, 0, 0],
	[0, 0, 0, 0, 0],
	[0, 1.00, 1.00, 1.00, 1.00],
	[0, 1.00, 1.00, 1.00, 1.00],
	[0, 1.00, 1.00, 1.00, 1.00],
	[0, 1.00, 1.00, 1.00, 1.00],
	[2.00, 1.00, 0, 1.00, 1.25],
	[2.00, 1.00, 0, 1.00, 1.25],
	[2.00, 1.00, 0, 1.00, 1.25],
	[2.00, 1.00, 0, 1.00, 1.25],
	[3.00, 1.00, 0, 1.00, 1.75],
	[3.00, 1.00, 0, 1.00, 1.75],
	[3.00, 1.00, 0, 1.00, 1.75],
	[3.00, 1.00, 0, 1.00, 1.75],
	[3.25, 1.00, 1.00, 1.00, 2.00],
	[3.25, 1.00, 1.00, 1.00, 2.00],
	[3.25, 1.00, 1.00, 1.00, 2.00],
	[3.25, 1.00, 1.00, 1.00, 2.00],
	[3.25, 1.00, 1.00, 1.00, 2.25],
	[3.25, 1.00, 1.00, 1.00, 2.25],
	[3.25, 1.00, 1.00, 1.00, 2.25],
	[3.25, 1.00, 1.00, 1.00, 2.25],
	[3.50, 1.00, 1.00, 1.00, 2.25],
	[3.50, 1.00, 1.00, 1.00, 2.25],
	[3.50, 1.00, 1.00, 1.00, 2.25],
	[3.50, 1.00, 1.00, 1.00, 2.25],
	[3.50, 1.00, 1.00, 1.00, 2.25],
	[3.50, 1.00, 1.00, 1.00, 2.25],
	[3.50, 1.00, 1.00, 1.00, 2.25],
	[3.50, 1.00, 1.00, 1.00, 2.25],
	[3.00, 0, 1.00, 1.00, 2.00],
	[3.00, 0, 1.00, 1.00, 2.00],
	[3.00, 0, 1.00, 1.00, 2.00],
	[3.00, 0, 1.00, 1.00, 2.00],
	[0, 0, 1.00, 0, 0],
	[0, 0, 1.00, 0, 0],
	[0, 0, 1.00, 0, 0],
	[0, 0, 1.00, 0, 0],
	[0, 0, 1.00, 1.00, 0],
	[0, 0, 1.00, 1.00, 0],
	[0, 0, 1.00, 1.00, 0],
	[0, 0, 1.00, 1.00, 0],
	[0, 0, 1.00, 0, 0],
	[0, 0, 1.00, 0, 0],
	[0, 0, 1.00, 0, 0],
	[0, 0, 1.00, 0, 0],
	[0, 0, 0, 0, 0],
	[0, 0, 0, 0, 0],
	[0, 0, 0, 0, 0],
	[0, 0, 0, 0, 0],
	[0, 0, 0, 0, 0],
	[0, 0, 0, 0, 0],
	[0, 0, 0, 0, 0],
	[0, 0, 0, 0, 0],
	[0, 0, 0, 0, 0],
	[0, 0, 0, 0, 0],
	[0, 0, 0, 0, 0],
	[0, 0, 0, 0, 0],
	[0, 0, 0, 0, 0],
	[0, 0, 0, 0, 0],
	[0, 0, 0, 0, 0],
	[0, 0, 0, 0, 0] ]
overcost [
	[0, 0, 0, 0, 0],
	[0, 0, 0, 0, 0],
	[0, 0, 0, 0, 0],
	[0, 0, 0, 0, 0],
	[0, 0, 0, 0, 0],
	[0, 0, 0, 0, 0],
	[0, 0, 0, 0, 0],
	[0, 0, 0, 0, 0],
	[0, 0, 0, 0, 0],
	[0, 0, 0, 0, 0],
	[0, 0, 0, 0, 0],
	[0, 0, 0, 0, 0],
	[0, 0, 0, 0, 0],
	[0, 0, 0, 0, 0],
	[0, 0, 0, 0, 0],
	[0, 0, 0, 0, 0],
	[0, 0, 0, 0, 0],
	[0, 0, 0, 0, 0],
	[0, 0, 0, 0, 0],
	[0, 0, 0, 0, 0],
	[0, 0, 0, 0, 0],
	[0, 0, 0, 0, 0],
	[0, 0, 0, 0, 0],
	[0, 0, 0, 0, 0],
	[0, 0, 0, 0, 0],
	[0, 0, 0, 0, 0],
	[0, 0, 0, 0, 0],
	[0, 0, 0, 0, 0],
	[0, 0, 0, 0, 0],
	[0, 0, 0, 0, 0],
	[0, 0, 0, 0, 0],
	[0, 0, 0, 0, 0],
	[0, 0, 0, 0, 0],
	[0, 0, 0, 0, 0],
	[0, 0, 0, 0, 0],
	[0, 0, 0, 0, 0],
	[0, 1.006732e+01, 6.184057e+00, 7.148443e+00, 2.293749e+00],
	[0, 1.006732e+01, 6.184057e+00, 7.148443e+00, 2.293749e+00],
	[0, 1.006732e+01, 6.184057e+00, 7.148443e+00, 2.293749e+00],
	[0, 1.006732e+01, 6.184057e+00, 7.148443e+00, 2.293749e+00],
	[1.299510e+00, 7.792414e+00, 0, 5.670533e+00, 1.794271e+00],
	[1.299510e+00, 7.792414e+00, 0, 5.670533e+00, 1.794271e+00],
	[1.299510e+00, 7.792414e+00, 0, 5.670533e+00, 1.794271e+00],
	[1.299510e+00, 7.792414e+00, 0, 5.670533e+00, 1.794271e+00],
	[1.206017e+00, 4.903573e+00, 0, 3.474775e+00, 1.245283e+00],
	[1.206017e+00, 4.903573e+00, 0, 3.474775e+00, 1.245283e+00],
	[1.206017e+00, 4.903573e+00, 0, 3.474775e+00, 1.245283e+00],
	[1.206017e+00, 4.903573e+00, 0, 3.474775e+00, 1.245283e+00],
	[1.140568e+00, 3.718177e+00, 2.241131e+00, 2.600158e+00, 1.290646e+00],
	[1.140568e+00, 3.718177e+00, 2.241131e+00, 2.600158e+00, 1.290646e+00],
	[1.140568e+00, 3.718177e+00, 2.241131e+00, 2.600158e+00, 1.290646e+00],
	[1.140568e+00, 3.718177e+00, 2.241131e+00, 2.600158e+00, 1.290646e+00],
	[8.025936e-01, 3.289449e+00, 1.922481e+00, 2.259004e+00, 1.583027e+00],
	[8.025936e-01, 3.289449e+00, 1.922481e+00, 2.259004e+00, 1.583027e+00],
	[8.025936e-01, 3.289449e+00, 1.922481e+00, 2.259004e+00, 1.583027e+00],
	[8.025936e-01, 3.289449e+00, 1.922481e+00, 2.259004e+00, 1.583027e+00],
	[1.130780e+00, 3.216576e+00, 1.842013e+00, 2.178900e+00, 1.452807e+00],
	[1.130780e+00, 3.216576e+00, 1.842013e+00, 2.178900e+00, 1.452807e+00],
	[1.130780e+00, 3.216576e+00, 1.842013e+00, 2.178900e+00, 1.452807e+00],
	[1.130780e+00, 3.216576e+00, 1.842013e+00, 2.178900e+00, 1.452807e+00],
	[1.095651e+00, 3.613791e+00, 1.957679e+00, 2.427893e+00, 1.469386e+00],
	[1.095651e+00, 3.613791e+00, 1.957679e+00, 2.427893e+00, 1.469386e+00],
	[1.095651e+00, 3.613791e+00, 1.957679e+00, 2.427893e+00, 1.469386e+00],
	[1.095651e+00, 3.613791e+00, 1.957679e+00, 2.427893e+00, 1.469386e+00],
	[1.007027e+00, 0, 2.866791e+00, 3.512993e+00, 1.688825e+00],
	[1.007027e+00, 0, 2.866791e+00, 3.512993e+00, 1.688825e+00],
	[1.007027e+00, 0, 2.866791e+00, 3.512993e+00, 1.688825e+00],
	[1.007027e+00, 0, 2.866791e+00, 3.512993e+00, 1.688825e+00],
	[0, 0, 2.440515e+00, 0, 0],
	[0, 0, 2.440515e+00, 0, 0],
	[0, 0, 2.440515e+00, 0, 0],
	[0, 0, 2.440515e+00, 0, 0],
	[0, 0, 1.563381e+00, 2.114558e+00, 0],
	[0, 0, 1.563381e+00, 2.114558e+00, 0],
	[0, 0, 1.563381e+00, 2.114558e+00, 0],
	[0, 0, 1.563381e+00, 2.114558e+00, 0],
	[0, 0, 1.788741e+00, 0, 0],
	[0, 0, 1.788741e+00, 0, 0],
	[0, 0, 1.788741e+00, 0, 0],
	[0, 0, 1.788741e+00, 0, 0],
	[0, 0, 0, 0, 0],
	[0, 0, 0, 0, 0],
	[0, 0, 0, 0, 0],
	[0, 0, 0, 0, 0],
	[0, 0, 0, 0, 0],
	[0, 0, 0, 0, 0],
	[0, 0, 0, 0, 0],
	[0, 0, 0, 0, 0],
	[0, 0, 0, 0, 0],
	[0, 0, 0, 0, 0],
	[0, 0, 0, 0, 0],
	[0, 0, 0, 0, 0],
	[0, 0, 0, 0, 0],
	[0, 0, 0, 0, 0],
	[0, 0, 0, 0, 0],
	[0, 0, 0, 0, 0] ]
undercost [
	[0, 0, 0, 0, 0],
	[0, 0, 0, 0, 0],
	[0, 0, 0, 0, 0],
	[0, 0, 0, 0, 0],
	[0, 0, 0, 0, 0],
	[0, 0, 0, 0, 0],
	[0, 0, 0, 0, 0],
	[0, 0, 0, 0, 0],
	[0, 0, 0, 0, 0],
	[0, 0, 0, 0, 0],
	[0, 0, 0, 0, 0],
	[0, 0, 0, 0, 0],
	[0, 0, 0, 0, 0],
	[0, 0, 0, 0, 0],
	[0, 0, 0, 0, 0],
	[0, 0, 0, 0, 0],
	[0, 0, 0, 0, 0],
	[0, 0, 0, 0, 0],
	[0, 0, 0, 0, 0],
	[0, 0, 0, 0, 0],
	[0, 0, 0, 0, 0],
	[0, 0, 0, 0, 0],
	[0, 0, 0, 0, 0],
	[0, 0, 0, 0, 0],
	[0, 0, 0, 0, 0],
	[0, 0, 0, 0, 0],
	[0, 0, 0, 0, 0],
	[0, 0, 0, 0, 0],
	[0, 0, 0, 0, 0],
	[0, 0, 0, 0, 0],
	[0, 0, 0, 0, 0],
	[0, 0, 0, 0, 0],
	[0, 0, 0, 0, 0],
	[0, 0, 0, 0, 0],
	[0, 0, 0, 0, 0],
	[0, 0, 0, 0, 0],
	[0, 1.000000e+06, 1.000000e+06, 1.000000e+06, 1.000000e+06],
	[0, 1.000000e+06, 1.000000e+06, 1.000000e+06, 1.000000e+06],
	[0, 1.000000e+06, 1.000000e+06, 1.000000e+06, 1.000000e+06],
	[0, 1.000000e+06, 1.000000e+06, 1.000000e+06, 1.000000e+06],
	[3.045642e+00, 1.000000e+06, 0, 1.000000e+06, 1.000000e+06],
	[3.045642e+00, 1.000000e+06, 0, 1.000000e+06, 1.000000e+06],
	[3.045642e+00, 1.000000e+06, 0, 1.000000e+06, 1.000000e+06],
	[3.045642e+00, 1.000000e+06, 0, 1.000000e+06, 1.000000e+06],
	[1.445712e+00, 1.000000e+06, 0, 1.000000e+06, 1.000000e+06],
	[1.445712e+00, 1.000000e+06, 0, 1.000000e+06, 1.000000e+06],
	[1.445712e+00, 1.000000e+06, 0, 1.000000e+06, 1.000000e+06],
	[1.445712e+00, 1.000000e+06, 0, 1.000000e+06, 1.000000e+06],
	[1.286670e+00, 1.000000e+06, 1.000000e+06, 1.000000e+06, 2.574507e+00],
	[1.286670e+00, 1.000000e+06, 1.000000e+06, 1.000000e+06, 2.574507e+00],
	[1.286670e+00, 1.000000e+06, 1.000000e+06, 1.000000e+06, 2.574507e+00],
	[1.286670e+00, 1.000000e+06, 1.000000e+06, 1.000000e+06, 2.574507e+00],
	[1.701886e+00, 1.000000e+06, 1.000000e+06, 1.000000e+06, 1.628034e+00],
	[1.701886e+00, 1.000000e+06, 1.000000e+06, 1.000000e+06, 1.628034e+00],
	[1.701886e+00, 1.000000e+06, 1.000000e+06, 1.000000e+06, 1.628034e+00],
	[1.701886e+00, 1.000000e+06, 1.000000e+06, 1.000000e+06, 1.628034e+00],
	[1.101623e+00, 1.000000e+06, 1.000000e+06, 1.000000e+06, 1.805316e+00],
	[1.101623e+00, 1.000000e+06, 1.000000e+06, 1.000000e+06, 1.805316e+00],
	[1.101623e+00, 1.000000e+06, 1.000000e+06, 1.000000e+06, 1.805316e+00],
	[1.101623e+00, 1.000000e+06, 1.000000e+06, 1.000000e+06, 1.805316e+00],
	[1.146777e+00, 1.000000e+06, 1.000000e+06, 1.000000e+06, 1.787133e+00],
	[1.146777e+00, 1.000000e+06, 1.000000e+06, 1.000000e+06, 1.787133e+00],
	[1.146777e+00, 1.000000e+06, 1.000000e+06, 1.000000e+06, 1.787133e+00],
	[1.146777e+00, 1.000000e+06, 1.000000e+06, 1.000000e+06, 1.787133e+00],
	[1.696179e+00, 0, 1.000000e+06, 1.000000e+06, 2.020956e+00],
	[1.696179e+00, 0, 1.000000e+06, 1.000000e+06, 2.020956e+00],
	[1.696179e+00, 0, 1.000000e+06, 1.000000e+06, 2.020956e+00],
	[1.696179e+00, 0, 1.000000e+06, 1.000000e+06, 2.020956e+00],
	[0, 0, 1.000000e+06, 0, 0],
	[0, 0, 1.000000e+06, 0, 0],
	[0, 0, 1.000000e+06, 0, 0],
	[0, 0, 1.000000e+06, 0, 0],
	[0, 0, 1.000000e+06, 1.000000e+06, 0],
	[0, 0, 1.000000e+06, 1.000000e+06, 0],
	[0, 0, 1.000000e+06, 1.000000e+06, 0],
	[0, 0, 1.000000e+06, 1.000000e+06, 0],
	[0, 0, 1.000000e+06, 0, 0],
	[0, 0, 1.000000e+06, 0, 0],
	[0, 0, 1.000000e+06, 0, 0],
	[0, 0, 1.000000e+06, 0, 0],
	[0, 0, 0, 0, 0],
	[0, 0, 0, 0, 0],
	[0, 0, 0, 0, 0],
	[0, 0, 0, 0, 0],
	[0, 0, 0, 0, 0],
	[0, 0, 0, 0, 0],
	[0, 0, 0, 0, 0],
	[0, 0, 0, 0, 0],
	[0, 0, 0, 0, 0],
	[0, 0, 0, 0, 0],
	[0, 0, 0, 0, 0],
	[0, 0, 0, 0, 0],
	[0, 0, 0, 0, 0],
	[0, 0, 0, 0, 0],
	[0, 0, 0, 0, 0],
	[0, 0, 0, 0, 0] ]
