2118
SHOE
ACT	1
SHIFT	96
demand [
	[0],
	[0],
	[0],
	[0],
	[0],
	[0],
	[0],
	[0],
	[0],
	[0],
	[0],
	[0],
	[0],
	[0],
	[0],
	[0],
	[0],
	[0],
	[0],
	[0],
	[0],
	[0],
	[0],
	[0],
	[0],
	[0],
	[0],
	[0],
	[0],
	[0],
	[0],
	[0],
	[1.00],
	[1.00],
	[1.00],
	[1.00],
	[0],
	[0],
	[0],
	[0],
	[1.00],
	[1.00],
	[1.00],
	[1.00],
	[1.00],
	[1.00],
	[1.00],
	[1.00],
	[1.00],
	[1.00],
	[1.00],
	[1.00],
	[1.00],
	[1.00],
	[1.00],
	[1.00],
	[1.00],
	[1.00],
	[1.00],
	[1.00],
	[1.00],
	[1.00],
	[1.00],
	[1.00],
	[1.00],
	[1.00],
	[1.00],
	[1.00],
	[0],
	[0],
	[0],
	[0],
	[0],
	[0],
	[0],
	[0],
	[0],
	[0],
	[0],
	[0],
	[0],
	[0],
	[0],
	[0],
	[0],
	[0],
	[0],
	[0],
	[0],
	[0],
	[0],
	[0],
	[0],
	[0],
	[0],
	[0] ]
overcost [
	[0],
	[0],
	[0],
	[0],
	[0],
	[0],
	[0],
	[0],
	[0],
	[0],
	[0],
	[0],
	[0],
	[0],
	[0],
	[0],
	[0],
	[0],
	[0],
	[0],
	[0],
	[0],
	[0],
	[0],
	[0],
	[0],
	[0],
	[0],
	[0],
	[0],
	[0],
	[0],
	[9.965963e+00],
	[9.965963e+00],
	[9.965963e+00],
	[9.965963e+00],
	[0],
	[0],
	[0],
	[0],
	[6.057559e+00],
	[6.057559e+00],
	[6.057559e+00],
	[6.057559e+00],
	[3.880767e+00],
	[3.880767e+00],
	[3.880767e+00],
	[3.880767e+00],
	[3.229618e+00],
	[3.229618e+00],
	[3.229618e+00],
	[3.229618e+00],
	[2.891429e+00],
	[2.891429e+00],
	[2.891429e+00],
	[2.891429e+00],
	[2.811388e+00],
	[2.811388e+00],
	[2.811388e+00],
	[2.811388e+00],
	[2.918444e+00],
	[2.918444e+00],
	[2.918444e+00],
	[2.918444e+00],
	[3.865727e+00],
	[3.865727e+00],
	[3.865727e+00],
	[3.865727e+00],
	[0],
	[0],
	[0],
	[0],
	[0],
	[0],
	[0],
	[0],
	[0],
	[0],
	[0],
	[0],
	[0],
	[0],
	[0],
	[0],
	[0],
	[0],
	[0],
	[0],
	[0],
	[0],
	[0],
	[0],
	[0],
	[0],
	[0],
	[0] ]
undercost [
	[0],
	[0],
	[0],
	[0],
	[0],
	[0],
	[0],
	[0],
	[0],
	[0],
	[0],
	[0],
	[0],
	[0],
	[0],
	[0],
	[0],
	[0],
	[0],
	[0],
	[0],
	[0],
	[0],
	[0],
	[0],
	[0],
	[0],
	[0],
	[0],
	[0],
	[0],
	[0],
	[1.000000e+06],
	[1.000000e+06],
	[1.000000e+06],
	[1.000000e+06],
	[0],
	[0],
	[0],
	[0],
	[1.000000e+06],
	[1.000000e+06],
	[1.000000e+06],
	[1.000000e+06],
	[1.000000e+06],
	[1.000000e+06],
	[1.000000e+06],
	[1.000000e+06],
	[1.000000e+06],
	[1.000000e+06],
	[1.000000e+06],
	[1.000000e+06],
	[1.000000e+06],
	[1.000000e+06],
	[1.000000e+06],
	[1.000000e+06],
	[1.000000e+06],
	[1.000000e+06],
	[1.000000e+06],
	[1.000000e+06],
	[1.000000e+06],
	[1.000000e+06],
	[1.000000e+06],
	[1.000000e+06],
	[1.000000e+06],
	[1.000000e+06],
	[1.000000e+06],
	[1.000000e+06],
	[0],
	[0],
	[0],
	[0],
	[0],
	[0],
	[0],
	[0],
	[0],
	[0],
	[0],
	[0],
	[0],
	[0],
	[0],
	[0],
	[0],
	[0],
	[0],
	[0],
	[0],
	[0],
	[0],
	[0],
	[0],
	[0],
	[0],
	[0] ]
