66 152 340 970 2264 2767 2830 3318 3786
SHOE
ACT	9
SHIFT	96
demand [
	[0, 0, 0, 0, 0, 0, 0, 0, 0],
	[0, 0, 0, 0, 0, 0, 0, 0, 0],
	[0, 0, 0, 0, 0, 0, 0, 0, 0],
	[0, 0, 0, 0, 0, 0, 0, 0, 0],
	[0, 0, 0, 0, 0, 0, 0, 0, 0],
	[0, 0, 0, 0, 0, 0, 0, 0, 0],
	[0, 0, 0, 0, 0, 0, 0, 0, 0],
	[0, 0, 0, 0, 0, 0, 0, 0, 0],
	[0, 0, 0, 0, 0, 0, 0, 0, 0],
	[0, 0, 0, 0, 0, 0, 0, 0, 0],
	[0, 0, 0, 0, 0, 0, 0, 0, 0],
	[0, 0, 0, 0, 0, 0, 0, 0, 0],
	[0, 0, 0, 0, 0, 0, 0, 0, 0],
	[0, 0, 0, 0, 0, 0, 0, 0, 0],
	[0, 0, 0, 0, 0, 0, 0, 0, 0],
	[0, 0, 0, 0, 0, 0, 0, 0, 0],
	[0, 0, 0, 0, 0, 0, 0, 0, 0],
	[0, 0, 0, 0, 0, 0, 0, 0, 0],
	[0, 0, 0, 0, 0, 0, 0, 0, 0],
	[0, 0, 0, 0, 0, 0, 0, 0, 0],
	[0, 0, 0, 0, 0, 0, 0, 0, 0],
	[0, 0, 0, 0, 0, 0, 0, 0, 0],
	[0, 0, 0, 0, 0, 0, 0, 0, 0],
	[0, 0, 0, 0, 0, 0, 0, 0, 0],
	[0, 0, 0, 0, 0, 0, 0, 0, 0],
	[0, 0, 0, 0, 0, 0, 0, 0, 0],
	[0, 0, 0, 0, 0, 0, 0, 0, 0],
	[0, 0, 0, 0, 0, 0, 0, 0, 0],
	[0, 0, 0, 0, 0, 0, 0, 0, 0],
	[0, 0, 0, 0, 0, 0, 0, 0, 0],
	[0, 0, 0, 0, 0, 0, 0, 0, 0],
	[0, 0, 0, 0, 0, 0, 0, 0, 0],
	[1.00, 0, 0, 0, 0, 0, 0, 0, 0],
	[1.00, 0, 0, 0, 0, 0, 0, 0, 0],
	[1.00, 0, 0, 0, 0, 0, 0, 0, 0],
	[1.00, 0, 0, 0, 0, 0, 0, 0, 0],
	[0, 0, 0, 1.25, 0, 1.00, 1.00, 1.00, 1.00],
	[0, 0, 0, 1.25, 0, 1.00, 1.00, 1.00, 1.00],
	[0, 0, 0, 1.25, 0, 1.00, 1.00, 1.00, 1.00],
	[0, 0, 0, 1.25, 0, 1.00, 1.00, 1.00, 1.00],
	[1.00, 1.00, 1.00, 1.50, 0, 1.00, 1.00, 1.25, 1.00],
	[1.00, 1.00, 1.00, 1.50, 0, 1.00, 1.00, 1.25, 1.00],
	[1.00, 1.00, 1.00, 1.50, 0, 1.00, 1.00, 1.25, 1.00],
	[1.00, 1.00, 1.00, 1.50, 0, 1.00, 1.00, 1.25, 1.00],
	[1.00, 1.25, 1.00, 2.00, 2.75, 1.00, 1.00, 2.75, 1.00],
	[1.00, 1.25, 1.00, 2.00, 2.75, 1.00, 1.00, 2.75, 1.00],
	[1.00, 1.25, 1.00, 2.00, 2.75, 1.00, 1.00, 2.75, 1.00],
	[1.00, 1.25, 1.00, 2.00, 2.75, 1.00, 1.00, 2.75, 1.00],
	[1.25, 1.25, 1.00, 2.25, 2.75, 1.00, 1.25, 3.50, 1.00],
	[1.25, 1.25, 1.00, 2.25, 2.75, 1.00, 1.25, 3.50, 1.00],
	[1.25, 1.25, 1.00, 2.25, 2.75, 1.00, 1.25, 3.50, 1.00],
	[1.25, 1.25, 1.00, 2.25, 2.75, 1.00, 1.25, 3.50, 1.00],
	[1.25, 1.25, 1.00, 2.25, 3.00, 1.00, 1.50, 4.00, 1.00],
	[1.25, 1.25, 1.00, 2.25, 3.00, 1.00, 1.50, 4.00, 1.00],
	[1.25, 1.25, 1.00, 2.25, 3.00, 1.00, 1.50, 4.00, 1.00],
	[1.25, 1.25, 1.00, 2.25, 3.00, 1.00, 1.50, 4.00, 1.00],
	[1.25, 1.25, 1.00, 2.25, 3.00, 1.00, 1.50, 4.00, 1.00],
	[1.25, 1.25, 1.00, 2.25, 3.00, 1.00, 1.50, 4.00, 1.00],
	[1.25, 1.25, 1.00, 2.25, 3.00, 1.00, 1.50, 4.00, 1.00],
	[1.25, 1.25, 1.00, 2.25, 3.00, 1.00, 1.50, 4.00, 1.00],
	[1.25, 1.25, 1.00, 2.50, 3.00, 1.00, 1.25, 3.75, 1.00],
	[1.25, 1.25, 1.00, 2.50, 3.00, 1.00, 1.25, 3.75, 1.00],
	[1.25, 1.25, 1.00, 2.50, 3.00, 1.00, 1.25, 3.75, 1.00],
	[1.25, 1.25, 1.00, 2.50, 3.00, 1.00, 1.25, 3.75, 1.00],
	[1.00, 0, 1.00, 2.25, 2.75, 1.00, 1.00, 2.75, 1.00],
	[1.00, 0, 1.00, 2.25, 2.75, 1.00, 1.00, 2.75, 1.00],
	[1.00, 0, 1.00, 2.25, 2.75, 1.00, 1.00, 2.75, 1.00],
	[1.00, 0, 1.00, 2.25, 2.75, 1.00, 1.00, 2.75, 1.00],
	[1.00, 0, 0, 0, 0, 0, 1.00, 3.00, 1.00],
	[1.00, 0, 0, 0, 0, 0, 1.00, 3.00, 1.00],
	[1.00, 0, 0, 0, 0, 0, 1.00, 3.00, 1.00],
	[1.00, 0, 0, 0, 0, 0, 1.00, 3.00, 1.00],
	[1.25, 0, 0, 0, 0, 0, 1.25, 4.00, 1.00],
	[1.25, 0, 0, 0, 0, 0, 1.25, 4.00, 1.00],
	[1.25, 0, 0, 0, 0, 0, 1.25, 4.00, 1.00],
	[1.25, 0, 0, 0, 0, 0, 1.25, 4.00, 1.00],
	[1.25, 0, 0, 0, 0, 0, 1.00, 3.25, 1.00],
	[1.25, 0, 0, 0, 0, 0, 1.00, 3.25, 1.00],
	[1.25, 0, 0, 0, 0, 0, 1.00, 3.25, 1.00],
	[1.25, 0, 0, 0, 0, 0, 1.00, 3.25, 1.00],
	[0, 0, 0, 0, 0, 0, 0, 0, 0],
	[0, 0, 0, 0, 0, 0, 0, 0, 0],
	[0, 0, 0, 0, 0, 0, 0, 0, 0],
	[0, 0, 0, 0, 0, 0, 0, 0, 0],
	[0, 0, 0, 0, 0, 0, 0, 0, 0],
	[0, 0, 0, 0, 0, 0, 0, 0, 0],
	[0, 0, 0, 0, 0, 0, 0, 0, 0],
	[0, 0, 0, 0, 0, 0, 0, 0, 0],
	[0, 0, 0, 0, 0, 0, 0, 0, 0],
	[0, 0, 0, 0, 0, 0, 0, 0, 0],
	[0, 0, 0, 0, 0, 0, 0, 0, 0],
	[0, 0, 0, 0, 0, 0, 0, 0, 0],
	[0, 0, 0, 0, 0, 0, 0, 0, 0],
	[0, 0, 0, 0, 0, 0, 0, 0, 0],
	[0, 0, 0, 0, 0, 0, 0, 0, 0],
	[0, 0, 0, 0, 0, 0, 0, 0, 0] ]
overcost [
	[0, 0, 0, 0, 0, 0, 0, 0, 0],
	[0, 0, 0, 0, 0, 0, 0, 0, 0],
	[0, 0, 0, 0, 0, 0, 0, 0, 0],
	[0, 0, 0, 0, 0, 0, 0, 0, 0],
	[0, 0, 0, 0, 0, 0, 0, 0, 0],
	[0, 0, 0, 0, 0, 0, 0, 0, 0],
	[0, 0, 0, 0, 0, 0, 0, 0, 0],
	[0, 0, 0, 0, 0, 0, 0, 0, 0],
	[0, 0, 0, 0, 0, 0, 0, 0, 0],
	[0, 0, 0, 0, 0, 0, 0, 0, 0],
	[0, 0, 0, 0, 0, 0, 0, 0, 0],
	[0, 0, 0, 0, 0, 0, 0, 0, 0],
	[0, 0, 0, 0, 0, 0, 0, 0, 0],
	[0, 0, 0, 0, 0, 0, 0, 0, 0],
	[0, 0, 0, 0, 0, 0, 0, 0, 0],
	[0, 0, 0, 0, 0, 0, 0, 0, 0],
	[0, 0, 0, 0, 0, 0, 0, 0, 0],
	[0, 0, 0, 0, 0, 0, 0, 0, 0],
	[0, 0, 0, 0, 0, 0, 0, 0, 0],
	[0, 0, 0, 0, 0, 0, 0, 0, 0],
	[0, 0, 0, 0, 0, 0, 0, 0, 0],
	[0, 0, 0, 0, 0, 0, 0, 0, 0],
	[0, 0, 0, 0, 0, 0, 0, 0, 0],
	[0, 0, 0, 0, 0, 0, 0, 0, 0],
	[0, 0, 0, 0, 0, 0, 0, 0, 0],
	[0, 0, 0, 0, 0, 0, 0, 0, 0],
	[0, 0, 0, 0, 0, 0, 0, 0, 0],
	[0, 0, 0, 0, 0, 0, 0, 0, 0],
	[0, 0, 0, 0, 0, 0, 0, 0, 0],
	[0, 0, 0, 0, 0, 0, 0, 0, 0],
	[0, 0, 0, 0, 0, 0, 0, 0, 0],
	[0, 0, 0, 0, 0, 0, 0, 0, 0],
	[9.846438e+00, 0, 0, 0, 0, 0, 0, 0, 0],
	[9.846438e+00, 0, 0, 0, 0, 0, 0, 0, 0],
	[9.846438e+00, 0, 0, 0, 0, 0, 0, 0, 0],
	[9.846438e+00, 0, 0, 0, 0, 0, 0, 0, 0],
	[0, 0, 0, 2.087529e+00, 0, 1.062534e+01, 1.094177e+01, 6.717682e+00, 1.262781e+01],
	[0, 0, 0, 2.087529e+00, 0, 1.062534e+01, 1.094177e+01, 6.717682e+00, 1.262781e+01],
	[0, 0, 0, 2.087529e+00, 0, 1.062534e+01, 1.094177e+01, 6.717682e+00, 1.262781e+01],
	[0, 0, 0, 2.087529e+00, 0, 1.062534e+01, 1.094177e+01, 6.717682e+00, 1.262781e+01],
	[5.251763e+00, 3.251672e+00, 9.522004e+00, 1.746949e+00, 0, 1.058800e+01, 1.089073e+01, 2.284145e+00, 9.682596e+00],
	[5.251763e+00, 3.251672e+00, 9.522004e+00, 1.746949e+00, 0, 1.058800e+01, 1.089073e+01, 2.284145e+00, 9.682596e+00],
	[5.251763e+00, 3.251672e+00, 9.522004e+00, 1.746949e+00, 0, 1.058800e+01, 1.089073e+01, 2.284145e+00, 9.682596e+00],
	[5.251763e+00, 3.251672e+00, 9.522004e+00, 1.746949e+00, 0, 1.058800e+01, 1.089073e+01, 2.284145e+00, 9.682596e+00],
	[2.315894e+00, 2.253737e+00, 7.766496e+00, 1.348437e+00, 1.339368e+00, 7.573361e+00, 3.918691e+00, 1.001817e+00, 5.574303e+00],
	[2.315894e+00, 2.253737e+00, 7.766496e+00, 1.348437e+00, 1.339368e+00, 7.573361e+00, 3.918691e+00, 1.001817e+00, 5.574303e+00],
	[2.315894e+00, 2.253737e+00, 7.766496e+00, 1.348437e+00, 1.339368e+00, 7.573361e+00, 3.918691e+00, 1.001817e+00, 5.574303e+00],
	[2.315894e+00, 2.253737e+00, 7.766496e+00, 1.348437e+00, 1.339368e+00, 7.573361e+00, 3.918691e+00, 1.001817e+00, 5.574303e+00],
	[2.098748e+00, 1.787886e+00, 5.191829e+00, 1.640590e+00, 9.526869e-01, 4.368444e+00, 2.312841e+00, 7.141592e-01, 3.835885e+00],
	[2.098748e+00, 1.787886e+00, 5.191829e+00, 1.640590e+00, 9.526869e-01, 4.368444e+00, 2.312841e+00, 7.141592e-01, 3.835885e+00],
	[2.098748e+00, 1.787886e+00, 5.191829e+00, 1.640590e+00, 9.526869e-01, 4.368444e+00, 2.312841e+00, 7.141592e-01, 3.835885e+00],
	[2.098748e+00, 1.787886e+00, 5.191829e+00, 1.640590e+00, 9.526869e-01, 4.368444e+00, 2.312841e+00, 7.141592e-01, 3.835885e+00],
	[1.689322e+00, 1.526409e+00, 4.565725e+00, 1.328960e+00, 1.184356e+00, 3.551118e+00, 2.460148e+00, 9.741208e-01, 3.241054e+00],
	[1.689322e+00, 1.526409e+00, 4.565725e+00, 1.328960e+00, 1.184356e+00, 3.551118e+00, 2.460148e+00, 9.741208e-01, 3.241054e+00],
	[1.689322e+00, 1.526409e+00, 4.565725e+00, 1.328960e+00, 1.184356e+00, 3.551118e+00, 2.460148e+00, 9.741208e-01, 3.241054e+00],
	[1.689322e+00, 1.526409e+00, 4.565725e+00, 1.328960e+00, 1.184356e+00, 3.551118e+00, 2.460148e+00, 9.741208e-01, 3.241054e+00],
	[1.596752e+00, 1.428734e+00, 4.536095e+00, 1.157143e+00, 1.040144e+00, 3.508728e+00, 2.400922e+00, 8.602616e-01, 3.144802e+00],
	[1.596752e+00, 1.428734e+00, 4.536095e+00, 1.157143e+00, 1.040144e+00, 3.508728e+00, 2.400922e+00, 8.602616e-01, 3.144802e+00],
	[1.596752e+00, 1.428734e+00, 4.536095e+00, 1.157143e+00, 1.040144e+00, 3.508728e+00, 2.400922e+00, 8.602616e-01, 3.144802e+00],
	[1.596752e+00, 1.428734e+00, 4.536095e+00, 1.157143e+00, 1.040144e+00, 3.508728e+00, 2.400922e+00, 8.602616e-01, 3.144802e+00],
	[1.890532e+00, 1.441288e+00, 5.600289e+00, 1.710935e+00, 9.239942e-01, 4.837340e+00, 2.438755e+00, 9.603161e-01, 3.758918e+00],
	[1.890532e+00, 1.441288e+00, 5.600289e+00, 1.710935e+00, 9.239942e-01, 4.837340e+00, 2.438755e+00, 9.603161e-01, 3.758918e+00],
	[1.890532e+00, 1.441288e+00, 5.600289e+00, 1.710935e+00, 9.239942e-01, 4.837340e+00, 2.438755e+00, 9.603161e-01, 3.758918e+00],
	[1.890532e+00, 1.441288e+00, 5.600289e+00, 1.710935e+00, 9.239942e-01, 4.837340e+00, 2.438755e+00, 9.603161e-01, 3.758918e+00],
	[2.372439e+00, 0, 8.601826e+00, 1.768051e+00, 1.060565e+00, 8.518038e+00, 4.506202e+00, 1.153610e+00, 5.816330e+00],
	[2.372439e+00, 0, 8.601826e+00, 1.768051e+00, 1.060565e+00, 8.518038e+00, 4.506202e+00, 1.153610e+00, 5.816330e+00],
	[2.372439e+00, 0, 8.601826e+00, 1.768051e+00, 1.060565e+00, 8.518038e+00, 4.506202e+00, 1.153610e+00, 5.816330e+00],
	[2.372439e+00, 0, 8.601826e+00, 1.768051e+00, 1.060565e+00, 8.518038e+00, 4.506202e+00, 1.153610e+00, 5.816330e+00],
	[1.768001e+00, 0, 0, 0, 0, 0, 3.241827e+00, 8.032415e-01, 4.990481e+00],
	[1.768001e+00, 0, 0, 0, 0, 0, 3.241827e+00, 8.032415e-01, 4.990481e+00],
	[1.768001e+00, 0, 0, 0, 0, 0, 3.241827e+00, 8.032415e-01, 4.990481e+00],
	[1.768001e+00, 0, 0, 0, 0, 0, 3.241827e+00, 8.032415e-01, 4.990481e+00],
	[1.499202e+00, 0, 0, 0, 0, 0, 1.805438e+00, 9.134928e-01, 3.264329e+00],
	[1.499202e+00, 0, 0, 0, 0, 0, 1.805438e+00, 9.134928e-01, 3.264329e+00],
	[1.499202e+00, 0, 0, 0, 0, 0, 1.805438e+00, 9.134928e-01, 3.264329e+00],
	[1.499202e+00, 0, 0, 0, 0, 0, 1.805438e+00, 9.134928e-01, 3.264329e+00],
	[2.213502e+00, 0, 0, 0, 0, 0, 3.335293e+00, 9.548069e-01, 4.790041e+00],
	[2.213502e+00, 0, 0, 0, 0, 0, 3.335293e+00, 9.548069e-01, 4.790041e+00],
	[2.213502e+00, 0, 0, 0, 0, 0, 3.335293e+00, 9.548069e-01, 4.790041e+00],
	[2.213502e+00, 0, 0, 0, 0, 0, 3.335293e+00, 9.548069e-01, 4.790041e+00],
	[0, 0, 0, 0, 0, 0, 0, 0, 0],
	[0, 0, 0, 0, 0, 0, 0, 0, 0],
	[0, 0, 0, 0, 0, 0, 0, 0, 0],
	[0, 0, 0, 0, 0, 0, 0, 0, 0],
	[0, 0, 0, 0, 0, 0, 0, 0, 0],
	[0, 0, 0, 0, 0, 0, 0, 0, 0],
	[0, 0, 0, 0, 0, 0, 0, 0, 0],
	[0, 0, 0, 0, 0, 0, 0, 0, 0],
	[0, 0, 0, 0, 0, 0, 0, 0, 0],
	[0, 0, 0, 0, 0, 0, 0, 0, 0],
	[0, 0, 0, 0, 0, 0, 0, 0, 0],
	[0, 0, 0, 0, 0, 0, 0, 0, 0],
	[0, 0, 0, 0, 0, 0, 0, 0, 0],
	[0, 0, 0, 0, 0, 0, 0, 0, 0],
	[0, 0, 0, 0, 0, 0, 0, 0, 0],
	[0, 0, 0, 0, 0, 0, 0, 0, 0] ]
undercost [
	[0, 0, 0, 0, 0, 0, 0, 0, 0],
	[0, 0, 0, 0, 0, 0, 0, 0, 0],
	[0, 0, 0, 0, 0, 0, 0, 0, 0],
	[0, 0, 0, 0, 0, 0, 0, 0, 0],
	[0, 0, 0, 0, 0, 0, 0, 0, 0],
	[0, 0, 0, 0, 0, 0, 0, 0, 0],
	[0, 0, 0, 0, 0, 0, 0, 0, 0],
	[0, 0, 0, 0, 0, 0, 0, 0, 0],
	[0, 0, 0, 0, 0, 0, 0, 0, 0],
	[0, 0, 0, 0, 0, 0, 0, 0, 0],
	[0, 0, 0, 0, 0, 0, 0, 0, 0],
	[0, 0, 0, 0, 0, 0, 0, 0, 0],
	[0, 0, 0, 0, 0, 0, 0, 0, 0],
	[0, 0, 0, 0, 0, 0, 0, 0, 0],
	[0, 0, 0, 0, 0, 0, 0, 0, 0],
	[0, 0, 0, 0, 0, 0, 0, 0, 0],
	[0, 0, 0, 0, 0, 0, 0, 0, 0],
	[0, 0, 0, 0, 0, 0, 0, 0, 0],
	[0, 0, 0, 0, 0, 0, 0, 0, 0],
	[0, 0, 0, 0, 0, 0, 0, 0, 0],
	[0, 0, 0, 0, 0, 0, 0, 0, 0],
	[0, 0, 0, 0, 0, 0, 0, 0, 0],
	[0, 0, 0, 0, 0, 0, 0, 0, 0],
	[0, 0, 0, 0, 0, 0, 0, 0, 0],
	[0, 0, 0, 0, 0, 0, 0, 0, 0],
	[0, 0, 0, 0, 0, 0, 0, 0, 0],
	[0, 0, 0, 0, 0, 0, 0, 0, 0],
	[0, 0, 0, 0, 0, 0, 0, 0, 0],
	[0, 0, 0, 0, 0, 0, 0, 0, 0],
	[0, 0, 0, 0, 0, 0, 0, 0, 0],
	[0, 0, 0, 0, 0, 0, 0, 0, 0],
	[0, 0, 0, 0, 0, 0, 0, 0, 0],
	[1.000000e+06, 0, 0, 0, 0, 0, 0, 0, 0],
	[1.000000e+06, 0, 0, 0, 0, 0, 0, 0, 0],
	[1.000000e+06, 0, 0, 0, 0, 0, 0, 0, 0],
	[1.000000e+06, 0, 0, 0, 0, 0, 0, 0, 0],
	[0, 0, 0, 1.000000e+06, 0, 1.000000e+06, 1.000000e+06, 1.000000e+06, 1.000000e+06],
	[0, 0, 0, 1.000000e+06, 0, 1.000000e+06, 1.000000e+06, 1.000000e+06, 1.000000e+06],
	[0, 0, 0, 1.000000e+06, 0, 1.000000e+06, 1.000000e+06, 1.000000e+06, 1.000000e+06],
	[0, 0, 0, 1.000000e+06, 0, 1.000000e+06, 1.000000e+06, 1.000000e+06, 1.000000e+06],
	[1.000000e+06, 1.000000e+06, 1.000000e+06, 1.000000e+06, 0, 1.000000e+06, 1.000000e+06, 1.000000e+06, 1.000000e+06],
	[1.000000e+06, 1.000000e+06, 1.000000e+06, 1.000000e+06, 0, 1.000000e+06, 1.000000e+06, 1.000000e+06, 1.000000e+06],
	[1.000000e+06, 1.000000e+06, 1.000000e+06, 1.000000e+06, 0, 1.000000e+06, 1.000000e+06, 1.000000e+06, 1.000000e+06],
	[1.000000e+06, 1.000000e+06, 1.000000e+06, 1.000000e+06, 0, 1.000000e+06, 1.000000e+06, 1.000000e+06, 1.000000e+06],
	[1.000000e+06, 1.000000e+06, 1.000000e+06, 3.592370e+00, 1.424682e+00, 1.000000e+06, 1.000000e+06, 1.883412e+00, 1.000000e+06],
	[1.000000e+06, 1.000000e+06, 1.000000e+06, 3.592370e+00, 1.424682e+00, 1.000000e+06, 1.000000e+06, 1.883412e+00, 1.000000e+06],
	[1.000000e+06, 1.000000e+06, 1.000000e+06, 3.592370e+00, 1.424682e+00, 1.000000e+06, 1.000000e+06, 1.883412e+00, 1.000000e+06],
	[1.000000e+06, 1.000000e+06, 1.000000e+06, 3.592370e+00, 1.424682e+00, 1.000000e+06, 1.000000e+06, 1.883412e+00, 1.000000e+06],
	[1.000000e+06, 1.000000e+06, 1.000000e+06, 2.487190e+00, 1.914043e+00, 1.000000e+06, 1.000000e+06, 1.521642e+00, 1.000000e+06],
	[1.000000e+06, 1.000000e+06, 1.000000e+06, 2.487190e+00, 1.914043e+00, 1.000000e+06, 1.000000e+06, 1.521642e+00, 1.000000e+06],
	[1.000000e+06, 1.000000e+06, 1.000000e+06, 2.487190e+00, 1.914043e+00, 1.000000e+06, 1.000000e+06, 1.521642e+00, 1.000000e+06],
	[1.000000e+06, 1.000000e+06, 1.000000e+06, 2.487190e+00, 1.914043e+00, 1.000000e+06, 1.000000e+06, 1.521642e+00, 1.000000e+06],
	[1.000000e+06, 1.000000e+06, 1.000000e+06, 2.908446e+00, 1.344467e+00, 1.000000e+06, 1.000000e+06, 9.012085e-01, 1.000000e+06],
	[1.000000e+06, 1.000000e+06, 1.000000e+06, 2.908446e+00, 1.344467e+00, 1.000000e+06, 1.000000e+06, 9.012085e-01, 1.000000e+06],
	[1.000000e+06, 1.000000e+06, 1.000000e+06, 2.908446e+00, 1.344467e+00, 1.000000e+06, 1.000000e+06, 9.012085e-01, 1.000000e+06],
	[1.000000e+06, 1.000000e+06, 1.000000e+06, 2.908446e+00, 1.344467e+00, 1.000000e+06, 1.000000e+06, 9.012085e-01, 1.000000e+06],
	[1.000000e+06, 1.000000e+06, 1.000000e+06, 3.141743e+00, 1.525239e+00, 1.000000e+06, 1.000000e+06, 1.036101e+00, 1.000000e+06],
	[1.000000e+06, 1.000000e+06, 1.000000e+06, 3.141743e+00, 1.525239e+00, 1.000000e+06, 1.000000e+06, 1.036101e+00, 1.000000e+06],
	[1.000000e+06, 1.000000e+06, 1.000000e+06, 3.141743e+00, 1.525239e+00, 1.000000e+06, 1.000000e+06, 1.036101e+00, 1.000000e+06],
	[1.000000e+06, 1.000000e+06, 1.000000e+06, 3.141743e+00, 1.525239e+00, 1.000000e+06, 1.000000e+06, 1.036101e+00, 1.000000e+06],
	[1.000000e+06, 1.000000e+06, 1.000000e+06, 1.894273e+00, 1.673733e+00, 1.000000e+06, 1.000000e+06, 1.059914e+00, 1.000000e+06],
	[1.000000e+06, 1.000000e+06, 1.000000e+06, 1.894273e+00, 1.673733e+00, 1.000000e+06, 1.000000e+06, 1.059914e+00, 1.000000e+06],
	[1.000000e+06, 1.000000e+06, 1.000000e+06, 1.894273e+00, 1.673733e+00, 1.000000e+06, 1.000000e+06, 1.059914e+00, 1.000000e+06],
	[1.000000e+06, 1.000000e+06, 1.000000e+06, 1.894273e+00, 1.673733e+00, 1.000000e+06, 1.000000e+06, 1.059914e+00, 1.000000e+06],
	[1.000000e+06, 0, 1.000000e+06, 2.327195e+00, 1.782930e+00, 1.000000e+06, 1.000000e+06, 1.689521e+00, 1.000000e+06],
	[1.000000e+06, 0, 1.000000e+06, 2.327195e+00, 1.782930e+00, 1.000000e+06, 1.000000e+06, 1.689521e+00, 1.000000e+06],
	[1.000000e+06, 0, 1.000000e+06, 2.327195e+00, 1.782930e+00, 1.000000e+06, 1.000000e+06, 1.689521e+00, 1.000000e+06],
	[1.000000e+06, 0, 1.000000e+06, 2.327195e+00, 1.782930e+00, 1.000000e+06, 1.000000e+06, 1.689521e+00, 1.000000e+06],
	[1.000000e+06, 0, 0, 0, 0, 0, 1.000000e+06, 1.849910e+00, 1.000000e+06],
	[1.000000e+06, 0, 0, 0, 0, 0, 1.000000e+06, 1.849910e+00, 1.000000e+06],
	[1.000000e+06, 0, 0, 0, 0, 0, 1.000000e+06, 1.849910e+00, 1.000000e+06],
	[1.000000e+06, 0, 0, 0, 0, 0, 1.000000e+06, 1.849910e+00, 1.000000e+06],
	[1.000000e+06, 0, 0, 0, 0, 0, 1.000000e+06, 9.747885e-01, 1.000000e+06],
	[1.000000e+06, 0, 0, 0, 0, 0, 1.000000e+06, 9.747885e-01, 1.000000e+06],
	[1.000000e+06, 0, 0, 0, 0, 0, 1.000000e+06, 9.747885e-01, 1.000000e+06],
	[1.000000e+06, 0, 0, 0, 0, 0, 1.000000e+06, 9.747885e-01, 1.000000e+06],
	[1.000000e+06, 0, 0, 0, 0, 0, 1.000000e+06, 1.429136e+00, 1.000000e+06],
	[1.000000e+06, 0, 0, 0, 0, 0, 1.000000e+06, 1.429136e+00, 1.000000e+06],
	[1.000000e+06, 0, 0, 0, 0, 0, 1.000000e+06, 1.429136e+00, 1.000000e+06],
	[1.000000e+06, 0, 0, 0, 0, 0, 1.000000e+06, 1.429136e+00, 1.000000e+06],
	[0, 0, 0, 0, 0, 0, 0, 0, 0],
	[0, 0, 0, 0, 0, 0, 0, 0, 0],
	[0, 0, 0, 0, 0, 0, 0, 0, 0],
	[0, 0, 0, 0, 0, 0, 0, 0, 0],
	[0, 0, 0, 0, 0, 0, 0, 0, 0],
	[0, 0, 0, 0, 0, 0, 0, 0, 0],
	[0, 0, 0, 0, 0, 0, 0, 0, 0],
	[0, 0, 0, 0, 0, 0, 0, 0, 0],
	[0, 0, 0, 0, 0, 0, 0, 0, 0],
	[0, 0, 0, 0, 0, 0, 0, 0, 0],
	[0, 0, 0, 0, 0, 0, 0, 0, 0],
	[0, 0, 0, 0, 0, 0, 0, 0, 0],
	[0, 0, 0, 0, 0, 0, 0, 0, 0],
	[0, 0, 0, 0, 0, 0, 0, 0, 0],
	[0, 0, 0, 0, 0, 0, 0, 0, 0],
	[0, 0, 0, 0, 0, 0, 0, 0, 0] ]
