512
SHOE
ACT	1
SHIFT	96
demand [
	[0],
	[0],
	[0],
	[0],
	[0],
	[0],
	[0],
	[0],
	[0],
	[0],
	[0],
	[0],
	[0],
	[0],
	[0],
	[0],
	[0],
	[0],
	[0],
	[0],
	[0],
	[0],
	[0],
	[0],
	[0],
	[0],
	[0],
	[0],
	[0],
	[0],
	[0],
	[0],
	[0],
	[0],
	[0],
	[0],
	[1.25],
	[1.25],
	[1.25],
	[1.25],
	[1.75],
	[1.75],
	[1.75],
	[1.75],
	[2.75],
	[2.75],
	[2.75],
	[2.75],
	[3.00],
	[3.00],
	[3.00],
	[3.00],
	[3.25],
	[3.25],
	[3.25],
	[3.25],
	[3.25],
	[3.25],
	[3.25],
	[3.25],
	[3.25],
	[3.25],
	[3.25],
	[3.25],
	[2.75],
	[2.75],
	[2.75],
	[2.75],
	[3.00],
	[3.00],
	[3.00],
	[3.00],
	[3.50],
	[3.50],
	[3.50],
	[3.50],
	[3.25],
	[3.25],
	[3.25],
	[3.25],
	[0],
	[0],
	[0],
	[0],
	[0],
	[0],
	[0],
	[0],
	[0],
	[0],
	[0],
	[0],
	[0],
	[0],
	[0],
	[0] ]
overcost [
	[0],
	[0],
	[0],
	[0],
	[0],
	[0],
	[0],
	[0],
	[0],
	[0],
	[0],
	[0],
	[0],
	[0],
	[0],
	[0],
	[0],
	[0],
	[0],
	[0],
	[0],
	[0],
	[0],
	[0],
	[0],
	[0],
	[0],
	[0],
	[0],
	[0],
	[0],
	[0],
	[0],
	[0],
	[0],
	[0],
	[2.020808e+00],
	[2.020808e+00],
	[2.020808e+00],
	[2.020808e+00],
	[1.604315e+00],
	[1.604315e+00],
	[1.604315e+00],
	[1.604315e+00],
	[1.285305e+00],
	[1.285305e+00],
	[1.285305e+00],
	[1.285305e+00],
	[1.057335e+00],
	[1.057335e+00],
	[1.057335e+00],
	[1.057335e+00],
	[1.165514e+00],
	[1.165514e+00],
	[1.165514e+00],
	[1.165514e+00],
	[1.040104e+00],
	[1.040104e+00],
	[1.040104e+00],
	[1.040104e+00],
	[1.102526e+00],
	[1.102526e+00],
	[1.102526e+00],
	[1.102526e+00],
	[1.150601e+00],
	[1.150601e+00],
	[1.150601e+00],
	[1.150601e+00],
	[1.169780e+00],
	[1.169780e+00],
	[1.169780e+00],
	[1.169780e+00],
	[1.129988e+00],
	[1.129988e+00],
	[1.129988e+00],
	[1.129988e+00],
	[8.192374e-01],
	[8.192374e-01],
	[8.192374e-01],
	[8.192374e-01],
	[0],
	[0],
	[0],
	[0],
	[0],
	[0],
	[0],
	[0],
	[0],
	[0],
	[0],
	[0],
	[0],
	[0],
	[0],
	[0] ]
undercost [
	[0],
	[0],
	[0],
	[0],
	[0],
	[0],
	[0],
	[0],
	[0],
	[0],
	[0],
	[0],
	[0],
	[0],
	[0],
	[0],
	[0],
	[0],
	[0],
	[0],
	[0],
	[0],
	[0],
	[0],
	[0],
	[0],
	[0],
	[0],
	[0],
	[0],
	[0],
	[0],
	[0],
	[0],
	[0],
	[0],
	[1.000000e+06],
	[1.000000e+06],
	[1.000000e+06],
	[1.000000e+06],
	[1.000000e+06],
	[1.000000e+06],
	[1.000000e+06],
	[1.000000e+06],
	[1.642214e+00],
	[1.642214e+00],
	[1.642214e+00],
	[1.642214e+00],
	[1.636369e+00],
	[1.636369e+00],
	[1.636369e+00],
	[1.636369e+00],
	[1.264256e+00],
	[1.264256e+00],
	[1.264256e+00],
	[1.264256e+00],
	[1.418676e+00],
	[1.418676e+00],
	[1.418676e+00],
	[1.418676e+00],
	[1.344799e+00],
	[1.344799e+00],
	[1.344799e+00],
	[1.344799e+00],
	[1.816091e+00],
	[1.816091e+00],
	[1.816091e+00],
	[1.816091e+00],
	[1.501701e+00],
	[1.501701e+00],
	[1.501701e+00],
	[1.501701e+00],
	[1.114185e+00],
	[1.114185e+00],
	[1.114185e+00],
	[1.114185e+00],
	[1.701455e+00],
	[1.701455e+00],
	[1.701455e+00],
	[1.701455e+00],
	[0],
	[0],
	[0],
	[0],
	[0],
	[0],
	[0],
	[0],
	[0],
	[0],
	[0],
	[0],
	[0],
	[0],
	[0],
	[0] ]
