1083
SHOE
ACT	1
SHIFT	96
demand [
	[0],
	[0],
	[0],
	[0],
	[0],
	[0],
	[0],
	[0],
	[0],
	[0],
	[0],
	[0],
	[0],
	[0],
	[0],
	[0],
	[0],
	[0],
	[0],
	[0],
	[0],
	[0],
	[0],
	[0],
	[0],
	[0],
	[0],
	[0],
	[0],
	[0],
	[0],
	[0],
	[0],
	[0],
	[0],
	[0],
	[1.50],
	[1.50],
	[1.50],
	[1.50],
	[2.25],
	[2.25],
	[2.25],
	[2.25],
	[3.75],
	[3.75],
	[3.75],
	[3.75],
	[4.25],
	[4.25],
	[4.25],
	[4.25],
	[4.50],
	[4.50],
	[4.50],
	[4.50],
	[4.50],
	[4.50],
	[4.50],
	[4.50],
	[4.50],
	[4.50],
	[4.50],
	[4.50],
	[3.75],
	[3.75],
	[3.75],
	[3.75],
	[0],
	[0],
	[0],
	[0],
	[0],
	[0],
	[0],
	[0],
	[0],
	[0],
	[0],
	[0],
	[0],
	[0],
	[0],
	[0],
	[0],
	[0],
	[0],
	[0],
	[0],
	[0],
	[0],
	[0],
	[0],
	[0],
	[0],
	[0] ]
overcost [
	[0],
	[0],
	[0],
	[0],
	[0],
	[0],
	[0],
	[0],
	[0],
	[0],
	[0],
	[0],
	[0],
	[0],
	[0],
	[0],
	[0],
	[0],
	[0],
	[0],
	[0],
	[0],
	[0],
	[0],
	[0],
	[0],
	[0],
	[0],
	[0],
	[0],
	[0],
	[0],
	[0],
	[0],
	[0],
	[0],
	[1.707355e+00],
	[1.707355e+00],
	[1.707355e+00],
	[1.707355e+00],
	[1.356943e+00],
	[1.356943e+00],
	[1.356943e+00],
	[1.356943e+00],
	[1.176865e+00],
	[1.176865e+00],
	[1.176865e+00],
	[1.176865e+00],
	[1.033326e+00],
	[1.033326e+00],
	[1.033326e+00],
	[1.033326e+00],
	[9.846858e-01],
	[9.846858e-01],
	[9.846858e-01],
	[9.846858e-01],
	[8.487873e-01],
	[8.487873e-01],
	[8.487873e-01],
	[8.487873e-01],
	[9.945990e-01],
	[9.945990e-01],
	[9.945990e-01],
	[9.945990e-01],
	[1.066878e+00],
	[1.066878e+00],
	[1.066878e+00],
	[1.066878e+00],
	[0],
	[0],
	[0],
	[0],
	[0],
	[0],
	[0],
	[0],
	[0],
	[0],
	[0],
	[0],
	[0],
	[0],
	[0],
	[0],
	[0],
	[0],
	[0],
	[0],
	[0],
	[0],
	[0],
	[0],
	[0],
	[0],
	[0],
	[0] ]
undercost [
	[0],
	[0],
	[0],
	[0],
	[0],
	[0],
	[0],
	[0],
	[0],
	[0],
	[0],
	[0],
	[0],
	[0],
	[0],
	[0],
	[0],
	[0],
	[0],
	[0],
	[0],
	[0],
	[0],
	[0],
	[0],
	[0],
	[0],
	[0],
	[0],
	[0],
	[0],
	[0],
	[0],
	[0],
	[0],
	[0],
	[1.000000e+06],
	[1.000000e+06],
	[1.000000e+06],
	[1.000000e+06],
	[2.535171e+00],
	[2.535171e+00],
	[2.535171e+00],
	[2.535171e+00],
	[9.781993e-01],
	[9.781993e-01],
	[9.781993e-01],
	[9.781993e-01],
	[8.634720e-01],
	[8.634720e-01],
	[8.634720e-01],
	[8.634720e-01],
	[8.040796e-01],
	[8.040796e-01],
	[8.040796e-01],
	[8.040796e-01],
	[9.619341e-01],
	[9.619341e-01],
	[9.619341e-01],
	[9.619341e-01],
	[7.939121e-01],
	[7.939121e-01],
	[7.939121e-01],
	[7.939121e-01],
	[1.110549e+00],
	[1.110549e+00],
	[1.110549e+00],
	[1.110549e+00],
	[0],
	[0],
	[0],
	[0],
	[0],
	[0],
	[0],
	[0],
	[0],
	[0],
	[0],
	[0],
	[0],
	[0],
	[0],
	[0],
	[0],
	[0],
	[0],
	[0],
	[0],
	[0],
	[0],
	[0],
	[0],
	[0],
	[0],
	[0] ]
