712 1157 1676 2244 2275 2631 2807 2904 3661 3776
SHOE
ACT	10
SHIFT	96
demand [
	[0, 0, 0, 0, 0, 0, 0, 0, 0, 0],
	[0, 0, 0, 0, 0, 0, 0, 0, 0, 0],
	[0, 0, 0, 0, 0, 0, 0, 0, 0, 0],
	[0, 0, 0, 0, 0, 0, 0, 0, 0, 0],
	[0, 0, 0, 0, 0, 0, 0, 0, 0, 0],
	[0, 0, 0, 0, 0, 0, 0, 0, 0, 0],
	[0, 0, 0, 0, 0, 0, 0, 0, 0, 0],
	[0, 0, 0, 0, 0, 0, 0, 0, 0, 0],
	[0, 0, 0, 0, 0, 0, 0, 0, 0, 0],
	[0, 0, 0, 0, 0, 0, 0, 0, 0, 0],
	[0, 0, 0, 0, 0, 0, 0, 0, 0, 0],
	[0, 0, 0, 0, 0, 0, 0, 0, 0, 0],
	[0, 0, 0, 0, 0, 0, 0, 0, 0, 0],
	[0, 0, 0, 0, 0, 0, 0, 0, 0, 0],
	[0, 0, 0, 0, 0, 0, 0, 0, 0, 0],
	[0, 0, 0, 0, 0, 0, 0, 0, 0, 0],
	[0, 0, 0, 0, 0, 0, 0, 0, 0, 0],
	[0, 0, 0, 0, 0, 0, 0, 0, 0, 0],
	[0, 0, 0, 0, 0, 0, 0, 0, 0, 0],
	[0, 0, 0, 0, 0, 0, 0, 0, 0, 0],
	[0, 0, 0, 0, 0, 0, 0, 0, 0, 0],
	[0, 0, 0, 0, 0, 0, 0, 0, 0, 0],
	[0, 0, 0, 0, 0, 0, 0, 0, 0, 0],
	[0, 0, 0, 0, 0, 0, 0, 0, 0, 0],
	[0, 0, 0, 0, 0, 0, 0, 0, 0, 0],
	[0, 0, 0, 0, 0, 0, 0, 0, 0, 0],
	[0, 0, 0, 0, 0, 0, 0, 0, 0, 0],
	[0, 0, 0, 0, 0, 0, 0, 0, 0, 0],
	[0, 0, 0, 0, 0, 0, 0, 0, 0, 0],
	[0, 0, 0, 0, 0, 0, 0, 0, 0, 0],
	[0, 0, 0, 0, 0, 0, 0, 0, 0, 0],
	[0, 0, 0, 0, 0, 0, 0, 0, 0, 0],
	[0, 0, 0, 0, 0, 0, 0, 1.00, 0, 0],
	[0, 0, 0, 0, 0, 0, 0, 1.00, 0, 0],
	[0, 0, 0, 0, 0, 0, 0, 1.00, 0, 0],
	[0, 0, 0, 0, 0, 0, 0, 1.00, 0, 0],
	[1.00, 1.00, 1.00, 0, 1.00, 1.25, 0, 1.50, 1.00, 1.00],
	[1.00, 1.00, 1.00, 0, 1.00, 1.25, 0, 1.50, 1.00, 1.00],
	[1.00, 1.00, 1.00, 0, 1.00, 1.25, 0, 1.50, 1.00, 1.00],
	[1.00, 1.00, 1.00, 0, 1.00, 1.25, 0, 1.50, 1.00, 1.00],
	[1.00, 1.25, 1.00, 1.00, 1.00, 1.50, 0, 1.75, 1.00, 1.00],
	[1.00, 1.25, 1.00, 1.00, 1.00, 1.50, 0, 1.75, 1.00, 1.00],
	[1.00, 1.25, 1.00, 1.00, 1.00, 1.50, 0, 1.75, 1.00, 1.00],
	[1.00, 1.25, 1.00, 1.00, 1.00, 1.50, 0, 1.75, 1.00, 1.00],
	[1.50, 1.75, 1.00, 1.50, 1.25, 2.00, 0, 2.25, 1.50, 1.00],
	[1.50, 1.75, 1.00, 1.50, 1.25, 2.00, 0, 2.25, 1.50, 1.00],
	[1.50, 1.75, 1.00, 1.50, 1.25, 2.00, 0, 2.25, 1.50, 1.00],
	[1.50, 1.75, 1.00, 1.50, 1.25, 2.00, 0, 2.25, 1.50, 1.00],
	[1.75, 1.75, 1.25, 1.75, 1.25, 2.00, 0, 2.25, 2.25, 1.00],
	[1.75, 1.75, 1.25, 1.75, 1.25, 2.00, 0, 2.25, 2.25, 1.00],
	[1.75, 1.75, 1.25, 1.75, 1.25, 2.00, 0, 2.25, 2.25, 1.00],
	[1.75, 1.75, 1.25, 1.75, 1.25, 2.00, 0, 2.25, 2.25, 1.00],
	[1.75, 1.75, 1.50, 1.75, 1.25, 2.25, 0, 2.25, 2.50, 1.00],
	[1.75, 1.75, 1.50, 1.75, 1.25, 2.25, 0, 2.25, 2.50, 1.00],
	[1.75, 1.75, 1.50, 1.75, 1.25, 2.25, 0, 2.25, 2.50, 1.00],
	[1.75, 1.75, 1.50, 1.75, 1.25, 2.25, 0, 2.25, 2.50, 1.00],
	[1.75, 2.00, 1.50, 1.75, 1.25, 2.25, 0, 2.50, 2.50, 1.00],
	[1.75, 2.00, 1.50, 1.75, 1.25, 2.25, 0, 2.50, 2.50, 1.00],
	[1.75, 2.00, 1.50, 1.75, 1.25, 2.25, 0, 2.50, 2.50, 1.00],
	[1.75, 2.00, 1.50, 1.75, 1.25, 2.25, 0, 2.50, 2.50, 1.00],
	[1.75, 2.00, 1.25, 1.75, 1.25, 2.25, 0, 2.50, 2.25, 1.00],
	[1.75, 2.00, 1.25, 1.75, 1.25, 2.25, 0, 2.50, 2.25, 1.00],
	[1.75, 2.00, 1.25, 1.75, 1.25, 2.25, 0, 2.50, 2.25, 1.00],
	[1.75, 2.00, 1.25, 1.75, 1.25, 2.25, 0, 2.50, 2.25, 1.00],
	[1.50, 1.75, 1.00, 1.50, 1.25, 2.00, 0, 2.25, 1.50, 0],
	[1.50, 1.75, 1.00, 1.50, 1.25, 2.00, 0, 2.25, 1.50, 0],
	[1.50, 1.75, 1.00, 1.50, 1.25, 2.00, 0, 2.25, 1.50, 0],
	[1.50, 1.75, 1.00, 1.50, 1.25, 2.00, 0, 2.25, 1.50, 0],
	[1.50, 1.75, 1.25, 1.50, 1.25, 2.00, 1.00, 2.50, 1.75, 1.00],
	[1.50, 1.75, 1.25, 1.50, 1.25, 2.00, 1.00, 2.50, 1.75, 1.00],
	[1.50, 1.75, 1.25, 1.50, 1.25, 2.00, 1.00, 2.50, 1.75, 1.00],
	[1.50, 1.75, 1.25, 1.50, 1.25, 2.00, 1.00, 2.50, 1.75, 1.00],
	[1.75, 2.00, 1.50, 1.75, 1.50, 0, 0, 0, 2.50, 1.00],
	[1.75, 2.00, 1.50, 1.75, 1.50, 0, 0, 0, 2.50, 1.00],
	[1.75, 2.00, 1.50, 1.75, 1.50, 0, 0, 0, 2.50, 1.00],
	[1.75, 2.00, 1.50, 1.75, 1.50, 0, 0, 0, 2.50, 1.00],
	[1.75, 2.00, 1.25, 1.75, 1.50, 0, 0, 0, 1.75, 0],
	[1.75, 2.00, 1.25, 1.75, 1.50, 0, 0, 0, 1.75, 0],
	[1.75, 2.00, 1.25, 1.75, 1.50, 0, 0, 0, 1.75, 0],
	[1.75, 2.00, 1.25, 1.75, 1.50, 0, 0, 0, 1.75, 0],
	[1.00, 1.50, 0, 0, 1.00, 0, 0, 0, 0, 0],
	[1.00, 1.50, 0, 0, 1.00, 0, 0, 0, 0, 0],
	[1.00, 1.50, 0, 0, 1.00, 0, 0, 0, 0, 0],
	[1.00, 1.50, 0, 0, 1.00, 0, 0, 0, 0, 0],
	[0, 0, 0, 0, 0, 0, 0, 0, 0, 0],
	[0, 0, 0, 0, 0, 0, 0, 0, 0, 0],
	[0, 0, 0, 0, 0, 0, 0, 0, 0, 0],
	[0, 0, 0, 0, 0, 0, 0, 0, 0, 0],
	[0, 0, 0, 0, 0, 0, 0, 0, 0, 0],
	[0, 0, 0, 0, 0, 0, 0, 0, 0, 0],
	[0, 0, 0, 0, 0, 0, 0, 0, 0, 0],
	[0, 0, 0, 0, 0, 0, 0, 0, 0, 0],
	[0, 0, 0, 0, 0, 0, 0, 0, 0, 0],
	[0, 0, 0, 0, 0, 0, 0, 0, 0, 0],
	[0, 0, 0, 0, 0, 0, 0, 0, 0, 0],
	[0, 0, 0, 0, 0, 0, 0, 0, 0, 0] ]
overcost [
	[0, 0, 0, 0, 0, 0, 0, 0, 0, 0],
	[0, 0, 0, 0, 0, 0, 0, 0, 0, 0],
	[0, 0, 0, 0, 0, 0, 0, 0, 0, 0],
	[0, 0, 0, 0, 0, 0, 0, 0, 0, 0],
	[0, 0, 0, 0, 0, 0, 0, 0, 0, 0],
	[0, 0, 0, 0, 0, 0, 0, 0, 0, 0],
	[0, 0, 0, 0, 0, 0, 0, 0, 0, 0],
	[0, 0, 0, 0, 0, 0, 0, 0, 0, 0],
	[0, 0, 0, 0, 0, 0, 0, 0, 0, 0],
	[0, 0, 0, 0, 0, 0, 0, 0, 0, 0],
	[0, 0, 0, 0, 0, 0, 0, 0, 0, 0],
	[0, 0, 0, 0, 0, 0, 0, 0, 0, 0],
	[0, 0, 0, 0, 0, 0, 0, 0, 0, 0],
	[0, 0, 0, 0, 0, 0, 0, 0, 0, 0],
	[0, 0, 0, 0, 0, 0, 0, 0, 0, 0],
	[0, 0, 0, 0, 0, 0, 0, 0, 0, 0],
	[0, 0, 0, 0, 0, 0, 0, 0, 0, 0],
	[0, 0, 0, 0, 0, 0, 0, 0, 0, 0],
	[0, 0, 0, 0, 0, 0, 0, 0, 0, 0],
	[0, 0, 0, 0, 0, 0, 0, 0, 0, 0],
	[0, 0, 0, 0, 0, 0, 0, 0, 0, 0],
	[0, 0, 0, 0, 0, 0, 0, 0, 0, 0],
	[0, 0, 0, 0, 0, 0, 0, 0, 0, 0],
	[0, 0, 0, 0, 0, 0, 0, 0, 0, 0],
	[0, 0, 0, 0, 0, 0, 0, 0, 0, 0],
	[0, 0, 0, 0, 0, 0, 0, 0, 0, 0],
	[0, 0, 0, 0, 0, 0, 0, 0, 0, 0],
	[0, 0, 0, 0, 0, 0, 0, 0, 0, 0],
	[0, 0, 0, 0, 0, 0, 0, 0, 0, 0],
	[0, 0, 0, 0, 0, 0, 0, 0, 0, 0],
	[0, 0, 0, 0, 0, 0, 0, 0, 0, 0],
	[0, 0, 0, 0, 0, 0, 0, 0, 0, 0],
	[0, 0, 0, 0, 0, 0, 0, 3.343872e+00, 0, 0],
	[0, 0, 0, 0, 0, 0, 0, 3.343872e+00, 0, 0],
	[0, 0, 0, 0, 0, 0, 0, 3.343872e+00, 0, 0],
	[0, 0, 0, 0, 0, 0, 0, 3.343872e+00, 0, 0],
	[4.927073e+00, 2.823615e+00, 6.447690e+00, 0, 4.887884e+00, 2.193752e+00, 0, 2.014922e+00, 1.080453e+01, 1.268637e+01],
	[4.927073e+00, 2.823615e+00, 6.447690e+00, 0, 4.887884e+00, 2.193752e+00, 0, 2.014922e+00, 1.080453e+01, 1.268637e+01],
	[4.927073e+00, 2.823615e+00, 6.447690e+00, 0, 4.887884e+00, 2.193752e+00, 0, 2.014922e+00, 1.080453e+01, 1.268637e+01],
	[4.927073e+00, 2.823615e+00, 6.447690e+00, 0, 4.887884e+00, 2.193752e+00, 0, 2.014922e+00, 1.080453e+01, 1.268637e+01],
	[3.100450e+00, 2.386876e+00, 4.563429e+00, 2.655580e+00, 3.621161e+00, 1.863908e+00, 0, 1.658867e+00, 7.921126e+00, 1.265051e+01],
	[3.100450e+00, 2.386876e+00, 4.563429e+00, 2.655580e+00, 3.621161e+00, 1.863908e+00, 0, 1.658867e+00, 7.921126e+00, 1.265051e+01],
	[3.100450e+00, 2.386876e+00, 4.563429e+00, 2.655580e+00, 3.621161e+00, 1.863908e+00, 0, 1.658867e+00, 7.921126e+00, 1.265051e+01],
	[3.100450e+00, 2.386876e+00, 4.563429e+00, 2.655580e+00, 3.621161e+00, 1.863908e+00, 0, 1.658867e+00, 7.921126e+00, 1.265051e+01],
	[2.148263e+00, 1.909185e+00, 1.751568e+00, 1.978534e+00, 2.425192e+00, 1.481014e+00, 0, 1.251058e+00, 1.814234e+00, 9.232608e+00],
	[2.148263e+00, 1.909185e+00, 1.751568e+00, 1.978534e+00, 2.425192e+00, 1.481014e+00, 0, 1.251058e+00, 1.814234e+00, 9.232608e+00],
	[2.148263e+00, 1.909185e+00, 1.751568e+00, 1.978534e+00, 2.425192e+00, 1.481014e+00, 0, 1.251058e+00, 1.814234e+00, 9.232608e+00],
	[2.148263e+00, 1.909185e+00, 1.751568e+00, 1.978534e+00, 2.425192e+00, 1.481014e+00, 0, 1.251058e+00, 1.814234e+00, 9.232608e+00],
	[2.084504e+00, 1.475647e+00, 1.551497e+00, 2.037702e+00, 1.923672e+00, 1.157991e+00, 0, 1.137744e+00, 1.480974e+00, 7.010999e+00],
	[2.084504e+00, 1.475647e+00, 1.551497e+00, 2.037702e+00, 1.923672e+00, 1.157991e+00, 0, 1.137744e+00, 1.480974e+00, 7.010999e+00],
	[2.084504e+00, 1.475647e+00, 1.551497e+00, 2.037702e+00, 1.923672e+00, 1.157991e+00, 0, 1.137744e+00, 1.480974e+00, 7.010999e+00],
	[2.084504e+00, 1.475647e+00, 1.551497e+00, 2.037702e+00, 1.923672e+00, 1.157991e+00, 0, 1.137744e+00, 1.480974e+00, 7.010999e+00],
	[1.720214e+00, 1.191375e+00, 1.873412e+00, 1.706283e+00, 1.619836e+00, 1.469232e+00, 0, 9.092497e-01, 1.378855e+00, 6.388787e+00],
	[1.720214e+00, 1.191375e+00, 1.873412e+00, 1.706283e+00, 1.619836e+00, 1.469232e+00, 0, 9.092497e-01, 1.378855e+00, 6.388787e+00],
	[1.720214e+00, 1.191375e+00, 1.873412e+00, 1.706283e+00, 1.619836e+00, 1.469232e+00, 0, 9.092497e-01, 1.378855e+00, 6.388787e+00],
	[1.720214e+00, 1.191375e+00, 1.873412e+00, 1.706283e+00, 1.619836e+00, 1.469232e+00, 0, 9.092497e-01, 1.378855e+00, 6.388787e+00],
	[1.601645e+00, 1.722994e+00, 1.798851e+00, 1.587233e+00, 1.516401e+00, 1.356511e+00, 0, 1.334763e+00, 1.283088e+00, 6.354334e+00],
	[1.601645e+00, 1.722994e+00, 1.798851e+00, 1.587233e+00, 1.516401e+00, 1.356511e+00, 0, 1.334763e+00, 1.283088e+00, 6.354334e+00],
	[1.601645e+00, 1.722994e+00, 1.798851e+00, 1.587233e+00, 1.516401e+00, 1.356511e+00, 0, 1.334763e+00, 1.283088e+00, 6.354334e+00],
	[1.601645e+00, 1.722994e+00, 1.798851e+00, 1.587233e+00, 1.516401e+00, 1.356511e+00, 0, 1.334763e+00, 1.283088e+00, 6.354334e+00],
	[1.725496e+00, 1.678411e+00, 1.356845e+00, 1.648806e+00, 1.518451e+00, 1.261846e+00, 0, 1.135646e+00, 1.513979e+00, 7.264989e+00],
	[1.725496e+00, 1.678411e+00, 1.356845e+00, 1.648806e+00, 1.518451e+00, 1.261846e+00, 0, 1.135646e+00, 1.513979e+00, 7.264989e+00],
	[1.725496e+00, 1.678411e+00, 1.356845e+00, 1.648806e+00, 1.518451e+00, 1.261846e+00, 0, 1.135646e+00, 1.513979e+00, 7.264989e+00],
	[1.725496e+00, 1.678411e+00, 1.356845e+00, 1.648806e+00, 1.518451e+00, 1.261846e+00, 0, 1.135646e+00, 1.513979e+00, 7.264989e+00],
	[2.053205e+00, 1.735864e+00, 1.820122e+00, 1.845493e+00, 2.308390e+00, 1.269207e+00, 0, 1.028151e+00, 2.315069e+00, 0],
	[2.053205e+00, 1.735864e+00, 1.820122e+00, 1.845493e+00, 2.308390e+00, 1.269207e+00, 0, 1.028151e+00, 2.315069e+00, 0],
	[2.053205e+00, 1.735864e+00, 1.820122e+00, 1.845493e+00, 2.308390e+00, 1.269207e+00, 0, 1.028151e+00, 2.315069e+00, 0],
	[2.053205e+00, 1.735864e+00, 1.820122e+00, 1.845493e+00, 2.308390e+00, 1.269207e+00, 0, 1.028151e+00, 2.315069e+00, 0],
	[1.556884e+00, 1.383432e+00, 2.058310e+00, 1.399511e+00, 1.915810e+00, 9.763850e-01, 4.208482e+00, 1.268390e+00, 1.851151e+00, 8.805844e+00],
	[1.556884e+00, 1.383432e+00, 2.058310e+00, 1.399511e+00, 1.915810e+00, 9.763850e-01, 4.208482e+00, 1.268390e+00, 1.851151e+00, 8.805844e+00],
	[1.556884e+00, 1.383432e+00, 2.058310e+00, 1.399511e+00, 1.915810e+00, 9.763850e-01, 4.208482e+00, 1.268390e+00, 1.851151e+00, 8.805844e+00],
	[1.556884e+00, 1.383432e+00, 2.058310e+00, 1.399511e+00, 1.915810e+00, 9.763850e-01, 4.208482e+00, 1.268390e+00, 1.851151e+00, 8.805844e+00],
	[1.345374e+00, 1.332689e+00, 1.693637e+00, 1.284114e+00, 1.946289e+00, 0, 0, 0, 1.577728e+00, 6.814458e+00],
	[1.345374e+00, 1.332689e+00, 1.693637e+00, 1.284114e+00, 1.946289e+00, 0, 0, 0, 1.577728e+00, 6.814458e+00],
	[1.345374e+00, 1.332689e+00, 1.693637e+00, 1.284114e+00, 1.946289e+00, 0, 0, 0, 1.577728e+00, 6.814458e+00],
	[1.345374e+00, 1.332689e+00, 1.693637e+00, 1.284114e+00, 1.946289e+00, 0, 0, 0, 1.577728e+00, 6.814458e+00],
	[1.681499e+00, 1.247447e+00, 1.611769e+00, 1.475162e+00, 1.927664e+00, 0, 0, 0, 1.863064e+00, 0],
	[1.681499e+00, 1.247447e+00, 1.611769e+00, 1.475162e+00, 1.927664e+00, 0, 0, 0, 1.863064e+00, 0],
	[1.681499e+00, 1.247447e+00, 1.611769e+00, 1.475162e+00, 1.927664e+00, 0, 0, 0, 1.863064e+00, 0],
	[1.681499e+00, 1.247447e+00, 1.611769e+00, 1.475162e+00, 1.927664e+00, 0, 0, 0, 1.863064e+00, 0],
	[5.640617e+00, 2.082086e+00, 0, 0, 3.406597e+00, 0, 0, 0, 0, 0],
	[5.640617e+00, 2.082086e+00, 0, 0, 3.406597e+00, 0, 0, 0, 0, 0],
	[5.640617e+00, 2.082086e+00, 0, 0, 3.406597e+00, 0, 0, 0, 0, 0],
	[5.640617e+00, 2.082086e+00, 0, 0, 3.406597e+00, 0, 0, 0, 0, 0],
	[0, 0, 0, 0, 0, 0, 0, 0, 0, 0],
	[0, 0, 0, 0, 0, 0, 0, 0, 0, 0],
	[0, 0, 0, 0, 0, 0, 0, 0, 0, 0],
	[0, 0, 0, 0, 0, 0, 0, 0, 0, 0],
	[0, 0, 0, 0, 0, 0, 0, 0, 0, 0],
	[0, 0, 0, 0, 0, 0, 0, 0, 0, 0],
	[0, 0, 0, 0, 0, 0, 0, 0, 0, 0],
	[0, 0, 0, 0, 0, 0, 0, 0, 0, 0],
	[0, 0, 0, 0, 0, 0, 0, 0, 0, 0],
	[0, 0, 0, 0, 0, 0, 0, 0, 0, 0],
	[0, 0, 0, 0, 0, 0, 0, 0, 0, 0],
	[0, 0, 0, 0, 0, 0, 0, 0, 0, 0] ]
undercost [
	[0, 0, 0, 0, 0, 0, 0, 0, 0, 0],
	[0, 0, 0, 0, 0, 0, 0, 0, 0, 0],
	[0, 0, 0, 0, 0, 0, 0, 0, 0, 0],
	[0, 0, 0, 0, 0, 0, 0, 0, 0, 0],
	[0, 0, 0, 0, 0, 0, 0, 0, 0, 0],
	[0, 0, 0, 0, 0, 0, 0, 0, 0, 0],
	[0, 0, 0, 0, 0, 0, 0, 0, 0, 0],
	[0, 0, 0, 0, 0, 0, 0, 0, 0, 0],
	[0, 0, 0, 0, 0, 0, 0, 0, 0, 0],
	[0, 0, 0, 0, 0, 0, 0, 0, 0, 0],
	[0, 0, 0, 0, 0, 0, 0, 0, 0, 0],
	[0, 0, 0, 0, 0, 0, 0, 0, 0, 0],
	[0, 0, 0, 0, 0, 0, 0, 0, 0, 0],
	[0, 0, 0, 0, 0, 0, 0, 0, 0, 0],
	[0, 0, 0, 0, 0, 0, 0, 0, 0, 0],
	[0, 0, 0, 0, 0, 0, 0, 0, 0, 0],
	[0, 0, 0, 0, 0, 0, 0, 0, 0, 0],
	[0, 0, 0, 0, 0, 0, 0, 0, 0, 0],
	[0, 0, 0, 0, 0, 0, 0, 0, 0, 0],
	[0, 0, 0, 0, 0, 0, 0, 0, 0, 0],
	[0, 0, 0, 0, 0, 0, 0, 0, 0, 0],
	[0, 0, 0, 0, 0, 0, 0, 0, 0, 0],
	[0, 0, 0, 0, 0, 0, 0, 0, 0, 0],
	[0, 0, 0, 0, 0, 0, 0, 0, 0, 0],
	[0, 0, 0, 0, 0, 0, 0, 0, 0, 0],
	[0, 0, 0, 0, 0, 0, 0, 0, 0, 0],
	[0, 0, 0, 0, 0, 0, 0, 0, 0, 0],
	[0, 0, 0, 0, 0, 0, 0, 0, 0, 0],
	[0, 0, 0, 0, 0, 0, 0, 0, 0, 0],
	[0, 0, 0, 0, 0, 0, 0, 0, 0, 0],
	[0, 0, 0, 0, 0, 0, 0, 0, 0, 0],
	[0, 0, 0, 0, 0, 0, 0, 0, 0, 0],
	[0, 0, 0, 0, 0, 0, 0, 1.000000e+06, 0, 0],
	[0, 0, 0, 0, 0, 0, 0, 1.000000e+06, 0, 0],
	[0, 0, 0, 0, 0, 0, 0, 1.000000e+06, 0, 0],
	[0, 0, 0, 0, 0, 0, 0, 1.000000e+06, 0, 0],
	[1.000000e+06, 1.000000e+06, 1.000000e+06, 0, 1.000000e+06, 1.000000e+06, 0, 1.000000e+06, 1.000000e+06, 1.000000e+06],
	[1.000000e+06, 1.000000e+06, 1.000000e+06, 0, 1.000000e+06, 1.000000e+06, 0, 1.000000e+06, 1.000000e+06, 1.000000e+06],
	[1.000000e+06, 1.000000e+06, 1.000000e+06, 0, 1.000000e+06, 1.000000e+06, 0, 1.000000e+06, 1.000000e+06, 1.000000e+06],
	[1.000000e+06, 1.000000e+06, 1.000000e+06, 0, 1.000000e+06, 1.000000e+06, 0, 1.000000e+06, 1.000000e+06, 1.000000e+06],
	[1.000000e+06, 1.000000e+06, 1.000000e+06, 1.000000e+06, 1.000000e+06, 1.000000e+06, 0, 1.000000e+06, 1.000000e+06, 1.000000e+06],
	[1.000000e+06, 1.000000e+06, 1.000000e+06, 1.000000e+06, 1.000000e+06, 1.000000e+06, 0, 1.000000e+06, 1.000000e+06, 1.000000e+06],
	[1.000000e+06, 1.000000e+06, 1.000000e+06, 1.000000e+06, 1.000000e+06, 1.000000e+06, 0, 1.000000e+06, 1.000000e+06, 1.000000e+06],
	[1.000000e+06, 1.000000e+06, 1.000000e+06, 1.000000e+06, 1.000000e+06, 1.000000e+06, 0, 1.000000e+06, 1.000000e+06, 1.000000e+06],
	[1.000000e+06, 1.000000e+06, 1.000000e+06, 1.000000e+06, 1.000000e+06, 2.025021e+00, 0, 1.952574e+00, 1.000000e+06, 1.000000e+06],
	[1.000000e+06, 1.000000e+06, 1.000000e+06, 1.000000e+06, 1.000000e+06, 2.025021e+00, 0, 1.952574e+00, 1.000000e+06, 1.000000e+06],
	[1.000000e+06, 1.000000e+06, 1.000000e+06, 1.000000e+06, 1.000000e+06, 2.025021e+00, 0, 1.952574e+00, 1.000000e+06, 1.000000e+06],
	[1.000000e+06, 1.000000e+06, 1.000000e+06, 1.000000e+06, 1.000000e+06, 2.025021e+00, 0, 1.952574e+00, 1.000000e+06, 1.000000e+06],
	[1.000000e+06, 1.000000e+06, 1.000000e+06, 1.000000e+06, 1.000000e+06, 2.467780e+00, 0, 2.088715e+00, 2.366057e+00, 1.000000e+06],
	[1.000000e+06, 1.000000e+06, 1.000000e+06, 1.000000e+06, 1.000000e+06, 2.467780e+00, 0, 2.088715e+00, 2.366057e+00, 1.000000e+06],
	[1.000000e+06, 1.000000e+06, 1.000000e+06, 1.000000e+06, 1.000000e+06, 2.467780e+00, 0, 2.088715e+00, 2.366057e+00, 1.000000e+06],
	[1.000000e+06, 1.000000e+06, 1.000000e+06, 1.000000e+06, 1.000000e+06, 2.467780e+00, 0, 2.088715e+00, 2.366057e+00, 1.000000e+06],
	[1.000000e+06, 1.000000e+06, 1.000000e+06, 1.000000e+06, 1.000000e+06, 1.536265e+00, 0, 2.394840e+00, 2.023662e+00, 1.000000e+06],
	[1.000000e+06, 1.000000e+06, 1.000000e+06, 1.000000e+06, 1.000000e+06, 1.536265e+00, 0, 2.394840e+00, 2.023662e+00, 1.000000e+06],
	[1.000000e+06, 1.000000e+06, 1.000000e+06, 1.000000e+06, 1.000000e+06, 1.536265e+00, 0, 2.394840e+00, 2.023662e+00, 1.000000e+06],
	[1.000000e+06, 1.000000e+06, 1.000000e+06, 1.000000e+06, 1.000000e+06, 1.536265e+00, 0, 2.394840e+00, 2.023662e+00, 1.000000e+06],
	[1.000000e+06, 1.944487e+00, 1.000000e+06, 1.000000e+06, 1.000000e+06, 1.689042e+00, 0, 1.442377e+00, 2.149985e+00, 1.000000e+06],
	[1.000000e+06, 1.944487e+00, 1.000000e+06, 1.000000e+06, 1.000000e+06, 1.689042e+00, 0, 1.442377e+00, 2.149985e+00, 1.000000e+06],
	[1.000000e+06, 1.944487e+00, 1.000000e+06, 1.000000e+06, 1.000000e+06, 1.689042e+00, 0, 1.442377e+00, 2.149985e+00, 1.000000e+06],
	[1.000000e+06, 1.944487e+00, 1.000000e+06, 1.000000e+06, 1.000000e+06, 1.689042e+00, 0, 1.442377e+00, 2.149985e+00, 1.000000e+06],
	[1.000000e+06, 2.016486e+00, 1.000000e+06, 1.000000e+06, 1.000000e+06, 1.823389e+00, 0, 1.709811e+00, 2.325365e+00, 1.000000e+06],
	[1.000000e+06, 2.016486e+00, 1.000000e+06, 1.000000e+06, 1.000000e+06, 1.823389e+00, 0, 1.709811e+00, 2.325365e+00, 1.000000e+06],
	[1.000000e+06, 2.016486e+00, 1.000000e+06, 1.000000e+06, 1.000000e+06, 1.823389e+00, 0, 1.709811e+00, 2.325365e+00, 1.000000e+06],
	[1.000000e+06, 2.016486e+00, 1.000000e+06, 1.000000e+06, 1.000000e+06, 1.823389e+00, 0, 1.709811e+00, 2.325365e+00, 1.000000e+06],
	[1.000000e+06, 1.000000e+06, 1.000000e+06, 1.000000e+06, 1.000000e+06, 2.326888e+00, 0, 2.254809e+00, 1.000000e+06, 0],
	[1.000000e+06, 1.000000e+06, 1.000000e+06, 1.000000e+06, 1.000000e+06, 2.326888e+00, 0, 2.254809e+00, 1.000000e+06, 0],
	[1.000000e+06, 1.000000e+06, 1.000000e+06, 1.000000e+06, 1.000000e+06, 2.326888e+00, 0, 2.254809e+00, 1.000000e+06, 0],
	[1.000000e+06, 1.000000e+06, 1.000000e+06, 1.000000e+06, 1.000000e+06, 2.326888e+00, 0, 2.254809e+00, 1.000000e+06, 0],
	[1.000000e+06, 1.000000e+06, 1.000000e+06, 1.000000e+06, 1.000000e+06, 2.739847e+00, 1.000000e+06, 1.544227e+00, 1.000000e+06, 1.000000e+06],
	[1.000000e+06, 1.000000e+06, 1.000000e+06, 1.000000e+06, 1.000000e+06, 2.739847e+00, 1.000000e+06, 1.544227e+00, 1.000000e+06, 1.000000e+06],
	[1.000000e+06, 1.000000e+06, 1.000000e+06, 1.000000e+06, 1.000000e+06, 2.739847e+00, 1.000000e+06, 1.544227e+00, 1.000000e+06, 1.000000e+06],
	[1.000000e+06, 1.000000e+06, 1.000000e+06, 1.000000e+06, 1.000000e+06, 2.739847e+00, 1.000000e+06, 1.544227e+00, 1.000000e+06, 1.000000e+06],
	[1.000000e+06, 2.509784e+00, 1.000000e+06, 1.000000e+06, 1.000000e+06, 0, 0, 0, 1.767440e+00, 1.000000e+06],
	[1.000000e+06, 2.509784e+00, 1.000000e+06, 1.000000e+06, 1.000000e+06, 0, 0, 0, 1.767440e+00, 1.000000e+06],
	[1.000000e+06, 2.509784e+00, 1.000000e+06, 1.000000e+06, 1.000000e+06, 0, 0, 0, 1.767440e+00, 1.000000e+06],
	[1.000000e+06, 2.509784e+00, 1.000000e+06, 1.000000e+06, 1.000000e+06, 0, 0, 0, 1.767440e+00, 1.000000e+06],
	[1.000000e+06, 2.651110e+00, 1.000000e+06, 1.000000e+06, 1.000000e+06, 0, 0, 0, 1.000000e+06, 0],
	[1.000000e+06, 2.651110e+00, 1.000000e+06, 1.000000e+06, 1.000000e+06, 0, 0, 0, 1.000000e+06, 0],
	[1.000000e+06, 2.651110e+00, 1.000000e+06, 1.000000e+06, 1.000000e+06, 0, 0, 0, 1.000000e+06, 0],
	[1.000000e+06, 2.651110e+00, 1.000000e+06, 1.000000e+06, 1.000000e+06, 0, 0, 0, 1.000000e+06, 0],
	[1.000000e+06, 1.000000e+06, 0, 0, 1.000000e+06, 0, 0, 0, 0, 0],
	[1.000000e+06, 1.000000e+06, 0, 0, 1.000000e+06, 0, 0, 0, 0, 0],
	[1.000000e+06, 1.000000e+06, 0, 0, 1.000000e+06, 0, 0, 0, 0, 0],
	[1.000000e+06, 1.000000e+06, 0, 0, 1.000000e+06, 0, 0, 0, 0, 0],
	[0, 0, 0, 0, 0, 0, 0, 0, 0, 0],
	[0, 0, 0, 0, 0, 0, 0, 0, 0, 0],
	[0, 0, 0, 0, 0, 0, 0, 0, 0, 0],
	[0, 0, 0, 0, 0, 0, 0, 0, 0, 0],
	[0, 0, 0, 0, 0, 0, 0, 0, 0, 0],
	[0, 0, 0, 0, 0, 0, 0, 0, 0, 0],
	[0, 0, 0, 0, 0, 0, 0, 0, 0, 0],
	[0, 0, 0, 0, 0, 0, 0, 0, 0, 0],
	[0, 0, 0, 0, 0, 0, 0, 0, 0, 0],
	[0, 0, 0, 0, 0, 0, 0, 0, 0, 0],
	[0, 0, 0, 0, 0, 0, 0, 0, 0, 0],
	[0, 0, 0, 0, 0, 0, 0, 0, 0, 0] ]
