191 1706
SHOE
ACT	2
SHIFT	96
demand [
	[0, 0],
	[0, 0],
	[0, 0],
	[0, 0],
	[0, 0],
	[0, 0],
	[0, 0],
	[0, 0],
	[0, 0],
	[0, 0],
	[0, 0],
	[0, 0],
	[0, 0],
	[0, 0],
	[0, 0],
	[0, 0],
	[0, 0],
	[0, 0],
	[0, 0],
	[0, 0],
	[0, 0],
	[0, 0],
	[0, 0],
	[0, 0],
	[0, 0],
	[0, 0],
	[0, 0],
	[0, 0],
	[0, 0],
	[0, 0],
	[0, 0],
	[0, 0],
	[0, 0],
	[0, 0],
	[0, 0],
	[0, 0],
	[2.75, 0],
	[2.75, 0],
	[2.75, 0],
	[2.75, 0],
	[3.25, 1.50],
	[3.25, 1.50],
	[3.25, 1.50],
	[3.25, 1.50],
	[4.00, 2.25],
	[4.00, 2.25],
	[4.00, 2.25],
	[4.00, 2.25],
	[4.25, 2.25],
	[4.25, 2.25],
	[4.25, 2.25],
	[4.25, 2.25],
	[4.50, 2.50],
	[4.50, 2.50],
	[4.50, 2.50],
	[4.50, 2.50],
	[4.50, 2.50],
	[4.50, 2.50],
	[4.50, 2.50],
	[4.50, 2.50],
	[4.75, 2.50],
	[4.75, 2.50],
	[4.75, 2.50],
	[4.75, 2.50],
	[4.25, 0],
	[4.25, 0],
	[4.25, 0],
	[4.25, 0],
	[4.50, 0],
	[4.50, 0],
	[4.50, 0],
	[4.50, 0],
	[0, 0],
	[0, 0],
	[0, 0],
	[0, 0],
	[0, 0],
	[0, 0],
	[0, 0],
	[0, 0],
	[0, 0],
	[0, 0],
	[0, 0],
	[0, 0],
	[0, 0],
	[0, 0],
	[0, 0],
	[0, 0],
	[0, 0],
	[0, 0],
	[0, 0],
	[0, 0],
	[0, 0],
	[0, 0],
	[0, 0],
	[0, 0] ]
overcost [
	[0, 0],
	[0, 0],
	[0, 0],
	[0, 0],
	[0, 0],
	[0, 0],
	[0, 0],
	[0, 0],
	[0, 0],
	[0, 0],
	[0, 0],
	[0, 0],
	[0, 0],
	[0, 0],
	[0, 0],
	[0, 0],
	[0, 0],
	[0, 0],
	[0, 0],
	[0, 0],
	[0, 0],
	[0, 0],
	[0, 0],
	[0, 0],
	[0, 0],
	[0, 0],
	[0, 0],
	[0, 0],
	[0, 0],
	[0, 0],
	[0, 0],
	[0, 0],
	[0, 0],
	[0, 0],
	[0, 0],
	[0, 0],
	[1.233982e+00, 0],
	[1.233982e+00, 0],
	[1.233982e+00, 0],
	[1.233982e+00, 0],
	[1.140697e+00, 1.712032e+00],
	[1.140697e+00, 1.712032e+00],
	[1.140697e+00, 1.712032e+00],
	[1.140697e+00, 1.712032e+00],
	[6.718066e-01, 1.360236e+00],
	[6.718066e-01, 1.360236e+00],
	[6.718066e-01, 1.360236e+00],
	[6.718066e-01, 1.360236e+00],
	[7.965183e-01, 8.107427e-01],
	[7.965183e-01, 8.107427e-01],
	[7.965183e-01, 8.107427e-01],
	[7.965183e-01, 8.107427e-01],
	[9.087705e-01, 1.013079e+00],
	[9.087705e-01, 1.013079e+00],
	[9.087705e-01, 1.013079e+00],
	[9.087705e-01, 1.013079e+00],
	[7.522382e-01, 9.086579e-01],
	[7.522382e-01, 9.086579e-01],
	[7.522382e-01, 9.086579e-01],
	[7.522382e-01, 9.086579e-01],
	[9.117522e-01, 9.367756e-01],
	[9.117522e-01, 9.367756e-01],
	[9.117522e-01, 9.367756e-01],
	[9.117522e-01, 9.367756e-01],
	[7.344434e-01, 0],
	[7.344434e-01, 0],
	[7.344434e-01, 0],
	[7.344434e-01, 0],
	[8.149905e-01, 0],
	[8.149905e-01, 0],
	[8.149905e-01, 0],
	[8.149905e-01, 0],
	[0, 0],
	[0, 0],
	[0, 0],
	[0, 0],
	[0, 0],
	[0, 0],
	[0, 0],
	[0, 0],
	[0, 0],
	[0, 0],
	[0, 0],
	[0, 0],
	[0, 0],
	[0, 0],
	[0, 0],
	[0, 0],
	[0, 0],
	[0, 0],
	[0, 0],
	[0, 0],
	[0, 0],
	[0, 0],
	[0, 0],
	[0, 0] ]
undercost [
	[0, 0],
	[0, 0],
	[0, 0],
	[0, 0],
	[0, 0],
	[0, 0],
	[0, 0],
	[0, 0],
	[0, 0],
	[0, 0],
	[0, 0],
	[0, 0],
	[0, 0],
	[0, 0],
	[0, 0],
	[0, 0],
	[0, 0],
	[0, 0],
	[0, 0],
	[0, 0],
	[0, 0],
	[0, 0],
	[0, 0],
	[0, 0],
	[0, 0],
	[0, 0],
	[0, 0],
	[0, 0],
	[0, 0],
	[0, 0],
	[0, 0],
	[0, 0],
	[0, 0],
	[0, 0],
	[0, 0],
	[0, 0],
	[1.744171e+00, 0],
	[1.744171e+00, 0],
	[1.744171e+00, 0],
	[1.744171e+00, 0],
	[1.330601e+00, 1.000000e+06],
	[1.330601e+00, 1.000000e+06],
	[1.330601e+00, 1.000000e+06],
	[1.330601e+00, 1.000000e+06],
	[1.368625e+00, 1.498577e+00],
	[1.368625e+00, 1.498577e+00],
	[1.368625e+00, 1.498577e+00],
	[1.368625e+00, 1.498577e+00],
	[1.087893e+00, 2.236318e+00],
	[1.087893e+00, 2.236318e+00],
	[1.087893e+00, 2.236318e+00],
	[1.087893e+00, 2.236318e+00],
	[8.430736e-01, 1.595958e+00],
	[8.430736e-01, 1.595958e+00],
	[8.430736e-01, 1.595958e+00],
	[8.430736e-01, 1.595958e+00],
	[1.024735e+00, 1.733258e+00],
	[1.024735e+00, 1.733258e+00],
	[1.024735e+00, 1.733258e+00],
	[1.024735e+00, 1.733258e+00],
	[7.408581e-01, 1.700495e+00],
	[7.408581e-01, 1.700495e+00],
	[7.408581e-01, 1.700495e+00],
	[7.408581e-01, 1.700495e+00],
	[1.163664e+00, 0],
	[1.163664e+00, 0],
	[1.163664e+00, 0],
	[1.163664e+00, 0],
	[9.547367e-01, 0],
	[9.547367e-01, 0],
	[9.547367e-01, 0],
	[9.547367e-01, 0],
	[0, 0],
	[0, 0],
	[0, 0],
	[0, 0],
	[0, 0],
	[0, 0],
	[0, 0],
	[0, 0],
	[0, 0],
	[0, 0],
	[0, 0],
	[0, 0],
	[0, 0],
	[0, 0],
	[0, 0],
	[0, 0],
	[0, 0],
	[0, 0],
	[0, 0],
	[0, 0],
	[0, 0],
	[0, 0],
	[0, 0],
	[0, 0] ]
