859 1490 3242 3802 4069
SHOE
ACT	5
SHIFT	96
demand [
	[0, 0, 0, 0, 0],
	[0, 0, 0, 0, 0],
	[0, 0, 0, 0, 0],
	[0, 0, 0, 0, 0],
	[0, 0, 0, 0, 0],
	[0, 0, 0, 0, 0],
	[0, 0, 0, 0, 0],
	[0, 0, 0, 0, 0],
	[0, 0, 0, 0, 0],
	[0, 0, 0, 0, 0],
	[0, 0, 0, 0, 0],
	[0, 0, 0, 0, 0],
	[0, 0, 0, 0, 0],
	[0, 0, 0, 0, 0],
	[0, 0, 0, 0, 0],
	[0, 0, 0, 0, 0],
	[0, 0, 0, 0, 0],
	[0, 0, 0, 0, 0],
	[0, 0, 0, 0, 0],
	[0, 0, 0, 0, 0],
	[0, 0, 0, 0, 0],
	[0, 0, 0, 0, 0],
	[0, 0, 0, 0, 0],
	[0, 0, 0, 0, 0],
	[0, 0, 0, 0, 0],
	[0, 0, 0, 0, 0],
	[0, 0, 0, 0, 0],
	[0, 0, 0, 0, 0],
	[0, 0, 0, 0, 0],
	[0, 0, 0, 0, 0],
	[0, 0, 0, 0, 0],
	[0, 0, 0, 0, 0],
	[0, 0, 0, 0, 0],
	[0, 0, 0, 0, 0],
	[0, 0, 0, 0, 0],
	[0, 0, 0, 0, 0],
	[1.00, 1.00, 1.50, 0, 1.00],
	[1.00, 1.00, 1.50, 0, 1.00],
	[1.00, 1.00, 1.50, 0, 1.00],
	[1.00, 1.00, 1.50, 0, 1.00],
	[1.25, 1.00, 3.50, 2.00, 1.00],
	[1.25, 1.00, 3.50, 2.00, 1.00],
	[1.25, 1.00, 3.50, 2.00, 1.00],
	[1.25, 1.00, 3.50, 2.00, 1.00],
	[1.75, 1.00, 7.50, 3.75, 1.75],
	[1.75, 1.00, 7.50, 3.75, 1.75],
	[1.75, 1.00, 7.50, 3.75, 1.75],
	[1.75, 1.00, 7.50, 3.75, 1.75],
	[2.00, 1.00, 9.50, 4.25, 2.25],
	[2.00, 1.00, 9.50, 4.25, 2.25],
	[2.00, 1.00, 9.50, 4.25, 2.25],
	[2.00, 1.00, 9.50, 4.25, 2.25],
	[2.25, 1.00, 10.25, 4.50, 2.50],
	[2.25, 1.00, 10.25, 4.50, 2.50],
	[2.25, 1.00, 10.25, 4.50, 2.50],
	[2.25, 1.00, 10.25, 4.50, 2.50],
	[2.25, 1.00, 10.25, 4.50, 2.50],
	[2.25, 1.00, 10.25, 4.50, 2.50],
	[2.25, 1.00, 10.25, 4.50, 2.50],
	[2.25, 1.00, 10.25, 4.50, 2.50],
	[2.25, 1.00, 9.75, 4.50, 2.25],
	[2.25, 1.00, 9.75, 4.50, 2.25],
	[2.25, 1.00, 9.75, 4.50, 2.25],
	[2.25, 1.00, 9.75, 4.50, 2.25],
	[1.75, 1.00, 7.25, 0, 1.75],
	[1.75, 1.00, 7.25, 0, 1.75],
	[1.75, 1.00, 7.25, 0, 1.75],
	[1.75, 1.00, 7.25, 0, 1.75],
	[2.00, 1.00, 8.25, 0, 2.00],
	[2.00, 1.00, 8.25, 0, 2.00],
	[2.00, 1.00, 8.25, 0, 2.00],
	[2.00, 1.00, 8.25, 0, 2.00],
	[0, 1.25, 10.25, 0, 2.50],
	[0, 1.25, 10.25, 0, 2.50],
	[0, 1.25, 10.25, 0, 2.50],
	[0, 1.25, 10.25, 0, 2.50],
	[0, 1.00, 8.50, 0, 2.00],
	[0, 1.00, 8.50, 0, 2.00],
	[0, 1.00, 8.50, 0, 2.00],
	[0, 1.00, 8.50, 0, 2.00],
	[0, 1.00, 0, 0, 1.00],
	[0, 1.00, 0, 0, 1.00],
	[0, 1.00, 0, 0, 1.00],
	[0, 1.00, 0, 0, 1.00],
	[0, 0, 0, 0, 0],
	[0, 0, 0, 0, 0],
	[0, 0, 0, 0, 0],
	[0, 0, 0, 0, 0],
	[0, 0, 0, 0, 0],
	[0, 0, 0, 0, 0],
	[0, 0, 0, 0, 0],
	[0, 0, 0, 0, 0],
	[0, 0, 0, 0, 0],
	[0, 0, 0, 0, 0],
	[0, 0, 0, 0, 0],
	[0, 0, 0, 0, 0] ]
overcost [
	[0, 0, 0, 0, 0],
	[0, 0, 0, 0, 0],
	[0, 0, 0, 0, 0],
	[0, 0, 0, 0, 0],
	[0, 0, 0, 0, 0],
	[0, 0, 0, 0, 0],
	[0, 0, 0, 0, 0],
	[0, 0, 0, 0, 0],
	[0, 0, 0, 0, 0],
	[0, 0, 0, 0, 0],
	[0, 0, 0, 0, 0],
	[0, 0, 0, 0, 0],
	[0, 0, 0, 0, 0],
	[0, 0, 0, 0, 0],
	[0, 0, 0, 0, 0],
	[0, 0, 0, 0, 0],
	[0, 0, 0, 0, 0],
	[0, 0, 0, 0, 0],
	[0, 0, 0, 0, 0],
	[0, 0, 0, 0, 0],
	[0, 0, 0, 0, 0],
	[0, 0, 0, 0, 0],
	[0, 0, 0, 0, 0],
	[0, 0, 0, 0, 0],
	[0, 0, 0, 0, 0],
	[0, 0, 0, 0, 0],
	[0, 0, 0, 0, 0],
	[0, 0, 0, 0, 0],
	[0, 0, 0, 0, 0],
	[0, 0, 0, 0, 0],
	[0, 0, 0, 0, 0],
	[0, 0, 0, 0, 0],
	[0, 0, 0, 0, 0],
	[0, 0, 0, 0, 0],
	[0, 0, 0, 0, 0],
	[0, 0, 0, 0, 0],
	[3.868978e+00, 7.289937e+00, 1.584634e+00, 0, 8.727735e+00],
	[3.868978e+00, 7.289937e+00, 1.584634e+00, 0, 8.727735e+00],
	[3.868978e+00, 7.289937e+00, 1.584634e+00, 0, 8.727735e+00],
	[3.868978e+00, 7.289937e+00, 1.584634e+00, 0, 8.727735e+00],
	[2.685288e+00, 5.593939e+00, 6.490921e-01, 1.034966e+00, 4.261331e+00],
	[2.685288e+00, 5.593939e+00, 6.490921e-01, 1.034966e+00, 4.261331e+00],
	[2.685288e+00, 5.593939e+00, 6.490921e-01, 1.034966e+00, 4.261331e+00],
	[2.685288e+00, 5.593939e+00, 6.490921e-01, 1.034966e+00, 4.261331e+00],
	[1.405252e+00, 3.031908e+00, 4.836042e-01, 9.264698e-01, 1.559821e+00],
	[1.405252e+00, 3.031908e+00, 4.836042e-01, 9.264698e-01, 1.559821e+00],
	[1.405252e+00, 3.031908e+00, 4.836042e-01, 9.264698e-01, 1.559821e+00],
	[1.405252e+00, 3.031908e+00, 4.836042e-01, 9.264698e-01, 1.559821e+00],
	[1.136215e+00, 2.128840e+00, 3.938870e-01, 6.942724e-01, 1.158216e+00],
	[1.136215e+00, 2.128840e+00, 3.938870e-01, 6.942724e-01, 1.158216e+00],
	[1.136215e+00, 2.128840e+00, 3.938870e-01, 6.942724e-01, 1.158216e+00],
	[1.136215e+00, 2.128840e+00, 3.938870e-01, 6.942724e-01, 1.158216e+00],
	[1.401627e+00, 1.739998e+00, 3.765928e-01, 6.082464e-01, 1.163479e+00],
	[1.401627e+00, 1.739998e+00, 3.765928e-01, 6.082464e-01, 1.163479e+00],
	[1.401627e+00, 1.739998e+00, 3.765928e-01, 6.082464e-01, 1.163479e+00],
	[1.401627e+00, 1.739998e+00, 3.765928e-01, 6.082464e-01, 1.163479e+00],
	[1.259475e+00, 1.675381e+00, 2.464927e-01, 5.103573e-01, 1.081791e+00],
	[1.259475e+00, 1.675381e+00, 2.464927e-01, 5.103573e-01, 1.081791e+00],
	[1.259475e+00, 1.675381e+00, 2.464927e-01, 5.103573e-01, 1.081791e+00],
	[1.259475e+00, 1.675381e+00, 2.464927e-01, 5.103573e-01, 1.081791e+00],
	[1.428838e+00, 1.928950e+00, 3.579489e-01, 7.002909e-01, 1.046520e+00],
	[1.428838e+00, 1.928950e+00, 3.579489e-01, 7.002909e-01, 1.046520e+00],
	[1.428838e+00, 1.928950e+00, 3.579489e-01, 7.002909e-01, 1.046520e+00],
	[1.428838e+00, 1.928950e+00, 3.579489e-01, 7.002909e-01, 1.046520e+00],
	[1.271056e+00, 3.123191e+00, 3.239967e-01, 0, 1.782618e+00],
	[1.271056e+00, 3.123191e+00, 3.239967e-01, 0, 1.782618e+00],
	[1.271056e+00, 3.123191e+00, 3.239967e-01, 0, 1.782618e+00],
	[1.271056e+00, 3.123191e+00, 3.239967e-01, 0, 1.782618e+00],
	[1.490029e+00, 2.579057e+00, 3.995483e-01, 0, 1.570564e+00],
	[1.490029e+00, 2.579057e+00, 3.995483e-01, 0, 1.570564e+00],
	[1.490029e+00, 2.579057e+00, 3.995483e-01, 0, 1.570564e+00],
	[1.490029e+00, 2.579057e+00, 3.995483e-01, 0, 1.570564e+00],
	[0, 2.304984e+00, 3.516216e-01, 0, 1.105978e+00],
	[0, 2.304984e+00, 3.516216e-01, 0, 1.105978e+00],
	[0, 2.304984e+00, 3.516216e-01, 0, 1.105978e+00],
	[0, 2.304984e+00, 3.516216e-01, 0, 1.105978e+00],
	[0, 1.984254e+00, 4.026653e-01, 0, 1.232017e+00],
	[0, 1.984254e+00, 4.026653e-01, 0, 1.232017e+00],
	[0, 1.984254e+00, 4.026653e-01, 0, 1.232017e+00],
	[0, 1.984254e+00, 4.026653e-01, 0, 1.232017e+00],
	[0, 8.849549e+00, 0, 0, 8.367160e+00],
	[0, 8.849549e+00, 0, 0, 8.367160e+00],
	[0, 8.849549e+00, 0, 0, 8.367160e+00],
	[0, 8.849549e+00, 0, 0, 8.367160e+00],
	[0, 0, 0, 0, 0],
	[0, 0, 0, 0, 0],
	[0, 0, 0, 0, 0],
	[0, 0, 0, 0, 0],
	[0, 0, 0, 0, 0],
	[0, 0, 0, 0, 0],
	[0, 0, 0, 0, 0],
	[0, 0, 0, 0, 0],
	[0, 0, 0, 0, 0],
	[0, 0, 0, 0, 0],
	[0, 0, 0, 0, 0],
	[0, 0, 0, 0, 0] ]
undercost [
	[0, 0, 0, 0, 0],
	[0, 0, 0, 0, 0],
	[0, 0, 0, 0, 0],
	[0, 0, 0, 0, 0],
	[0, 0, 0, 0, 0],
	[0, 0, 0, 0, 0],
	[0, 0, 0, 0, 0],
	[0, 0, 0, 0, 0],
	[0, 0, 0, 0, 0],
	[0, 0, 0, 0, 0],
	[0, 0, 0, 0, 0],
	[0, 0, 0, 0, 0],
	[0, 0, 0, 0, 0],
	[0, 0, 0, 0, 0],
	[0, 0, 0, 0, 0],
	[0, 0, 0, 0, 0],
	[0, 0, 0, 0, 0],
	[0, 0, 0, 0, 0],
	[0, 0, 0, 0, 0],
	[0, 0, 0, 0, 0],
	[0, 0, 0, 0, 0],
	[0, 0, 0, 0, 0],
	[0, 0, 0, 0, 0],
	[0, 0, 0, 0, 0],
	[0, 0, 0, 0, 0],
	[0, 0, 0, 0, 0],
	[0, 0, 0, 0, 0],
	[0, 0, 0, 0, 0],
	[0, 0, 0, 0, 0],
	[0, 0, 0, 0, 0],
	[0, 0, 0, 0, 0],
	[0, 0, 0, 0, 0],
	[0, 0, 0, 0, 0],
	[0, 0, 0, 0, 0],
	[0, 0, 0, 0, 0],
	[0, 0, 0, 0, 0],
	[1.000000e+06, 1.000000e+06, 1.000000e+06, 0, 1.000000e+06],
	[1.000000e+06, 1.000000e+06, 1.000000e+06, 0, 1.000000e+06],
	[1.000000e+06, 1.000000e+06, 1.000000e+06, 0, 1.000000e+06],
	[1.000000e+06, 1.000000e+06, 1.000000e+06, 0, 1.000000e+06],
	[1.000000e+06, 1.000000e+06, 1.375027e+00, 2.924430e+00, 1.000000e+06],
	[1.000000e+06, 1.000000e+06, 1.375027e+00, 2.924430e+00, 1.000000e+06],
	[1.000000e+06, 1.000000e+06, 1.375027e+00, 2.924430e+00, 1.000000e+06],
	[1.000000e+06, 1.000000e+06, 1.375027e+00, 2.924430e+00, 1.000000e+06],
	[1.000000e+06, 1.000000e+06, 4.139890e-01, 9.437798e-01, 1.000000e+06],
	[1.000000e+06, 1.000000e+06, 4.139890e-01, 9.437798e-01, 1.000000e+06],
	[1.000000e+06, 1.000000e+06, 4.139890e-01, 9.437798e-01, 1.000000e+06],
	[1.000000e+06, 1.000000e+06, 4.139890e-01, 9.437798e-01, 1.000000e+06],
	[3.260133e+00, 1.000000e+06, 3.133895e-01, 9.697887e-01, 2.072373e+00],
	[3.260133e+00, 1.000000e+06, 3.133895e-01, 9.697887e-01, 2.072373e+00],
	[3.260133e+00, 1.000000e+06, 3.133895e-01, 9.697887e-01, 2.072373e+00],
	[3.260133e+00, 1.000000e+06, 3.133895e-01, 9.697887e-01, 2.072373e+00],
	[2.272492e+00, 1.000000e+06, 2.781676e-01, 9.680142e-01, 1.665761e+00],
	[2.272492e+00, 1.000000e+06, 2.781676e-01, 9.680142e-01, 1.665761e+00],
	[2.272492e+00, 1.000000e+06, 2.781676e-01, 9.680142e-01, 1.665761e+00],
	[2.272492e+00, 1.000000e+06, 2.781676e-01, 9.680142e-01, 1.665761e+00],
	[2.466233e+00, 1.000000e+06, 4.170958e-01, 1.081667e+00, 1.773375e+00],
	[2.466233e+00, 1.000000e+06, 4.170958e-01, 1.081667e+00, 1.773375e+00],
	[2.466233e+00, 1.000000e+06, 4.170958e-01, 1.081667e+00, 1.773375e+00],
	[2.466233e+00, 1.000000e+06, 4.170958e-01, 1.081667e+00, 1.773375e+00],
	[2.240287e+00, 1.000000e+06, 3.331567e-01, 8.625794e-01, 2.228706e+00],
	[2.240287e+00, 1.000000e+06, 3.331567e-01, 8.625794e-01, 2.228706e+00],
	[2.240287e+00, 1.000000e+06, 3.331567e-01, 8.625794e-01, 2.228706e+00],
	[2.240287e+00, 1.000000e+06, 3.331567e-01, 8.625794e-01, 2.228706e+00],
	[1.000000e+06, 1.000000e+06, 6.218938e-01, 0, 1.000000e+06],
	[1.000000e+06, 1.000000e+06, 6.218938e-01, 0, 1.000000e+06],
	[1.000000e+06, 1.000000e+06, 6.218938e-01, 0, 1.000000e+06],
	[1.000000e+06, 1.000000e+06, 6.218938e-01, 0, 1.000000e+06],
	[2.768193e+00, 1.000000e+06, 4.197206e-01, 0, 2.035226e+00],
	[2.768193e+00, 1.000000e+06, 4.197206e-01, 0, 2.035226e+00],
	[2.768193e+00, 1.000000e+06, 4.197206e-01, 0, 2.035226e+00],
	[2.768193e+00, 1.000000e+06, 4.197206e-01, 0, 2.035226e+00],
	[0, 1.000000e+06, 3.049837e-01, 0, 1.747552e+00],
	[0, 1.000000e+06, 3.049837e-01, 0, 1.747552e+00],
	[0, 1.000000e+06, 3.049837e-01, 0, 1.747552e+00],
	[0, 1.000000e+06, 3.049837e-01, 0, 1.747552e+00],
	[0, 1.000000e+06, 3.913288e-01, 0, 2.526252e+00],
	[0, 1.000000e+06, 3.913288e-01, 0, 2.526252e+00],
	[0, 1.000000e+06, 3.913288e-01, 0, 2.526252e+00],
	[0, 1.000000e+06, 3.913288e-01, 0, 2.526252e+00],
	[0, 1.000000e+06, 0, 0, 1.000000e+06],
	[0, 1.000000e+06, 0, 0, 1.000000e+06],
	[0, 1.000000e+06, 0, 0, 1.000000e+06],
	[0, 1.000000e+06, 0, 0, 1.000000e+06],
	[0, 0, 0, 0, 0],
	[0, 0, 0, 0, 0],
	[0, 0, 0, 0, 0],
	[0, 0, 0, 0, 0],
	[0, 0, 0, 0, 0],
	[0, 0, 0, 0, 0],
	[0, 0, 0, 0, 0],
	[0, 0, 0, 0, 0],
	[0, 0, 0, 0, 0],
	[0, 0, 0, 0, 0],
	[0, 0, 0, 0, 0],
	[0, 0, 0, 0, 0] ]
