135 746 1195 2407 2557 2570 3759 3923 4105
SHOE
ACT	9
SHIFT	96
demand [
	[0, 0, 0, 0, 0, 0, 0, 0, 0],
	[0, 0, 0, 0, 0, 0, 0, 0, 0],
	[0, 0, 0, 0, 0, 0, 0, 0, 0],
	[0, 0, 0, 0, 0, 0, 0, 0, 0],
	[0, 0, 0, 0, 0, 0, 0, 0, 0],
	[0, 0, 0, 0, 0, 0, 0, 0, 0],
	[0, 0, 0, 0, 0, 0, 0, 0, 0],
	[0, 0, 0, 0, 0, 0, 0, 0, 0],
	[0, 0, 0, 0, 0, 0, 0, 0, 0],
	[0, 0, 0, 0, 0, 0, 0, 0, 0],
	[0, 0, 0, 0, 0, 0, 0, 0, 0],
	[0, 0, 0, 0, 0, 0, 0, 0, 0],
	[0, 0, 0, 0, 0, 0, 0, 0, 0],
	[0, 0, 0, 0, 0, 0, 0, 0, 0],
	[0, 0, 0, 0, 0, 0, 0, 0, 0],
	[0, 0, 0, 0, 0, 0, 0, 0, 0],
	[0, 0, 0, 0, 0, 0, 0, 0, 0],
	[0, 0, 0, 0, 0, 0, 0, 0, 0],
	[0, 0, 0, 0, 0, 0, 0, 0, 0],
	[0, 0, 0, 0, 0, 0, 0, 0, 0],
	[0, 0, 0, 0, 0, 0, 0, 0, 0],
	[0, 0, 0, 0, 0, 0, 0, 0, 0],
	[0, 0, 0, 0, 0, 0, 0, 0, 0],
	[0, 0, 0, 0, 0, 0, 0, 0, 0],
	[0, 0, 0, 0, 0, 0, 0, 0, 0],
	[0, 0, 0, 0, 0, 0, 0, 0, 0],
	[0, 0, 0, 0, 0, 0, 0, 0, 0],
	[0, 0, 0, 0, 0, 0, 0, 0, 0],
	[0, 0, 0, 0, 0, 0, 0, 0, 0],
	[0, 0, 0, 0, 0, 0, 0, 0, 0],
	[0, 0, 0, 0, 0, 0, 0, 0, 0],
	[0, 0, 0, 0, 0, 0, 0, 0, 0],
	[0, 0, 0, 0, 0, 0, 1.00, 0, 0],
	[0, 0, 0, 0, 0, 0, 1.00, 0, 0],
	[0, 0, 0, 0, 0, 0, 1.00, 0, 0],
	[0, 0, 0, 0, 0, 0, 1.00, 0, 0],
	[1.00, 0, 0, 0, 1.00, 1.50, 1.00, 1.00, 2.25],
	[1.00, 0, 0, 0, 1.00, 1.50, 1.00, 1.00, 2.25],
	[1.00, 0, 0, 0, 1.00, 1.50, 1.00, 1.00, 2.25],
	[1.00, 0, 0, 0, 1.00, 1.50, 1.00, 1.00, 2.25],
	[0, 1.00, 2.25, 0, 0, 1.75, 1.50, 1.00, 3.00],
	[0, 1.00, 2.25, 0, 0, 1.75, 1.50, 1.00, 3.00],
	[0, 1.00, 2.25, 0, 0, 1.75, 1.50, 1.00, 3.00],
	[0, 1.00, 2.25, 0, 0, 1.75, 1.50, 1.00, 3.00],
	[0, 1.00, 3.25, 1.00, 1.25, 2.50, 2.25, 1.25, 4.75],
	[0, 1.00, 3.25, 1.00, 1.25, 2.50, 2.25, 1.25, 4.75],
	[0, 1.00, 3.25, 1.00, 1.25, 2.50, 2.25, 1.25, 4.75],
	[0, 1.00, 3.25, 1.00, 1.25, 2.50, 2.25, 1.25, 4.75],
	[1.00, 1.00, 3.75, 1.00, 1.50, 2.75, 2.75, 2.00, 5.25],
	[1.00, 1.00, 3.75, 1.00, 1.50, 2.75, 2.75, 2.00, 5.25],
	[1.00, 1.00, 3.75, 1.00, 1.50, 2.75, 2.75, 2.00, 5.25],
	[1.00, 1.00, 3.75, 1.00, 1.50, 2.75, 2.75, 2.00, 5.25],
	[1.00, 1.25, 3.75, 1.00, 1.50, 3.00, 2.75, 2.50, 5.50],
	[1.00, 1.25, 3.75, 1.00, 1.50, 3.00, 2.75, 2.50, 5.50],
	[1.00, 1.25, 3.75, 1.00, 1.50, 3.00, 2.75, 2.50, 5.50],
	[1.00, 1.25, 3.75, 1.00, 1.50, 3.00, 2.75, 2.50, 5.50],
	[1.00, 1.25, 4.00, 1.00, 1.50, 3.00, 2.75, 2.50, 5.75],
	[1.00, 1.25, 4.00, 1.00, 1.50, 3.00, 2.75, 2.50, 5.75],
	[1.00, 1.25, 4.00, 1.00, 1.50, 3.00, 2.75, 2.50, 5.75],
	[1.00, 1.25, 4.00, 1.00, 1.50, 3.00, 2.75, 2.50, 5.75],
	[1.00, 1.00, 4.00, 1.00, 1.50, 3.00, 2.75, 2.00, 5.50],
	[1.00, 1.00, 4.00, 1.00, 1.50, 3.00, 2.75, 2.00, 5.50],
	[1.00, 1.00, 4.00, 1.00, 1.50, 3.00, 2.75, 2.00, 5.50],
	[1.00, 1.00, 4.00, 1.00, 1.50, 3.00, 2.75, 2.00, 5.50],
	[1.00, 0, 3.50, 1.00, 1.25, 0, 2.50, 1.00, 4.75],
	[1.00, 0, 3.50, 1.00, 1.25, 0, 2.50, 1.00, 4.75],
	[1.00, 0, 3.50, 1.00, 1.25, 0, 2.50, 1.00, 4.75],
	[1.00, 0, 3.50, 1.00, 1.25, 0, 2.50, 1.00, 4.75],
	[1.00, 0, 3.75, 0, 1.25, 0, 0, 1.50, 0],
	[1.00, 0, 3.75, 0, 1.25, 0, 0, 1.50, 0],
	[1.00, 0, 3.75, 0, 1.25, 0, 0, 1.50, 0],
	[1.00, 0, 3.75, 0, 1.25, 0, 0, 1.50, 0],
	[1.00, 0, 0, 0, 1.50, 0, 0, 0, 0],
	[1.00, 0, 0, 0, 1.50, 0, 0, 0, 0],
	[1.00, 0, 0, 0, 1.50, 0, 0, 0, 0],
	[1.00, 0, 0, 0, 1.50, 0, 0, 0, 0],
	[0, 0, 0, 0, 1.50, 0, 0, 1.25, 0],
	[0, 0, 0, 0, 1.50, 0, 0, 1.25, 0],
	[0, 0, 0, 0, 1.50, 0, 0, 1.25, 0],
	[0, 0, 0, 0, 1.50, 0, 0, 1.25, 0],
	[0, 0, 0, 0, 0, 0, 0, 0, 0],
	[0, 0, 0, 0, 0, 0, 0, 0, 0],
	[0, 0, 0, 0, 0, 0, 0, 0, 0],
	[0, 0, 0, 0, 0, 0, 0, 0, 0],
	[0, 0, 0, 0, 0, 0, 0, 0, 0],
	[0, 0, 0, 0, 0, 0, 0, 0, 0],
	[0, 0, 0, 0, 0, 0, 0, 0, 0],
	[0, 0, 0, 0, 0, 0, 0, 0, 0],
	[0, 0, 0, 0, 0, 0, 0, 0, 0],
	[0, 0, 0, 0, 0, 0, 0, 0, 0],
	[0, 0, 0, 0, 0, 0, 0, 0, 0],
	[0, 0, 0, 0, 0, 0, 0, 0, 0],
	[0, 0, 0, 0, 0, 0, 0, 0, 0],
	[0, 0, 0, 0, 0, 0, 0, 0, 0],
	[0, 0, 0, 0, 0, 0, 0, 0, 0],
	[0, 0, 0, 0, 0, 0, 0, 0, 0] ]
overcost [
	[0, 0, 0, 0, 0, 0, 0, 0, 0],
	[0, 0, 0, 0, 0, 0, 0, 0, 0],
	[0, 0, 0, 0, 0, 0, 0, 0, 0],
	[0, 0, 0, 0, 0, 0, 0, 0, 0],
	[0, 0, 0, 0, 0, 0, 0, 0, 0],
	[0, 0, 0, 0, 0, 0, 0, 0, 0],
	[0, 0, 0, 0, 0, 0, 0, 0, 0],
	[0, 0, 0, 0, 0, 0, 0, 0, 0],
	[0, 0, 0, 0, 0, 0, 0, 0, 0],
	[0, 0, 0, 0, 0, 0, 0, 0, 0],
	[0, 0, 0, 0, 0, 0, 0, 0, 0],
	[0, 0, 0, 0, 0, 0, 0, 0, 0],
	[0, 0, 0, 0, 0, 0, 0, 0, 0],
	[0, 0, 0, 0, 0, 0, 0, 0, 0],
	[0, 0, 0, 0, 0, 0, 0, 0, 0],
	[0, 0, 0, 0, 0, 0, 0, 0, 0],
	[0, 0, 0, 0, 0, 0, 0, 0, 0],
	[0, 0, 0, 0, 0, 0, 0, 0, 0],
	[0, 0, 0, 0, 0, 0, 0, 0, 0],
	[0, 0, 0, 0, 0, 0, 0, 0, 0],
	[0, 0, 0, 0, 0, 0, 0, 0, 0],
	[0, 0, 0, 0, 0, 0, 0, 0, 0],
	[0, 0, 0, 0, 0, 0, 0, 0, 0],
	[0, 0, 0, 0, 0, 0, 0, 0, 0],
	[0, 0, 0, 0, 0, 0, 0, 0, 0],
	[0, 0, 0, 0, 0, 0, 0, 0, 0],
	[0, 0, 0, 0, 0, 0, 0, 0, 0],
	[0, 0, 0, 0, 0, 0, 0, 0, 0],
	[0, 0, 0, 0, 0, 0, 0, 0, 0],
	[0, 0, 0, 0, 0, 0, 0, 0, 0],
	[0, 0, 0, 0, 0, 0, 0, 0, 0],
	[0, 0, 0, 0, 0, 0, 0, 0, 0],
	[0, 0, 0, 0, 0, 0, 7.962861e+00, 0, 0],
	[0, 0, 0, 0, 0, 0, 7.962861e+00, 0, 0],
	[0, 0, 0, 0, 0, 0, 7.962861e+00, 0, 0],
	[0, 0, 0, 0, 0, 0, 7.962861e+00, 0, 0],
	[7.396801e+00, 0, 0, 0, 5.919950e+00, 1.860222e+00, 2.444267e+00, 9.106803e+00, 1.342477e+00],
	[7.396801e+00, 0, 0, 0, 5.919950e+00, 1.860222e+00, 2.444267e+00, 9.106803e+00, 1.342477e+00],
	[7.396801e+00, 0, 0, 0, 5.919950e+00, 1.860222e+00, 2.444267e+00, 9.106803e+00, 1.342477e+00],
	[7.396801e+00, 0, 0, 0, 5.919950e+00, 1.860222e+00, 2.444267e+00, 9.106803e+00, 1.342477e+00],
	[0, 8.196149e+00, 1.124775e+00, 0, 0, 1.148680e+00, 2.103856e+00, 9.049608e+00, 8.226089e-01],
	[0, 8.196149e+00, 1.124775e+00, 0, 0, 1.148680e+00, 2.103856e+00, 9.049608e+00, 8.226089e-01],
	[0, 8.196149e+00, 1.124775e+00, 0, 0, 1.148680e+00, 2.103856e+00, 9.049608e+00, 8.226089e-01],
	[0, 8.196149e+00, 1.124775e+00, 0, 0, 1.148680e+00, 2.103856e+00, 9.049608e+00, 8.226089e-01],
	[0, 3.945178e+00, 7.264315e-01, 3.436625e+00, 2.226646e+00, 8.503695e-01, 1.194961e+00, 1.919347e+00, 7.068206e-01],
	[0, 3.945178e+00, 7.264315e-01, 3.436625e+00, 2.226646e+00, 8.503695e-01, 1.194961e+00, 1.919347e+00, 7.068206e-01],
	[0, 3.945178e+00, 7.264315e-01, 3.436625e+00, 2.226646e+00, 8.503695e-01, 1.194961e+00, 1.919347e+00, 7.068206e-01],
	[0, 3.945178e+00, 7.264315e-01, 3.436625e+00, 2.226646e+00, 8.503695e-01, 1.194961e+00, 1.919347e+00, 7.068206e-01],
	[3.705682e+00, 2.089154e+00, 8.827270e-01, 2.679553e+00, 2.175398e+00, 8.826988e-01, 1.689781e+00, 1.018394e+00, 5.367250e-01],
	[3.705682e+00, 2.089154e+00, 8.827270e-01, 2.679553e+00, 2.175398e+00, 8.826988e-01, 1.689781e+00, 1.018394e+00, 5.367250e-01],
	[3.705682e+00, 2.089154e+00, 8.827270e-01, 2.679553e+00, 2.175398e+00, 8.826988e-01, 1.689781e+00, 1.018394e+00, 5.367250e-01],
	[3.705682e+00, 2.089154e+00, 8.827270e-01, 2.679553e+00, 2.175398e+00, 8.826988e-01, 1.689781e+00, 1.018394e+00, 5.367250e-01],
	[3.425615e+00, 2.492257e+00, 5.810176e-01, 2.357651e+00, 1.809124e+00, 1.063321e+00, 1.250413e+00, 1.389838e+00, 4.587138e-01],
	[3.425615e+00, 2.492257e+00, 5.810176e-01, 2.357651e+00, 1.809124e+00, 1.063321e+00, 1.250413e+00, 1.389838e+00, 4.587138e-01],
	[3.425615e+00, 2.492257e+00, 5.810176e-01, 2.357651e+00, 1.809124e+00, 1.063321e+00, 1.250413e+00, 1.389838e+00, 4.587138e-01],
	[3.425615e+00, 2.492257e+00, 5.810176e-01, 2.357651e+00, 1.809124e+00, 1.063321e+00, 1.250413e+00, 1.389838e+00, 4.587138e-01],
	[3.367085e+00, 2.399973e+00, 8.078857e-01, 2.261014e+00, 1.721826e+00, 9.405949e-01, 1.119602e+00, 1.325678e+00, 5.990103e-01],
	[3.367085e+00, 2.399973e+00, 8.078857e-01, 2.261014e+00, 1.721826e+00, 9.405949e-01, 1.119602e+00, 1.325678e+00, 5.990103e-01],
	[3.367085e+00, 2.399973e+00, 8.078857e-01, 2.261014e+00, 1.721826e+00, 9.405949e-01, 1.119602e+00, 1.325678e+00, 5.990103e-01],
	[3.367085e+00, 2.399973e+00, 8.078857e-01, 2.261014e+00, 1.721826e+00, 9.405949e-01, 1.119602e+00, 1.325678e+00, 5.990103e-01],
	[3.552492e+00, 2.058016e+00, 8.322394e-01, 2.426703e+00, 1.886325e+00, 8.958939e-01, 1.195569e+00, 1.242018e+00, 4.218859e-01],
	[3.552492e+00, 2.058016e+00, 8.322394e-01, 2.426703e+00, 1.886325e+00, 8.958939e-01, 1.195569e+00, 1.242018e+00, 4.218859e-01],
	[3.552492e+00, 2.058016e+00, 8.322394e-01, 2.426703e+00, 1.886325e+00, 8.958939e-01, 1.195569e+00, 1.242018e+00, 4.218859e-01],
	[3.552492e+00, 2.058016e+00, 8.322394e-01, 2.426703e+00, 1.886325e+00, 8.958939e-01, 1.195569e+00, 1.242018e+00, 4.218859e-01],
	[4.421434e+00, 0, 9.539458e-01, 3.398806e+00, 2.224513e+00, 0, 1.776666e+00, 1.828058e+00, 5.788917e-01],
	[4.421434e+00, 0, 9.539458e-01, 3.398806e+00, 2.224513e+00, 0, 1.776666e+00, 1.828058e+00, 5.788917e-01],
	[4.421434e+00, 0, 9.539458e-01, 3.398806e+00, 2.224513e+00, 0, 1.776666e+00, 1.828058e+00, 5.788917e-01],
	[4.421434e+00, 0, 9.539458e-01, 3.398806e+00, 2.224513e+00, 0, 1.776666e+00, 1.828058e+00, 5.788917e-01],
	[4.042788e+00, 0, 9.327928e-01, 0, 1.687419e+00, 0, 0, 1.956108e+00, 0],
	[4.042788e+00, 0, 9.327928e-01, 0, 1.687419e+00, 0, 0, 1.956108e+00, 0],
	[4.042788e+00, 0, 9.327928e-01, 0, 1.687419e+00, 0, 0, 1.956108e+00, 0],
	[4.042788e+00, 0, 9.327928e-01, 0, 1.687419e+00, 0, 0, 1.956108e+00, 0],
	[3.255068e+00, 0, 0, 0, 1.450202e+00, 0, 0, 0, 0],
	[3.255068e+00, 0, 0, 0, 1.450202e+00, 0, 0, 0, 0],
	[3.255068e+00, 0, 0, 0, 1.450202e+00, 0, 0, 0, 0],
	[3.255068e+00, 0, 0, 0, 1.450202e+00, 0, 0, 0, 0],
	[0, 0, 0, 0, 1.787506e+00, 0, 0, 1.653002e+00, 0],
	[0, 0, 0, 0, 1.787506e+00, 0, 0, 1.653002e+00, 0],
	[0, 0, 0, 0, 1.787506e+00, 0, 0, 1.653002e+00, 0],
	[0, 0, 0, 0, 1.787506e+00, 0, 0, 1.653002e+00, 0],
	[0, 0, 0, 0, 0, 0, 0, 0, 0],
	[0, 0, 0, 0, 0, 0, 0, 0, 0],
	[0, 0, 0, 0, 0, 0, 0, 0, 0],
	[0, 0, 0, 0, 0, 0, 0, 0, 0],
	[0, 0, 0, 0, 0, 0, 0, 0, 0],
	[0, 0, 0, 0, 0, 0, 0, 0, 0],
	[0, 0, 0, 0, 0, 0, 0, 0, 0],
	[0, 0, 0, 0, 0, 0, 0, 0, 0],
	[0, 0, 0, 0, 0, 0, 0, 0, 0],
	[0, 0, 0, 0, 0, 0, 0, 0, 0],
	[0, 0, 0, 0, 0, 0, 0, 0, 0],
	[0, 0, 0, 0, 0, 0, 0, 0, 0],
	[0, 0, 0, 0, 0, 0, 0, 0, 0],
	[0, 0, 0, 0, 0, 0, 0, 0, 0],
	[0, 0, 0, 0, 0, 0, 0, 0, 0],
	[0, 0, 0, 0, 0, 0, 0, 0, 0] ]
undercost [
	[0, 0, 0, 0, 0, 0, 0, 0, 0],
	[0, 0, 0, 0, 0, 0, 0, 0, 0],
	[0, 0, 0, 0, 0, 0, 0, 0, 0],
	[0, 0, 0, 0, 0, 0, 0, 0, 0],
	[0, 0, 0, 0, 0, 0, 0, 0, 0],
	[0, 0, 0, 0, 0, 0, 0, 0, 0],
	[0, 0, 0, 0, 0, 0, 0, 0, 0],
	[0, 0, 0, 0, 0, 0, 0, 0, 0],
	[0, 0, 0, 0, 0, 0, 0, 0, 0],
	[0, 0, 0, 0, 0, 0, 0, 0, 0],
	[0, 0, 0, 0, 0, 0, 0, 0, 0],
	[0, 0, 0, 0, 0, 0, 0, 0, 0],
	[0, 0, 0, 0, 0, 0, 0, 0, 0],
	[0, 0, 0, 0, 0, 0, 0, 0, 0],
	[0, 0, 0, 0, 0, 0, 0, 0, 0],
	[0, 0, 0, 0, 0, 0, 0, 0, 0],
	[0, 0, 0, 0, 0, 0, 0, 0, 0],
	[0, 0, 0, 0, 0, 0, 0, 0, 0],
	[0, 0, 0, 0, 0, 0, 0, 0, 0],
	[0, 0, 0, 0, 0, 0, 0, 0, 0],
	[0, 0, 0, 0, 0, 0, 0, 0, 0],
	[0, 0, 0, 0, 0, 0, 0, 0, 0],
	[0, 0, 0, 0, 0, 0, 0, 0, 0],
	[0, 0, 0, 0, 0, 0, 0, 0, 0],
	[0, 0, 0, 0, 0, 0, 0, 0, 0],
	[0, 0, 0, 0, 0, 0, 0, 0, 0],
	[0, 0, 0, 0, 0, 0, 0, 0, 0],
	[0, 0, 0, 0, 0, 0, 0, 0, 0],
	[0, 0, 0, 0, 0, 0, 0, 0, 0],
	[0, 0, 0, 0, 0, 0, 0, 0, 0],
	[0, 0, 0, 0, 0, 0, 0, 0, 0],
	[0, 0, 0, 0, 0, 0, 0, 0, 0],
	[0, 0, 0, 0, 0, 0, 1.000000e+06, 0, 0],
	[0, 0, 0, 0, 0, 0, 1.000000e+06, 0, 0],
	[0, 0, 0, 0, 0, 0, 1.000000e+06, 0, 0],
	[0, 0, 0, 0, 0, 0, 1.000000e+06, 0, 0],
	[1.000000e+06, 0, 0, 0, 1.000000e+06, 1.000000e+06, 1.000000e+06, 1.000000e+06, 1.834462e+00],
	[1.000000e+06, 0, 0, 0, 1.000000e+06, 1.000000e+06, 1.000000e+06, 1.000000e+06, 1.834462e+00],
	[1.000000e+06, 0, 0, 0, 1.000000e+06, 1.000000e+06, 1.000000e+06, 1.000000e+06, 1.834462e+00],
	[1.000000e+06, 0, 0, 0, 1.000000e+06, 1.000000e+06, 1.000000e+06, 1.000000e+06, 1.834462e+00],
	[0, 1.000000e+06, 1.965026e+00, 0, 0, 1.000000e+06, 1.000000e+06, 1.000000e+06, 1.544997e+00],
	[0, 1.000000e+06, 1.965026e+00, 0, 0, 1.000000e+06, 1.000000e+06, 1.000000e+06, 1.544997e+00],
	[0, 1.000000e+06, 1.965026e+00, 0, 0, 1.000000e+06, 1.000000e+06, 1.000000e+06, 1.544997e+00],
	[0, 1.000000e+06, 1.965026e+00, 0, 0, 1.000000e+06, 1.000000e+06, 1.000000e+06, 1.544997e+00],
	[0, 1.000000e+06, 1.348015e+00, 1.000000e+06, 1.000000e+06, 2.208214e+00, 3.177797e+00, 1.000000e+06, 7.204626e-01],
	[0, 1.000000e+06, 1.348015e+00, 1.000000e+06, 1.000000e+06, 2.208214e+00, 3.177797e+00, 1.000000e+06, 7.204626e-01],
	[0, 1.000000e+06, 1.348015e+00, 1.000000e+06, 1.000000e+06, 2.208214e+00, 3.177797e+00, 1.000000e+06, 7.204626e-01],
	[0, 1.000000e+06, 1.348015e+00, 1.000000e+06, 1.000000e+06, 2.208214e+00, 3.177797e+00, 1.000000e+06, 7.204626e-01],
	[1.000000e+06, 1.000000e+06, 8.470006e-01, 1.000000e+06, 1.000000e+06, 1.828337e+00, 1.581280e+00, 2.919812e+00, 7.656846e-01],
	[1.000000e+06, 1.000000e+06, 8.470006e-01, 1.000000e+06, 1.000000e+06, 1.828337e+00, 1.581280e+00, 2.919812e+00, 7.656846e-01],
	[1.000000e+06, 1.000000e+06, 8.470006e-01, 1.000000e+06, 1.000000e+06, 1.828337e+00, 1.581280e+00, 2.919812e+00, 7.656846e-01],
	[1.000000e+06, 1.000000e+06, 8.470006e-01, 1.000000e+06, 1.000000e+06, 1.828337e+00, 1.581280e+00, 2.919812e+00, 7.656846e-01],
	[1.000000e+06, 1.000000e+06, 1.207768e+00, 1.000000e+06, 1.000000e+06, 1.337793e+00, 2.142194e+00, 1.448865e+00, 7.900539e-01],
	[1.000000e+06, 1.000000e+06, 1.207768e+00, 1.000000e+06, 1.000000e+06, 1.337793e+00, 2.142194e+00, 1.448865e+00, 7.900539e-01],
	[1.000000e+06, 1.000000e+06, 1.207768e+00, 1.000000e+06, 1.000000e+06, 1.337793e+00, 2.142194e+00, 1.448865e+00, 7.900539e-01],
	[1.000000e+06, 1.000000e+06, 1.207768e+00, 1.000000e+06, 1.000000e+06, 1.337793e+00, 2.142194e+00, 1.448865e+00, 7.900539e-01],
	[1.000000e+06, 1.000000e+06, 8.150519e-01, 1.000000e+06, 1.000000e+06, 1.491577e+00, 2.309535e+00, 1.533535e+00, 5.742941e-01],
	[1.000000e+06, 1.000000e+06, 8.150519e-01, 1.000000e+06, 1.000000e+06, 1.491577e+00, 2.309535e+00, 1.533535e+00, 5.742941e-01],
	[1.000000e+06, 1.000000e+06, 8.150519e-01, 1.000000e+06, 1.000000e+06, 1.491577e+00, 2.309535e+00, 1.533535e+00, 5.742941e-01],
	[1.000000e+06, 1.000000e+06, 8.150519e-01, 1.000000e+06, 1.000000e+06, 1.491577e+00, 2.309535e+00, 1.533535e+00, 5.742941e-01],
	[1.000000e+06, 1.000000e+06, 7.875975e-01, 1.000000e+06, 1.000000e+06, 1.550802e+00, 2.218201e+00, 2.606537e+00, 8.324081e-01],
	[1.000000e+06, 1.000000e+06, 7.875975e-01, 1.000000e+06, 1.000000e+06, 1.550802e+00, 2.218201e+00, 2.606537e+00, 8.324081e-01],
	[1.000000e+06, 1.000000e+06, 7.875975e-01, 1.000000e+06, 1.000000e+06, 1.550802e+00, 2.218201e+00, 2.606537e+00, 8.324081e-01],
	[1.000000e+06, 1.000000e+06, 7.875975e-01, 1.000000e+06, 1.000000e+06, 1.550802e+00, 2.218201e+00, 2.606537e+00, 8.324081e-01],
	[1.000000e+06, 0, 9.040518e-01, 1.000000e+06, 1.000000e+06, 0, 1.877974e+00, 1.000000e+06, 8.681984e-01],
	[1.000000e+06, 0, 9.040518e-01, 1.000000e+06, 1.000000e+06, 0, 1.877974e+00, 1.000000e+06, 8.681984e-01],
	[1.000000e+06, 0, 9.040518e-01, 1.000000e+06, 1.000000e+06, 0, 1.877974e+00, 1.000000e+06, 8.681984e-01],
	[1.000000e+06, 0, 9.040518e-01, 1.000000e+06, 1.000000e+06, 0, 1.877974e+00, 1.000000e+06, 8.681984e-01],
	[1.000000e+06, 0, 7.898098e-01, 0, 1.000000e+06, 0, 0, 1.000000e+06, 0],
	[1.000000e+06, 0, 7.898098e-01, 0, 1.000000e+06, 0, 0, 1.000000e+06, 0],
	[1.000000e+06, 0, 7.898098e-01, 0, 1.000000e+06, 0, 0, 1.000000e+06, 0],
	[1.000000e+06, 0, 7.898098e-01, 0, 1.000000e+06, 0, 0, 1.000000e+06, 0],
	[1.000000e+06, 0, 0, 0, 1.000000e+06, 0, 0, 0, 0],
	[1.000000e+06, 0, 0, 0, 1.000000e+06, 0, 0, 0, 0],
	[1.000000e+06, 0, 0, 0, 1.000000e+06, 0, 0, 0, 0],
	[1.000000e+06, 0, 0, 0, 1.000000e+06, 0, 0, 0, 0],
	[0, 0, 0, 0, 1.000000e+06, 0, 0, 1.000000e+06, 0],
	[0, 0, 0, 0, 1.000000e+06, 0, 0, 1.000000e+06, 0],
	[0, 0, 0, 0, 1.000000e+06, 0, 0, 1.000000e+06, 0],
	[0, 0, 0, 0, 1.000000e+06, 0, 0, 1.000000e+06, 0],
	[0, 0, 0, 0, 0, 0, 0, 0, 0],
	[0, 0, 0, 0, 0, 0, 0, 0, 0],
	[0, 0, 0, 0, 0, 0, 0, 0, 0],
	[0, 0, 0, 0, 0, 0, 0, 0, 0],
	[0, 0, 0, 0, 0, 0, 0, 0, 0],
	[0, 0, 0, 0, 0, 0, 0, 0, 0],
	[0, 0, 0, 0, 0, 0, 0, 0, 0],
	[0, 0, 0, 0, 0, 0, 0, 0, 0],
	[0, 0, 0, 0, 0, 0, 0, 0, 0],
	[0, 0, 0, 0, 0, 0, 0, 0, 0],
	[0, 0, 0, 0, 0, 0, 0, 0, 0],
	[0, 0, 0, 0, 0, 0, 0, 0, 0],
	[0, 0, 0, 0, 0, 0, 0, 0, 0],
	[0, 0, 0, 0, 0, 0, 0, 0, 0],
	[0, 0, 0, 0, 0, 0, 0, 0, 0],
	[0, 0, 0, 0, 0, 0, 0, 0, 0] ]
