3094 3936
SHOE
ACT	2
SHIFT	96
demand [
	[0, 0],
	[0, 0],
	[0, 0],
	[0, 0],
	[0, 0],
	[0, 0],
	[0, 0],
	[0, 0],
	[0, 0],
	[0, 0],
	[0, 0],
	[0, 0],
	[0, 0],
	[0, 0],
	[0, 0],
	[0, 0],
	[0, 0],
	[0, 0],
	[0, 0],
	[0, 0],
	[0, 0],
	[0, 0],
	[0, 0],
	[0, 0],
	[0, 0],
	[0, 0],
	[0, 0],
	[0, 0],
	[0, 0],
	[0, 0],
	[0, 0],
	[0, 0],
	[0, 0],
	[0, 0],
	[0, 0],
	[0, 0],
	[1.00, 0],
	[1.00, 0],
	[1.00, 0],
	[1.00, 0],
	[0, 1.00],
	[0, 1.00],
	[0, 1.00],
	[0, 1.00],
	[1.00, 1.00],
	[1.00, 1.00],
	[1.00, 1.00],
	[1.00, 1.00],
	[1.00, 1.25],
	[1.00, 1.25],
	[1.00, 1.25],
	[1.00, 1.25],
	[0, 1.50],
	[0, 1.50],
	[0, 1.50],
	[0, 1.50],
	[1.00, 1.50],
	[1.00, 1.50],
	[1.00, 1.50],
	[1.00, 1.50],
	[0, 1.00],
	[0, 1.00],
	[0, 1.00],
	[0, 1.00],
	[1.00, 1.00],
	[1.00, 1.00],
	[1.00, 1.00],
	[1.00, 1.00],
	[1.00, 1.00],
	[1.00, 1.00],
	[1.00, 1.00],
	[1.00, 1.00],
	[1.00, 1.25],
	[1.00, 1.25],
	[1.00, 1.25],
	[1.00, 1.25],
	[0, 1.00],
	[0, 1.00],
	[0, 1.00],
	[0, 1.00],
	[0, 0],
	[0, 0],
	[0, 0],
	[0, 0],
	[0, 0],
	[0, 0],
	[0, 0],
	[0, 0],
	[0, 0],
	[0, 0],
	[0, 0],
	[0, 0],
	[0, 0],
	[0, 0],
	[0, 0],
	[0, 0] ]
overcost [
	[0, 0],
	[0, 0],
	[0, 0],
	[0, 0],
	[0, 0],
	[0, 0],
	[0, 0],
	[0, 0],
	[0, 0],
	[0, 0],
	[0, 0],
	[0, 0],
	[0, 0],
	[0, 0],
	[0, 0],
	[0, 0],
	[0, 0],
	[0, 0],
	[0, 0],
	[0, 0],
	[0, 0],
	[0, 0],
	[0, 0],
	[0, 0],
	[0, 0],
	[0, 0],
	[0, 0],
	[0, 0],
	[0, 0],
	[0, 0],
	[0, 0],
	[0, 0],
	[0, 0],
	[0, 0],
	[0, 0],
	[0, 0],
	[1.001799e+01, 0],
	[1.001799e+01, 0],
	[1.001799e+01, 0],
	[1.001799e+01, 0],
	[0, 9.101035e+00],
	[0, 9.101035e+00],
	[0, 9.101035e+00],
	[0, 9.101035e+00],
	[5.409841e+00, 6.296954e+00],
	[5.409841e+00, 6.296954e+00],
	[5.409841e+00, 6.296954e+00],
	[5.409841e+00, 6.296954e+00],
	[4.292390e+00, 2.083250e+00],
	[4.292390e+00, 2.083250e+00],
	[4.292390e+00, 2.083250e+00],
	[4.292390e+00, 2.083250e+00],
	[0, 1.808633e+00],
	[0, 1.808633e+00],
	[0, 1.808633e+00],
	[0, 1.808633e+00],
	[3.844183e+00, 1.774162e+00],
	[3.844183e+00, 1.774162e+00],
	[3.844183e+00, 1.774162e+00],
	[3.844183e+00, 1.774162e+00],
	[0, 1.988573e+00],
	[0, 1.988573e+00],
	[0, 1.988573e+00],
	[0, 1.988573e+00],
	[5.516233e+00, 8.132037e+00],
	[5.516233e+00, 8.132037e+00],
	[5.516233e+00, 8.132037e+00],
	[5.516233e+00, 8.132037e+00],
	[5.029040e+00, 5.567239e+00],
	[5.029040e+00, 5.567239e+00],
	[5.029040e+00, 5.567239e+00],
	[5.029040e+00, 5.567239e+00],
	[3.991015e+00, 2.231092e+00],
	[3.991015e+00, 2.231092e+00],
	[3.991015e+00, 2.231092e+00],
	[3.991015e+00, 2.231092e+00],
	[0, 8.078277e+00],
	[0, 8.078277e+00],
	[0, 8.078277e+00],
	[0, 8.078277e+00],
	[0, 0],
	[0, 0],
	[0, 0],
	[0, 0],
	[0, 0],
	[0, 0],
	[0, 0],
	[0, 0],
	[0, 0],
	[0, 0],
	[0, 0],
	[0, 0],
	[0, 0],
	[0, 0],
	[0, 0],
	[0, 0] ]
undercost [
	[0, 0],
	[0, 0],
	[0, 0],
	[0, 0],
	[0, 0],
	[0, 0],
	[0, 0],
	[0, 0],
	[0, 0],
	[0, 0],
	[0, 0],
	[0, 0],
	[0, 0],
	[0, 0],
	[0, 0],
	[0, 0],
	[0, 0],
	[0, 0],
	[0, 0],
	[0, 0],
	[0, 0],
	[0, 0],
	[0, 0],
	[0, 0],
	[0, 0],
	[0, 0],
	[0, 0],
	[0, 0],
	[0, 0],
	[0, 0],
	[0, 0],
	[0, 0],
	[0, 0],
	[0, 0],
	[0, 0],
	[0, 0],
	[1.000000e+06, 0],
	[1.000000e+06, 0],
	[1.000000e+06, 0],
	[1.000000e+06, 0],
	[0, 1.000000e+06],
	[0, 1.000000e+06],
	[0, 1.000000e+06],
	[0, 1.000000e+06],
	[1.000000e+06, 1.000000e+06],
	[1.000000e+06, 1.000000e+06],
	[1.000000e+06, 1.000000e+06],
	[1.000000e+06, 1.000000e+06],
	[1.000000e+06, 1.000000e+06],
	[1.000000e+06, 1.000000e+06],
	[1.000000e+06, 1.000000e+06],
	[1.000000e+06, 1.000000e+06],
	[0, 1.000000e+06],
	[0, 1.000000e+06],
	[0, 1.000000e+06],
	[0, 1.000000e+06],
	[1.000000e+06, 1.000000e+06],
	[1.000000e+06, 1.000000e+06],
	[1.000000e+06, 1.000000e+06],
	[1.000000e+06, 1.000000e+06],
	[0, 1.000000e+06],
	[0, 1.000000e+06],
	[0, 1.000000e+06],
	[0, 1.000000e+06],
	[1.000000e+06, 1.000000e+06],
	[1.000000e+06, 1.000000e+06],
	[1.000000e+06, 1.000000e+06],
	[1.000000e+06, 1.000000e+06],
	[1.000000e+06, 1.000000e+06],
	[1.000000e+06, 1.000000e+06],
	[1.000000e+06, 1.000000e+06],
	[1.000000e+06, 1.000000e+06],
	[1.000000e+06, 1.000000e+06],
	[1.000000e+06, 1.000000e+06],
	[1.000000e+06, 1.000000e+06],
	[1.000000e+06, 1.000000e+06],
	[0, 1.000000e+06],
	[0, 1.000000e+06],
	[0, 1.000000e+06],
	[0, 1.000000e+06],
	[0, 0],
	[0, 0],
	[0, 0],
	[0, 0],
	[0, 0],
	[0, 0],
	[0, 0],
	[0, 0],
	[0, 0],
	[0, 0],
	[0, 0],
	[0, 0],
	[0, 0],
	[0, 0],
	[0, 0],
	[0, 0] ]
