2483 2997
SHOE
ACT	2
SHIFT	96
demand [
	[0, 0],
	[0, 0],
	[0, 0],
	[0, 0],
	[0, 0],
	[0, 0],
	[0, 0],
	[0, 0],
	[0, 0],
	[0, 0],
	[0, 0],
	[0, 0],
	[0, 0],
	[0, 0],
	[0, 0],
	[0, 0],
	[0, 0],
	[0, 0],
	[0, 0],
	[0, 0],
	[0, 0],
	[0, 0],
	[0, 0],
	[0, 0],
	[0, 0],
	[0, 0],
	[0, 0],
	[0, 0],
	[0, 0],
	[0, 0],
	[0, 0],
	[0, 0],
	[0, 0],
	[0, 0],
	[0, 0],
	[0, 0],
	[0, 0],
	[0, 0],
	[0, 0],
	[0, 0],
	[0, 1.00],
	[0, 1.00],
	[0, 1.00],
	[0, 1.00],
	[3.75, 1.00],
	[3.75, 1.00],
	[3.75, 1.00],
	[3.75, 1.00],
	[4.00, 1.00],
	[4.00, 1.00],
	[4.00, 1.00],
	[4.00, 1.00],
	[4.25, 1.25],
	[4.25, 1.25],
	[4.25, 1.25],
	[4.25, 1.25],
	[4.25, 1.25],
	[4.25, 1.25],
	[4.25, 1.25],
	[4.25, 1.25],
	[4.25, 1.25],
	[4.25, 1.25],
	[4.25, 1.25],
	[4.25, 1.25],
	[0, 1.00],
	[0, 1.00],
	[0, 1.00],
	[0, 1.00],
	[0, 0],
	[0, 0],
	[0, 0],
	[0, 0],
	[0, 1.25],
	[0, 1.25],
	[0, 1.25],
	[0, 1.25],
	[0, 1.00],
	[0, 1.00],
	[0, 1.00],
	[0, 1.00],
	[0, 0],
	[0, 0],
	[0, 0],
	[0, 0],
	[0, 0],
	[0, 0],
	[0, 0],
	[0, 0],
	[0, 0],
	[0, 0],
	[0, 0],
	[0, 0],
	[0, 0],
	[0, 0],
	[0, 0],
	[0, 0] ]
overcost [
	[0, 0],
	[0, 0],
	[0, 0],
	[0, 0],
	[0, 0],
	[0, 0],
	[0, 0],
	[0, 0],
	[0, 0],
	[0, 0],
	[0, 0],
	[0, 0],
	[0, 0],
	[0, 0],
	[0, 0],
	[0, 0],
	[0, 0],
	[0, 0],
	[0, 0],
	[0, 0],
	[0, 0],
	[0, 0],
	[0, 0],
	[0, 0],
	[0, 0],
	[0, 0],
	[0, 0],
	[0, 0],
	[0, 0],
	[0, 0],
	[0, 0],
	[0, 0],
	[0, 0],
	[0, 0],
	[0, 0],
	[0, 0],
	[0, 0],
	[0, 0],
	[0, 0],
	[0, 0],
	[0, 5.599776e+00],
	[0, 5.599776e+00],
	[0, 5.599776e+00],
	[0, 5.599776e+00],
	[9.946623e-01, 2.926006e+00],
	[9.946623e-01, 2.926006e+00],
	[9.946623e-01, 2.926006e+00],
	[9.946623e-01, 2.926006e+00],
	[8.041038e-01, 1.739350e+00],
	[8.041038e-01, 1.739350e+00],
	[8.041038e-01, 1.739350e+00],
	[8.041038e-01, 1.739350e+00],
	[8.533679e-01, 2.262879e+00],
	[8.533679e-01, 2.262879e+00],
	[8.533679e-01, 2.262879e+00],
	[8.533679e-01, 2.262879e+00],
	[7.167375e-01, 2.146543e+00],
	[7.167375e-01, 2.146543e+00],
	[7.167375e-01, 2.146543e+00],
	[7.167375e-01, 2.146543e+00],
	[6.983113e-01, 2.450979e+00],
	[6.983113e-01, 2.450979e+00],
	[6.983113e-01, 2.450979e+00],
	[6.983113e-01, 2.450979e+00],
	[0, 2.917919e+00],
	[0, 2.917919e+00],
	[0, 2.917919e+00],
	[0, 2.917919e+00],
	[0, 0],
	[0, 0],
	[0, 0],
	[0, 0],
	[0, 2.201957e+00],
	[0, 2.201957e+00],
	[0, 2.201957e+00],
	[0, 2.201957e+00],
	[0, 2.206961e+00],
	[0, 2.206961e+00],
	[0, 2.206961e+00],
	[0, 2.206961e+00],
	[0, 0],
	[0, 0],
	[0, 0],
	[0, 0],
	[0, 0],
	[0, 0],
	[0, 0],
	[0, 0],
	[0, 0],
	[0, 0],
	[0, 0],
	[0, 0],
	[0, 0],
	[0, 0],
	[0, 0],
	[0, 0] ]
undercost [
	[0, 0],
	[0, 0],
	[0, 0],
	[0, 0],
	[0, 0],
	[0, 0],
	[0, 0],
	[0, 0],
	[0, 0],
	[0, 0],
	[0, 0],
	[0, 0],
	[0, 0],
	[0, 0],
	[0, 0],
	[0, 0],
	[0, 0],
	[0, 0],
	[0, 0],
	[0, 0],
	[0, 0],
	[0, 0],
	[0, 0],
	[0, 0],
	[0, 0],
	[0, 0],
	[0, 0],
	[0, 0],
	[0, 0],
	[0, 0],
	[0, 0],
	[0, 0],
	[0, 0],
	[0, 0],
	[0, 0],
	[0, 0],
	[0, 0],
	[0, 0],
	[0, 0],
	[0, 0],
	[0, 1.000000e+06],
	[0, 1.000000e+06],
	[0, 1.000000e+06],
	[0, 1.000000e+06],
	[9.184877e-01, 1.000000e+06],
	[9.184877e-01, 1.000000e+06],
	[9.184877e-01, 1.000000e+06],
	[9.184877e-01, 1.000000e+06],
	[1.008660e+00, 1.000000e+06],
	[1.008660e+00, 1.000000e+06],
	[1.008660e+00, 1.000000e+06],
	[1.008660e+00, 1.000000e+06],
	[8.330163e-01, 1.000000e+06],
	[8.330163e-01, 1.000000e+06],
	[8.330163e-01, 1.000000e+06],
	[8.330163e-01, 1.000000e+06],
	[9.931310e-01, 1.000000e+06],
	[9.931310e-01, 1.000000e+06],
	[9.931310e-01, 1.000000e+06],
	[9.931310e-01, 1.000000e+06],
	[1.015962e+00, 1.000000e+06],
	[1.015962e+00, 1.000000e+06],
	[1.015962e+00, 1.000000e+06],
	[1.015962e+00, 1.000000e+06],
	[0, 1.000000e+06],
	[0, 1.000000e+06],
	[0, 1.000000e+06],
	[0, 1.000000e+06],
	[0, 0],
	[0, 0],
	[0, 0],
	[0, 0],
	[0, 1.000000e+06],
	[0, 1.000000e+06],
	[0, 1.000000e+06],
	[0, 1.000000e+06],
	[0, 1.000000e+06],
	[0, 1.000000e+06],
	[0, 1.000000e+06],
	[0, 1.000000e+06],
	[0, 0],
	[0, 0],
	[0, 0],
	[0, 0],
	[0, 0],
	[0, 0],
	[0, 0],
	[0, 0],
	[0, 0],
	[0, 0],
	[0, 0],
	[0, 0],
	[0, 0],
	[0, 0],
	[0, 0],
	[0, 0] ]
