1592 2504 2520 2949 4028
SHOE
ACT	5
SHIFT	96
demand [
	[0, 0, 0, 0, 0],
	[0, 0, 0, 0, 0],
	[0, 0, 0, 0, 0],
	[0, 0, 0, 0, 0],
	[0, 0, 0, 0, 0],
	[0, 0, 0, 0, 0],
	[0, 0, 0, 0, 0],
	[0, 0, 0, 0, 0],
	[0, 0, 0, 0, 0],
	[0, 0, 0, 0, 0],
	[0, 0, 0, 0, 0],
	[0, 0, 0, 0, 0],
	[0, 0, 0, 0, 0],
	[0, 0, 0, 0, 0],
	[0, 0, 0, 0, 0],
	[0, 0, 0, 0, 0],
	[0, 0, 0, 0, 0],
	[0, 0, 0, 0, 0],
	[0, 0, 0, 0, 0],
	[0, 0, 0, 0, 0],
	[0, 0, 0, 0, 0],
	[0, 0, 0, 0, 0],
	[0, 0, 0, 0, 0],
	[0, 0, 0, 0, 0],
	[0, 0, 0, 0, 0],
	[0, 0, 0, 0, 0],
	[0, 0, 0, 0, 0],
	[0, 0, 0, 0, 0],
	[0, 0, 0, 0, 0],
	[0, 0, 0, 0, 0],
	[0, 0, 0, 0, 0],
	[0, 0, 0, 0, 0],
	[0, 0, 0, 0, 0],
	[0, 0, 0, 0, 0],
	[0, 0, 0, 0, 0],
	[0, 0, 0, 0, 0],
	[1.00, 0, 0, 0, 1.00],
	[1.00, 0, 0, 0, 1.00],
	[1.00, 0, 0, 0, 1.00],
	[1.00, 0, 0, 0, 1.00],
	[0, 0, 1.00, 0, 1.00],
	[0, 0, 1.00, 0, 1.00],
	[0, 0, 1.00, 0, 1.00],
	[0, 0, 1.00, 0, 1.00],
	[1.50, 3.00, 1.25, 1.00, 1.50],
	[1.50, 3.00, 1.25, 1.00, 1.50],
	[1.50, 3.00, 1.25, 1.00, 1.50],
	[1.50, 3.00, 1.25, 1.00, 1.50],
	[1.75, 3.25, 1.50, 0, 1.75],
	[1.75, 3.25, 1.50, 0, 1.75],
	[1.75, 3.25, 1.50, 0, 1.75],
	[1.75, 3.25, 1.50, 0, 1.75],
	[1.75, 3.50, 1.50, 0, 1.75],
	[1.75, 3.50, 1.50, 0, 1.75],
	[1.75, 3.50, 1.50, 0, 1.75],
	[1.75, 3.50, 1.50, 0, 1.75],
	[1.75, 3.50, 1.50, 1.00, 1.75],
	[1.75, 3.50, 1.50, 1.00, 1.75],
	[1.75, 3.50, 1.50, 1.00, 1.75],
	[1.75, 3.50, 1.50, 1.00, 1.75],
	[1.75, 3.50, 1.50, 0, 1.75],
	[1.75, 3.50, 1.50, 0, 1.75],
	[1.75, 3.50, 1.50, 0, 1.75],
	[1.75, 3.50, 1.50, 0, 1.75],
	[1.50, 3.25, 1.25, 1.00, 1.50],
	[1.50, 3.25, 1.25, 1.00, 1.50],
	[1.50, 3.25, 1.25, 1.00, 1.50],
	[1.50, 3.25, 1.25, 1.00, 1.50],
	[0, 0, 1.25, 1.00, 1.75],
	[0, 0, 1.25, 1.00, 1.75],
	[0, 0, 1.25, 1.00, 1.75],
	[0, 0, 1.25, 1.00, 1.75],
	[0, 0, 0, 0, 2.00],
	[0, 0, 0, 0, 2.00],
	[0, 0, 0, 0, 2.00],
	[0, 0, 0, 0, 2.00],
	[0, 0, 0, 0, 2.00],
	[0, 0, 0, 0, 2.00],
	[0, 0, 0, 0, 2.00],
	[0, 0, 0, 0, 2.00],
	[0, 0, 0, 0, 1.00],
	[0, 0, 0, 0, 1.00],
	[0, 0, 0, 0, 1.00],
	[0, 0, 0, 0, 1.00],
	[0, 0, 0, 0, 0],
	[0, 0, 0, 0, 0],
	[0, 0, 0, 0, 0],
	[0, 0, 0, 0, 0],
	[0, 0, 0, 0, 0],
	[0, 0, 0, 0, 0],
	[0, 0, 0, 0, 0],
	[0, 0, 0, 0, 0],
	[0, 0, 0, 0, 0],
	[0, 0, 0, 0, 0],
	[0, 0, 0, 0, 0],
	[0, 0, 0, 0, 0] ]
overcost [
	[0, 0, 0, 0, 0],
	[0, 0, 0, 0, 0],
	[0, 0, 0, 0, 0],
	[0, 0, 0, 0, 0],
	[0, 0, 0, 0, 0],
	[0, 0, 0, 0, 0],
	[0, 0, 0, 0, 0],
	[0, 0, 0, 0, 0],
	[0, 0, 0, 0, 0],
	[0, 0, 0, 0, 0],
	[0, 0, 0, 0, 0],
	[0, 0, 0, 0, 0],
	[0, 0, 0, 0, 0],
	[0, 0, 0, 0, 0],
	[0, 0, 0, 0, 0],
	[0, 0, 0, 0, 0],
	[0, 0, 0, 0, 0],
	[0, 0, 0, 0, 0],
	[0, 0, 0, 0, 0],
	[0, 0, 0, 0, 0],
	[0, 0, 0, 0, 0],
	[0, 0, 0, 0, 0],
	[0, 0, 0, 0, 0],
	[0, 0, 0, 0, 0],
	[0, 0, 0, 0, 0],
	[0, 0, 0, 0, 0],
	[0, 0, 0, 0, 0],
	[0, 0, 0, 0, 0],
	[0, 0, 0, 0, 0],
	[0, 0, 0, 0, 0],
	[0, 0, 0, 0, 0],
	[0, 0, 0, 0, 0],
	[0, 0, 0, 0, 0],
	[0, 0, 0, 0, 0],
	[0, 0, 0, 0, 0],
	[0, 0, 0, 0, 0],
	[3.404527e+00, 0, 0, 0, 4.097799e+00],
	[3.404527e+00, 0, 0, 0, 4.097799e+00],
	[3.404527e+00, 0, 0, 0, 4.097799e+00],
	[3.404527e+00, 0, 0, 0, 4.097799e+00],
	[0, 0, 4.796506e+00, 0, 2.488903e+00],
	[0, 0, 4.796506e+00, 0, 2.488903e+00],
	[0, 0, 4.796506e+00, 0, 2.488903e+00],
	[0, 0, 4.796506e+00, 0, 2.488903e+00],
	[1.720222e+00, 8.901077e-01, 2.473003e+00, 8.785007e+00, 1.841434e+00],
	[1.720222e+00, 8.901077e-01, 2.473003e+00, 8.785007e+00, 1.841434e+00],
	[1.720222e+00, 8.901077e-01, 2.473003e+00, 8.785007e+00, 1.841434e+00],
	[1.720222e+00, 8.901077e-01, 2.473003e+00, 8.785007e+00, 1.841434e+00],
	[1.975013e+00, 7.373275e-01, 2.053103e+00, 0, 2.044952e+00],
	[1.975013e+00, 7.373275e-01, 2.053103e+00, 0, 2.044952e+00],
	[1.975013e+00, 7.373275e-01, 2.053103e+00, 0, 2.044952e+00],
	[1.975013e+00, 7.373275e-01, 2.053103e+00, 0, 2.044952e+00],
	[1.691902e+00, 8.559824e-01, 1.630840e+00, 0, 1.722394e+00],
	[1.691902e+00, 8.559824e-01, 1.630840e+00, 0, 1.722394e+00],
	[1.691902e+00, 8.559824e-01, 1.630840e+00, 0, 1.722394e+00],
	[1.691902e+00, 8.559824e-01, 1.630840e+00, 0, 1.722394e+00],
	[1.578643e+00, 7.131801e-01, 1.513530e+00, 6.790049e+00, 1.621101e+00],
	[1.578643e+00, 7.131801e-01, 1.513530e+00, 6.790049e+00, 1.621101e+00],
	[1.578643e+00, 7.131801e-01, 1.513530e+00, 6.790049e+00, 1.621101e+00],
	[1.578643e+00, 7.131801e-01, 1.513530e+00, 6.790049e+00, 1.621101e+00],
	[1.543343e+00, 7.094067e-01, 1.841971e+00, 0, 1.624123e+00],
	[1.543343e+00, 7.094067e-01, 1.841971e+00, 0, 1.624123e+00],
	[1.543343e+00, 7.094067e-01, 1.841971e+00, 0, 1.624123e+00],
	[1.543343e+00, 7.094067e-01, 1.841971e+00, 0, 1.624123e+00],
	[1.546760e+00, 1.114323e+00, 2.487860e+00, 9.233711e+00, 1.727609e+00],
	[1.546760e+00, 1.114323e+00, 2.487860e+00, 9.233711e+00, 1.727609e+00],
	[1.546760e+00, 1.114323e+00, 2.487860e+00, 9.233711e+00, 1.727609e+00],
	[1.546760e+00, 1.114323e+00, 2.487860e+00, 9.233711e+00, 1.727609e+00],
	[0, 0, 1.902320e+00, 8.525432e+00, 2.030132e+00],
	[0, 0, 1.902320e+00, 8.525432e+00, 2.030132e+00],
	[0, 0, 1.902320e+00, 8.525432e+00, 2.030132e+00],
	[0, 0, 1.902320e+00, 8.525432e+00, 2.030132e+00],
	[0, 0, 0, 0, 1.855013e+00],
	[0, 0, 0, 0, 1.855013e+00],
	[0, 0, 0, 0, 1.855013e+00],
	[0, 0, 0, 0, 1.855013e+00],
	[0, 0, 0, 0, 1.797611e+00],
	[0, 0, 0, 0, 1.797611e+00],
	[0, 0, 0, 0, 1.797611e+00],
	[0, 0, 0, 0, 1.797611e+00],
	[0, 0, 0, 0, 2.121634e+00],
	[0, 0, 0, 0, 2.121634e+00],
	[0, 0, 0, 0, 2.121634e+00],
	[0, 0, 0, 0, 2.121634e+00],
	[0, 0, 0, 0, 0],
	[0, 0, 0, 0, 0],
	[0, 0, 0, 0, 0],
	[0, 0, 0, 0, 0],
	[0, 0, 0, 0, 0],
	[0, 0, 0, 0, 0],
	[0, 0, 0, 0, 0],
	[0, 0, 0, 0, 0],
	[0, 0, 0, 0, 0],
	[0, 0, 0, 0, 0],
	[0, 0, 0, 0, 0],
	[0, 0, 0, 0, 0] ]
undercost [
	[0, 0, 0, 0, 0],
	[0, 0, 0, 0, 0],
	[0, 0, 0, 0, 0],
	[0, 0, 0, 0, 0],
	[0, 0, 0, 0, 0],
	[0, 0, 0, 0, 0],
	[0, 0, 0, 0, 0],
	[0, 0, 0, 0, 0],
	[0, 0, 0, 0, 0],
	[0, 0, 0, 0, 0],
	[0, 0, 0, 0, 0],
	[0, 0, 0, 0, 0],
	[0, 0, 0, 0, 0],
	[0, 0, 0, 0, 0],
	[0, 0, 0, 0, 0],
	[0, 0, 0, 0, 0],
	[0, 0, 0, 0, 0],
	[0, 0, 0, 0, 0],
	[0, 0, 0, 0, 0],
	[0, 0, 0, 0, 0],
	[0, 0, 0, 0, 0],
	[0, 0, 0, 0, 0],
	[0, 0, 0, 0, 0],
	[0, 0, 0, 0, 0],
	[0, 0, 0, 0, 0],
	[0, 0, 0, 0, 0],
	[0, 0, 0, 0, 0],
	[0, 0, 0, 0, 0],
	[0, 0, 0, 0, 0],
	[0, 0, 0, 0, 0],
	[0, 0, 0, 0, 0],
	[0, 0, 0, 0, 0],
	[0, 0, 0, 0, 0],
	[0, 0, 0, 0, 0],
	[0, 0, 0, 0, 0],
	[0, 0, 0, 0, 0],
	[1.000000e+06, 0, 0, 0, 1.000000e+06],
	[1.000000e+06, 0, 0, 0, 1.000000e+06],
	[1.000000e+06, 0, 0, 0, 1.000000e+06],
	[1.000000e+06, 0, 0, 0, 1.000000e+06],
	[0, 0, 1.000000e+06, 0, 1.000000e+06],
	[0, 0, 1.000000e+06, 0, 1.000000e+06],
	[0, 0, 1.000000e+06, 0, 1.000000e+06],
	[0, 0, 1.000000e+06, 0, 1.000000e+06],
	[1.000000e+06, 1.608447e+00, 1.000000e+06, 1.000000e+06, 1.000000e+06],
	[1.000000e+06, 1.608447e+00, 1.000000e+06, 1.000000e+06, 1.000000e+06],
	[1.000000e+06, 1.608447e+00, 1.000000e+06, 1.000000e+06, 1.000000e+06],
	[1.000000e+06, 1.608447e+00, 1.000000e+06, 1.000000e+06, 1.000000e+06],
	[1.000000e+06, 1.571835e+00, 1.000000e+06, 0, 1.000000e+06],
	[1.000000e+06, 1.571835e+00, 1.000000e+06, 0, 1.000000e+06],
	[1.000000e+06, 1.571835e+00, 1.000000e+06, 0, 1.000000e+06],
	[1.000000e+06, 1.571835e+00, 1.000000e+06, 0, 1.000000e+06],
	[1.000000e+06, 1.240044e+00, 1.000000e+06, 0, 1.000000e+06],
	[1.000000e+06, 1.240044e+00, 1.000000e+06, 0, 1.000000e+06],
	[1.000000e+06, 1.240044e+00, 1.000000e+06, 0, 1.000000e+06],
	[1.000000e+06, 1.240044e+00, 1.000000e+06, 0, 1.000000e+06],
	[1.000000e+06, 1.413373e+00, 1.000000e+06, 1.000000e+06, 1.000000e+06],
	[1.000000e+06, 1.413373e+00, 1.000000e+06, 1.000000e+06, 1.000000e+06],
	[1.000000e+06, 1.413373e+00, 1.000000e+06, 1.000000e+06, 1.000000e+06],
	[1.000000e+06, 1.413373e+00, 1.000000e+06, 1.000000e+06, 1.000000e+06],
	[1.000000e+06, 1.419650e+00, 1.000000e+06, 0, 1.000000e+06],
	[1.000000e+06, 1.419650e+00, 1.000000e+06, 0, 1.000000e+06],
	[1.000000e+06, 1.419650e+00, 1.000000e+06, 0, 1.000000e+06],
	[1.000000e+06, 1.419650e+00, 1.000000e+06, 0, 1.000000e+06],
	[1.000000e+06, 1.111099e+00, 1.000000e+06, 1.000000e+06, 1.000000e+06],
	[1.000000e+06, 1.111099e+00, 1.000000e+06, 1.000000e+06, 1.000000e+06],
	[1.000000e+06, 1.111099e+00, 1.000000e+06, 1.000000e+06, 1.000000e+06],
	[1.000000e+06, 1.111099e+00, 1.000000e+06, 1.000000e+06, 1.000000e+06],
	[0, 0, 1.000000e+06, 1.000000e+06, 1.000000e+06],
	[0, 0, 1.000000e+06, 1.000000e+06, 1.000000e+06],
	[0, 0, 1.000000e+06, 1.000000e+06, 1.000000e+06],
	[0, 0, 1.000000e+06, 1.000000e+06, 1.000000e+06],
	[0, 0, 0, 0, 2.035514e+00],
	[0, 0, 0, 0, 2.035514e+00],
	[0, 0, 0, 0, 2.035514e+00],
	[0, 0, 0, 0, 2.035514e+00],
	[0, 0, 0, 0, 2.141721e+00],
	[0, 0, 0, 0, 2.141721e+00],
	[0, 0, 0, 0, 2.141721e+00],
	[0, 0, 0, 0, 2.141721e+00],
	[0, 0, 0, 0, 1.000000e+06],
	[0, 0, 0, 0, 1.000000e+06],
	[0, 0, 0, 0, 1.000000e+06],
	[0, 0, 0, 0, 1.000000e+06],
	[0, 0, 0, 0, 0],
	[0, 0, 0, 0, 0],
	[0, 0, 0, 0, 0],
	[0, 0, 0, 0, 0],
	[0, 0, 0, 0, 0],
	[0, 0, 0, 0, 0],
	[0, 0, 0, 0, 0],
	[0, 0, 0, 0, 0],
	[0, 0, 0, 0, 0],
	[0, 0, 0, 0, 0],
	[0, 0, 0, 0, 0],
	[0, 0, 0, 0, 0] ]
