1215 2238 2320 2639 4296
SHOE
ACT	5
SHIFT	96
demand [
	[0, 0, 0, 0, 0],
	[0, 0, 0, 0, 0],
	[0, 0, 0, 0, 0],
	[0, 0, 0, 0, 0],
	[0, 0, 0, 0, 0],
	[0, 0, 0, 0, 0],
	[0, 0, 0, 0, 0],
	[0, 0, 0, 0, 0],
	[0, 0, 0, 0, 0],
	[0, 0, 0, 0, 0],
	[0, 0, 0, 0, 0],
	[0, 0, 0, 0, 0],
	[0, 0, 0, 0, 0],
	[0, 0, 0, 0, 0],
	[0, 0, 0, 0, 0],
	[0, 0, 0, 0, 0],
	[0, 0, 0, 0, 0],
	[0, 0, 0, 0, 0],
	[0, 0, 0, 0, 0],
	[0, 0, 0, 0, 0],
	[0, 0, 0, 0, 0],
	[0, 0, 0, 0, 0],
	[0, 0, 0, 0, 0],
	[0, 0, 0, 0, 0],
	[0, 0, 0, 0, 0],
	[0, 0, 0, 0, 0],
	[0, 0, 0, 0, 0],
	[0, 0, 0, 0, 0],
	[0, 0, 0, 0, 0],
	[0, 0, 0, 0, 0],
	[0, 0, 0, 0, 0],
	[0, 0, 0, 0, 0],
	[0, 0, 0, 0, 0],
	[0, 0, 0, 0, 0],
	[0, 0, 0, 0, 0],
	[0, 0, 0, 0, 0],
	[0, 0, 1.00, 0, 1.00],
	[0, 0, 1.00, 0, 1.00],
	[0, 0, 1.00, 0, 1.00],
	[0, 0, 1.00, 0, 1.00],
	[2.25, 1.00, 1.00, 0, 1.00],
	[2.25, 1.00, 1.00, 0, 1.00],
	[2.25, 1.00, 1.00, 0, 1.00],
	[2.25, 1.00, 1.00, 0, 1.00],
	[3.25, 1.50, 1.00, 3.50, 1.00],
	[3.25, 1.50, 1.00, 3.50, 1.00],
	[3.25, 1.50, 1.00, 3.50, 1.00],
	[3.25, 1.50, 1.00, 3.50, 1.00],
	[3.75, 1.50, 1.25, 4.00, 1.00],
	[3.75, 1.50, 1.25, 4.00, 1.00],
	[3.75, 1.50, 1.25, 4.00, 1.00],
	[3.75, 1.50, 1.25, 4.00, 1.00],
	[3.75, 1.75, 1.25, 4.00, 1.00],
	[3.75, 1.75, 1.25, 4.00, 1.00],
	[3.75, 1.75, 1.25, 4.00, 1.00],
	[3.75, 1.75, 1.25, 4.00, 1.00],
	[4.00, 1.75, 1.25, 4.25, 1.00],
	[4.00, 1.75, 1.25, 4.25, 1.00],
	[4.00, 1.75, 1.25, 4.25, 1.00],
	[4.00, 1.75, 1.25, 4.25, 1.00],
	[4.00, 1.75, 1.25, 4.00, 1.00],
	[4.00, 1.75, 1.25, 4.00, 1.00],
	[4.00, 1.75, 1.25, 4.00, 1.00],
	[4.00, 1.75, 1.25, 4.00, 1.00],
	[3.50, 1.50, 1.00, 3.50, 1.00],
	[3.50, 1.50, 1.00, 3.50, 1.00],
	[3.50, 1.50, 1.00, 3.50, 1.00],
	[3.50, 1.50, 1.00, 3.50, 1.00],
	[3.75, 1.50, 1.00, 0, 1.00],
	[3.75, 1.50, 1.00, 0, 1.00],
	[3.75, 1.50, 1.00, 0, 1.00],
	[3.75, 1.50, 1.00, 0, 1.00],
	[0, 1.75, 1.25, 0, 1.00],
	[0, 1.75, 1.25, 0, 1.00],
	[0, 1.75, 1.25, 0, 1.00],
	[0, 1.75, 1.25, 0, 1.00],
	[0, 1.75, 1.25, 0, 0],
	[0, 1.75, 1.25, 0, 0],
	[0, 1.75, 1.25, 0, 0],
	[0, 1.75, 1.25, 0, 0],
	[0, 0, 0, 0, 0],
	[0, 0, 0, 0, 0],
	[0, 0, 0, 0, 0],
	[0, 0, 0, 0, 0],
	[0, 0, 0, 0, 0],
	[0, 0, 0, 0, 0],
	[0, 0, 0, 0, 0],
	[0, 0, 0, 0, 0],
	[0, 0, 0, 0, 0],
	[0, 0, 0, 0, 0],
	[0, 0, 0, 0, 0],
	[0, 0, 0, 0, 0],
	[0, 0, 0, 0, 0],
	[0, 0, 0, 0, 0],
	[0, 0, 0, 0, 0],
	[0, 0, 0, 0, 0] ]
overcost [
	[0, 0, 0, 0, 0],
	[0, 0, 0, 0, 0],
	[0, 0, 0, 0, 0],
	[0, 0, 0, 0, 0],
	[0, 0, 0, 0, 0],
	[0, 0, 0, 0, 0],
	[0, 0, 0, 0, 0],
	[0, 0, 0, 0, 0],
	[0, 0, 0, 0, 0],
	[0, 0, 0, 0, 0],
	[0, 0, 0, 0, 0],
	[0, 0, 0, 0, 0],
	[0, 0, 0, 0, 0],
	[0, 0, 0, 0, 0],
	[0, 0, 0, 0, 0],
	[0, 0, 0, 0, 0],
	[0, 0, 0, 0, 0],
	[0, 0, 0, 0, 0],
	[0, 0, 0, 0, 0],
	[0, 0, 0, 0, 0],
	[0, 0, 0, 0, 0],
	[0, 0, 0, 0, 0],
	[0, 0, 0, 0, 0],
	[0, 0, 0, 0, 0],
	[0, 0, 0, 0, 0],
	[0, 0, 0, 0, 0],
	[0, 0, 0, 0, 0],
	[0, 0, 0, 0, 0],
	[0, 0, 0, 0, 0],
	[0, 0, 0, 0, 0],
	[0, 0, 0, 0, 0],
	[0, 0, 0, 0, 0],
	[0, 0, 0, 0, 0],
	[0, 0, 0, 0, 0],
	[0, 0, 0, 0, 0],
	[0, 0, 0, 0, 0],
	[0, 0, 6.606893e+00, 0, 7.251854e+00],
	[0, 0, 6.606893e+00, 0, 7.251854e+00],
	[0, 0, 6.606893e+00, 0, 7.251854e+00],
	[0, 0, 6.606893e+00, 0, 7.251854e+00],
	[1.124775e+00, 2.841928e+00, 4.996135e+00, 0, 6.398229e+00],
	[1.124775e+00, 2.841928e+00, 4.996135e+00, 0, 6.398229e+00],
	[1.124775e+00, 2.841928e+00, 4.996135e+00, 0, 6.398229e+00],
	[1.124775e+00, 2.841928e+00, 4.996135e+00, 0, 6.398229e+00],
	[7.264315e-01, 2.168685e+00, 2.439223e+00, 1.102168e+00, 5.017095e+00],
	[7.264315e-01, 2.168685e+00, 2.439223e+00, 1.102168e+00, 5.017095e+00],
	[7.264315e-01, 2.168685e+00, 2.439223e+00, 1.102168e+00, 5.017095e+00],
	[7.264315e-01, 2.168685e+00, 2.439223e+00, 1.102168e+00, 5.017095e+00],
	[8.827270e-01, 1.477621e+00, 2.483101e+00, 1.068521e+00, 4.696829e+00],
	[8.827270e-01, 1.477621e+00, 2.483101e+00, 1.068521e+00, 4.696829e+00],
	[8.827270e-01, 1.477621e+00, 2.483101e+00, 1.068521e+00, 4.696829e+00],
	[8.827270e-01, 1.477621e+00, 2.483101e+00, 1.068521e+00, 4.696829e+00],
	[5.810176e-01, 1.897328e+00, 2.122224e+00, 6.382303e-01, 4.494222e+00],
	[5.810176e-01, 1.897328e+00, 2.122224e+00, 6.382303e-01, 4.494222e+00],
	[5.810176e-01, 1.897328e+00, 2.122224e+00, 6.382303e-01, 4.494222e+00],
	[5.810176e-01, 1.897328e+00, 2.122224e+00, 6.382303e-01, 4.494222e+00],
	[8.078857e-01, 1.780960e+00, 2.032773e+00, 9.218515e-01, 4.480509e+00],
	[8.078857e-01, 1.780960e+00, 2.032773e+00, 9.218515e-01, 4.480509e+00],
	[8.078857e-01, 1.780960e+00, 2.032773e+00, 9.218515e-01, 4.480509e+00],
	[8.078857e-01, 1.780960e+00, 2.032773e+00, 9.218515e-01, 4.480509e+00],
	[8.322394e-01, 1.843202e+00, 2.206693e+00, 6.623895e-01, 4.540455e+00],
	[8.322394e-01, 1.843202e+00, 2.206693e+00, 6.623895e-01, 4.540455e+00],
	[8.322394e-01, 1.843202e+00, 2.206693e+00, 6.623895e-01, 4.540455e+00],
	[8.322394e-01, 1.843202e+00, 2.206693e+00, 6.623895e-01, 4.540455e+00],
	[9.539458e-01, 2.040108e+00, 2.433495e+00, 1.062753e+00, 5.083069e+00],
	[9.539458e-01, 2.040108e+00, 2.433495e+00, 1.062753e+00, 5.083069e+00],
	[9.539458e-01, 2.040108e+00, 2.433495e+00, 1.062753e+00, 5.083069e+00],
	[9.539458e-01, 2.040108e+00, 2.433495e+00, 1.062753e+00, 5.083069e+00],
	[9.327928e-01, 1.601418e+00, 1.901320e+00, 0, 4.770091e+00],
	[9.327928e-01, 1.601418e+00, 1.901320e+00, 0, 4.770091e+00],
	[9.327928e-01, 1.601418e+00, 1.901320e+00, 0, 4.770091e+00],
	[9.327928e-01, 1.601418e+00, 1.901320e+00, 0, 4.770091e+00],
	[0, 1.484784e+00, 1.799086e+00, 0, 4.165721e+00],
	[0, 1.484784e+00, 1.799086e+00, 0, 4.165721e+00],
	[0, 1.484784e+00, 1.799086e+00, 0, 4.165721e+00],
	[0, 1.484784e+00, 1.799086e+00, 0, 4.165721e+00],
	[0, 1.675347e+00, 2.184694e+00, 0, 0],
	[0, 1.675347e+00, 2.184694e+00, 0, 0],
	[0, 1.675347e+00, 2.184694e+00, 0, 0],
	[0, 1.675347e+00, 2.184694e+00, 0, 0],
	[0, 0, 0, 0, 0],
	[0, 0, 0, 0, 0],
	[0, 0, 0, 0, 0],
	[0, 0, 0, 0, 0],
	[0, 0, 0, 0, 0],
	[0, 0, 0, 0, 0],
	[0, 0, 0, 0, 0],
	[0, 0, 0, 0, 0],
	[0, 0, 0, 0, 0],
	[0, 0, 0, 0, 0],
	[0, 0, 0, 0, 0],
	[0, 0, 0, 0, 0],
	[0, 0, 0, 0, 0],
	[0, 0, 0, 0, 0],
	[0, 0, 0, 0, 0],
	[0, 0, 0, 0, 0] ]
undercost [
	[0, 0, 0, 0, 0],
	[0, 0, 0, 0, 0],
	[0, 0, 0, 0, 0],
	[0, 0, 0, 0, 0],
	[0, 0, 0, 0, 0],
	[0, 0, 0, 0, 0],
	[0, 0, 0, 0, 0],
	[0, 0, 0, 0, 0],
	[0, 0, 0, 0, 0],
	[0, 0, 0, 0, 0],
	[0, 0, 0, 0, 0],
	[0, 0, 0, 0, 0],
	[0, 0, 0, 0, 0],
	[0, 0, 0, 0, 0],
	[0, 0, 0, 0, 0],
	[0, 0, 0, 0, 0],
	[0, 0, 0, 0, 0],
	[0, 0, 0, 0, 0],
	[0, 0, 0, 0, 0],
	[0, 0, 0, 0, 0],
	[0, 0, 0, 0, 0],
	[0, 0, 0, 0, 0],
	[0, 0, 0, 0, 0],
	[0, 0, 0, 0, 0],
	[0, 0, 0, 0, 0],
	[0, 0, 0, 0, 0],
	[0, 0, 0, 0, 0],
	[0, 0, 0, 0, 0],
	[0, 0, 0, 0, 0],
	[0, 0, 0, 0, 0],
	[0, 0, 0, 0, 0],
	[0, 0, 0, 0, 0],
	[0, 0, 0, 0, 0],
	[0, 0, 0, 0, 0],
	[0, 0, 0, 0, 0],
	[0, 0, 0, 0, 0],
	[0, 0, 1.000000e+06, 0, 1.000000e+06],
	[0, 0, 1.000000e+06, 0, 1.000000e+06],
	[0, 0, 1.000000e+06, 0, 1.000000e+06],
	[0, 0, 1.000000e+06, 0, 1.000000e+06],
	[1.965026e+00, 1.000000e+06, 1.000000e+06, 0, 1.000000e+06],
	[1.965026e+00, 1.000000e+06, 1.000000e+06, 0, 1.000000e+06],
	[1.965026e+00, 1.000000e+06, 1.000000e+06, 0, 1.000000e+06],
	[1.965026e+00, 1.000000e+06, 1.000000e+06, 0, 1.000000e+06],
	[1.348015e+00, 1.000000e+06, 1.000000e+06, 1.126770e+00, 1.000000e+06],
	[1.348015e+00, 1.000000e+06, 1.000000e+06, 1.126770e+00, 1.000000e+06],
	[1.348015e+00, 1.000000e+06, 1.000000e+06, 1.126770e+00, 1.000000e+06],
	[1.348015e+00, 1.000000e+06, 1.000000e+06, 1.126770e+00, 1.000000e+06],
	[8.470006e-01, 1.000000e+06, 1.000000e+06, 8.524731e-01, 1.000000e+06],
	[8.470006e-01, 1.000000e+06, 1.000000e+06, 8.524731e-01, 1.000000e+06],
	[8.470006e-01, 1.000000e+06, 1.000000e+06, 8.524731e-01, 1.000000e+06],
	[8.470006e-01, 1.000000e+06, 1.000000e+06, 8.524731e-01, 1.000000e+06],
	[1.207768e+00, 1.000000e+06, 1.000000e+06, 1.360961e+00, 1.000000e+06],
	[1.207768e+00, 1.000000e+06, 1.000000e+06, 1.360961e+00, 1.000000e+06],
	[1.207768e+00, 1.000000e+06, 1.000000e+06, 1.360961e+00, 1.000000e+06],
	[1.207768e+00, 1.000000e+06, 1.000000e+06, 1.360961e+00, 1.000000e+06],
	[8.150519e-01, 1.000000e+06, 1.000000e+06, 8.992279e-01, 1.000000e+06],
	[8.150519e-01, 1.000000e+06, 1.000000e+06, 8.992279e-01, 1.000000e+06],
	[8.150519e-01, 1.000000e+06, 1.000000e+06, 8.992279e-01, 1.000000e+06],
	[8.150519e-01, 1.000000e+06, 1.000000e+06, 8.992279e-01, 1.000000e+06],
	[7.875975e-01, 1.000000e+06, 1.000000e+06, 1.334648e+00, 1.000000e+06],
	[7.875975e-01, 1.000000e+06, 1.000000e+06, 1.334648e+00, 1.000000e+06],
	[7.875975e-01, 1.000000e+06, 1.000000e+06, 1.334648e+00, 1.000000e+06],
	[7.875975e-01, 1.000000e+06, 1.000000e+06, 1.334648e+00, 1.000000e+06],
	[9.040518e-01, 1.000000e+06, 1.000000e+06, 1.175288e+00, 1.000000e+06],
	[9.040518e-01, 1.000000e+06, 1.000000e+06, 1.175288e+00, 1.000000e+06],
	[9.040518e-01, 1.000000e+06, 1.000000e+06, 1.175288e+00, 1.000000e+06],
	[9.040518e-01, 1.000000e+06, 1.000000e+06, 1.175288e+00, 1.000000e+06],
	[7.898098e-01, 1.000000e+06, 1.000000e+06, 0, 1.000000e+06],
	[7.898098e-01, 1.000000e+06, 1.000000e+06, 0, 1.000000e+06],
	[7.898098e-01, 1.000000e+06, 1.000000e+06, 0, 1.000000e+06],
	[7.898098e-01, 1.000000e+06, 1.000000e+06, 0, 1.000000e+06],
	[0, 1.000000e+06, 1.000000e+06, 0, 1.000000e+06],
	[0, 1.000000e+06, 1.000000e+06, 0, 1.000000e+06],
	[0, 1.000000e+06, 1.000000e+06, 0, 1.000000e+06],
	[0, 1.000000e+06, 1.000000e+06, 0, 1.000000e+06],
	[0, 1.000000e+06, 1.000000e+06, 0, 0],
	[0, 1.000000e+06, 1.000000e+06, 0, 0],
	[0, 1.000000e+06, 1.000000e+06, 0, 0],
	[0, 1.000000e+06, 1.000000e+06, 0, 0],
	[0, 0, 0, 0, 0],
	[0, 0, 0, 0, 0],
	[0, 0, 0, 0, 0],
	[0, 0, 0, 0, 0],
	[0, 0, 0, 0, 0],
	[0, 0, 0, 0, 0],
	[0, 0, 0, 0, 0],
	[0, 0, 0, 0, 0],
	[0, 0, 0, 0, 0],
	[0, 0, 0, 0, 0],
	[0, 0, 0, 0, 0],
	[0, 0, 0, 0, 0],
	[0, 0, 0, 0, 0],
	[0, 0, 0, 0, 0],
	[0, 0, 0, 0, 0],
	[0, 0, 0, 0, 0] ]
