114 194 501 822 2568 3389 4211
SHOE
ACT	7
SHIFT	96
demand [
	[0, 0, 0, 0, 0, 0, 0],
	[0, 0, 0, 0, 0, 0, 0],
	[0, 0, 0, 0, 0, 0, 0],
	[0, 0, 0, 0, 0, 0, 0],
	[0, 0, 0, 0, 0, 0, 0],
	[0, 0, 0, 0, 0, 0, 0],
	[0, 0, 0, 0, 0, 0, 0],
	[0, 0, 0, 0, 0, 0, 0],
	[0, 0, 0, 0, 0, 0, 0],
	[0, 0, 0, 0, 0, 0, 0],
	[0, 0, 0, 0, 0, 0, 0],
	[0, 0, 0, 0, 0, 0, 0],
	[0, 0, 0, 0, 0, 0, 0],
	[0, 0, 0, 0, 0, 0, 0],
	[0, 0, 0, 0, 0, 0, 0],
	[0, 0, 0, 0, 0, 0, 0],
	[0, 0, 0, 0, 0, 0, 0],
	[0, 0, 0, 0, 0, 0, 0],
	[0, 0, 0, 0, 0, 0, 0],
	[0, 0, 0, 0, 0, 0, 0],
	[0, 0, 0, 0, 0, 0, 0],
	[0, 0, 0, 0, 0, 0, 0],
	[0, 0, 0, 0, 0, 0, 0],
	[0, 0, 0, 0, 0, 0, 0],
	[0, 0, 0, 0, 0, 0, 0],
	[0, 0, 0, 0, 0, 0, 0],
	[0, 0, 0, 0, 0, 0, 0],
	[0, 0, 0, 0, 0, 0, 0],
	[0, 0, 0, 0, 0, 0, 0],
	[0, 0, 0, 0, 0, 0, 0],
	[0, 0, 0, 0, 0, 0, 0],
	[0, 0, 0, 0, 0, 0, 0],
	[0, 0, 0, 0, 0, 1.00, 1.00],
	[0, 0, 0, 0, 0, 1.00, 1.00],
	[0, 0, 0, 0, 0, 1.00, 1.00],
	[0, 0, 0, 0, 0, 1.00, 1.00],
	[0, 1.00, 1.00, 1.00, 0, 1.00, 0],
	[0, 1.00, 1.00, 1.00, 0, 1.00, 0],
	[0, 1.00, 1.00, 1.00, 0, 1.00, 0],
	[0, 1.00, 1.00, 1.00, 0, 1.00, 0],
	[1.00, 1.00, 1.00, 0, 1.00, 1.50, 1.00],
	[1.00, 1.00, 1.00, 0, 1.00, 1.50, 1.00],
	[1.00, 1.00, 1.00, 0, 1.00, 1.50, 1.00],
	[1.00, 1.00, 1.00, 0, 1.00, 1.50, 1.00],
	[1.00, 1.50, 1.75, 1.00, 1.00, 3.50, 1.00],
	[1.00, 1.50, 1.75, 1.00, 1.00, 3.50, 1.00],
	[1.00, 1.50, 1.75, 1.00, 1.00, 3.50, 1.00],
	[1.00, 1.50, 1.75, 1.00, 1.00, 3.50, 1.00],
	[1.00, 1.50, 2.00, 1.00, 1.00, 4.50, 1.00],
	[1.00, 1.50, 2.00, 1.00, 1.00, 4.50, 1.00],
	[1.00, 1.50, 2.00, 1.00, 1.00, 4.50, 1.00],
	[1.00, 1.50, 2.00, 1.00, 1.00, 4.50, 1.00],
	[1.00, 1.75, 2.25, 1.00, 1.00, 5.00, 1.00],
	[1.00, 1.75, 2.25, 1.00, 1.00, 5.00, 1.00],
	[1.00, 1.75, 2.25, 1.00, 1.00, 5.00, 1.00],
	[1.00, 1.75, 2.25, 1.00, 1.00, 5.00, 1.00],
	[1.00, 1.75, 2.25, 1.00, 1.00, 5.00, 1.00],
	[1.00, 1.75, 2.25, 1.00, 1.00, 5.00, 1.00],
	[1.00, 1.75, 2.25, 1.00, 1.00, 5.00, 1.00],
	[1.00, 1.75, 2.25, 1.00, 1.00, 5.00, 1.00],
	[1.00, 1.75, 2.25, 1.00, 1.00, 4.75, 1.00],
	[1.00, 1.75, 2.25, 1.00, 1.00, 4.75, 1.00],
	[1.00, 1.75, 2.25, 1.00, 1.00, 4.75, 1.00],
	[1.00, 1.75, 2.25, 1.00, 1.00, 4.75, 1.00],
	[1.00, 1.50, 1.75, 1.00, 1.00, 3.50, 1.00],
	[1.00, 1.50, 1.75, 1.00, 1.00, 3.50, 1.00],
	[1.00, 1.50, 1.75, 1.00, 1.00, 3.50, 1.00],
	[1.00, 1.50, 1.75, 1.00, 1.00, 3.50, 1.00],
	[1.00, 1.50, 0, 1.00, 1.00, 4.00, 0],
	[1.00, 1.50, 0, 1.00, 1.00, 4.00, 0],
	[1.00, 1.50, 0, 1.00, 1.00, 4.00, 0],
	[1.00, 1.50, 0, 1.00, 1.00, 4.00, 0],
	[1.00, 1.75, 0, 1.00, 1.00, 5.00, 0],
	[1.00, 1.75, 0, 1.00, 1.00, 5.00, 0],
	[1.00, 1.75, 0, 1.00, 1.00, 5.00, 0],
	[1.00, 1.75, 0, 1.00, 1.00, 5.00, 0],
	[1.00, 1.75, 0, 1.00, 1.00, 4.25, 0],
	[1.00, 1.75, 0, 1.00, 1.00, 4.25, 0],
	[1.00, 1.75, 0, 1.00, 1.00, 4.25, 0],
	[1.00, 1.75, 0, 1.00, 1.00, 4.25, 0],
	[0, 1.00, 0, 0, 0, 0, 0],
	[0, 1.00, 0, 0, 0, 0, 0],
	[0, 1.00, 0, 0, 0, 0, 0],
	[0, 1.00, 0, 0, 0, 0, 0],
	[0, 0, 0, 0, 0, 0, 0],
	[0, 0, 0, 0, 0, 0, 0],
	[0, 0, 0, 0, 0, 0, 0],
	[0, 0, 0, 0, 0, 0, 0],
	[0, 0, 0, 0, 0, 0, 0],
	[0, 0, 0, 0, 0, 0, 0],
	[0, 0, 0, 0, 0, 0, 0],
	[0, 0, 0, 0, 0, 0, 0],
	[0, 0, 0, 0, 0, 0, 0],
	[0, 0, 0, 0, 0, 0, 0],
	[0, 0, 0, 0, 0, 0, 0],
	[0, 0, 0, 0, 0, 0, 0] ]
overcost [
	[0, 0, 0, 0, 0, 0, 0],
	[0, 0, 0, 0, 0, 0, 0],
	[0, 0, 0, 0, 0, 0, 0],
	[0, 0, 0, 0, 0, 0, 0],
	[0, 0, 0, 0, 0, 0, 0],
	[0, 0, 0, 0, 0, 0, 0],
	[0, 0, 0, 0, 0, 0, 0],
	[0, 0, 0, 0, 0, 0, 0],
	[0, 0, 0, 0, 0, 0, 0],
	[0, 0, 0, 0, 0, 0, 0],
	[0, 0, 0, 0, 0, 0, 0],
	[0, 0, 0, 0, 0, 0, 0],
	[0, 0, 0, 0, 0, 0, 0],
	[0, 0, 0, 0, 0, 0, 0],
	[0, 0, 0, 0, 0, 0, 0],
	[0, 0, 0, 0, 0, 0, 0],
	[0, 0, 0, 0, 0, 0, 0],
	[0, 0, 0, 0, 0, 0, 0],
	[0, 0, 0, 0, 0, 0, 0],
	[0, 0, 0, 0, 0, 0, 0],
	[0, 0, 0, 0, 0, 0, 0],
	[0, 0, 0, 0, 0, 0, 0],
	[0, 0, 0, 0, 0, 0, 0],
	[0, 0, 0, 0, 0, 0, 0],
	[0, 0, 0, 0, 0, 0, 0],
	[0, 0, 0, 0, 0, 0, 0],
	[0, 0, 0, 0, 0, 0, 0],
	[0, 0, 0, 0, 0, 0, 0],
	[0, 0, 0, 0, 0, 0, 0],
	[0, 0, 0, 0, 0, 0, 0],
	[0, 0, 0, 0, 0, 0, 0],
	[0, 0, 0, 0, 0, 0, 0],
	[0, 0, 0, 0, 0, 8.109363e+00, 9.134938e+00],
	[0, 0, 0, 0, 0, 8.109363e+00, 9.134938e+00],
	[0, 0, 0, 0, 0, 8.109363e+00, 9.134938e+00],
	[0, 0, 0, 0, 0, 8.109363e+00, 9.134938e+00],
	[0, 4.379197e+00, 5.213303e+00, 8.906300e+00, 0, 5.127512e+00, 0],
	[0, 4.379197e+00, 5.213303e+00, 8.906300e+00, 0, 5.127512e+00, 0],
	[0, 4.379197e+00, 5.213303e+00, 8.906300e+00, 0, 5.127512e+00, 0],
	[0, 4.379197e+00, 5.213303e+00, 8.906300e+00, 0, 5.127512e+00, 0],
	[6.197492e+00, 2.800217e+00, 2.586230e+00, 0, 6.296424e+00, 1.496645e+00, 6.212524e+00],
	[6.197492e+00, 2.800217e+00, 2.586230e+00, 0, 6.296424e+00, 1.496645e+00, 6.212524e+00],
	[6.197492e+00, 2.800217e+00, 2.586230e+00, 0, 6.296424e+00, 1.496645e+00, 6.212524e+00],
	[6.197492e+00, 2.800217e+00, 2.586230e+00, 0, 6.296424e+00, 1.496645e+00, 6.212524e+00],
	[4.381336e+00, 2.248869e+00, 1.672149e+00, 4.051257e+00, 3.597454e+00, 6.469936e-01, 4.494301e+00],
	[4.381336e+00, 2.248869e+00, 1.672149e+00, 4.051257e+00, 3.597454e+00, 6.469936e-01, 4.494301e+00],
	[4.381336e+00, 2.248869e+00, 1.672149e+00, 4.051257e+00, 3.597454e+00, 6.469936e-01, 4.494301e+00],
	[4.381336e+00, 2.248869e+00, 1.672149e+00, 4.051257e+00, 3.597454e+00, 6.469936e-01, 4.494301e+00],
	[3.705682e+00, 1.594650e+00, 1.307057e+00, 2.887712e+00, 2.512233e+00, 5.177250e-01, 4.126002e+00],
	[3.705682e+00, 1.594650e+00, 1.307057e+00, 2.887712e+00, 2.512233e+00, 5.177250e-01, 4.126002e+00],
	[3.705682e+00, 1.594650e+00, 1.307057e+00, 2.887712e+00, 2.512233e+00, 5.177250e-01, 4.126002e+00],
	[3.705682e+00, 1.594650e+00, 1.307057e+00, 2.887712e+00, 2.512233e+00, 5.177250e-01, 4.126002e+00],
	[3.425615e+00, 2.054337e+00, 1.519563e+00, 2.488866e+00, 2.097011e+00, 5.949818e-01, 3.873207e+00],
	[3.425615e+00, 2.054337e+00, 1.519563e+00, 2.488866e+00, 2.097011e+00, 5.949818e-01, 3.873207e+00],
	[3.425615e+00, 2.054337e+00, 1.519563e+00, 2.488866e+00, 2.097011e+00, 5.949818e-01, 3.873207e+00],
	[3.425615e+00, 2.054337e+00, 1.519563e+00, 2.488866e+00, 2.097011e+00, 5.949818e-01, 3.873207e+00],
	[3.367085e+00, 1.929718e+00, 1.408034e+00, 2.419944e+00, 2.006707e+00, 5.118317e-01, 3.850610e+00],
	[3.367085e+00, 1.929718e+00, 1.408034e+00, 2.419944e+00, 2.006707e+00, 5.118317e-01, 3.850610e+00],
	[3.367085e+00, 1.929718e+00, 1.408034e+00, 2.419944e+00, 2.006707e+00, 5.118317e-01, 3.850610e+00],
	[3.367085e+00, 1.929718e+00, 1.408034e+00, 2.419944e+00, 2.006707e+00, 5.118317e-01, 3.850610e+00],
	[3.552492e+00, 1.957938e+00, 1.637716e+00, 2.826375e+00, 2.331074e+00, 6.529376e-01, 3.899745e+00],
	[3.552492e+00, 1.957938e+00, 1.637716e+00, 2.826375e+00, 2.331074e+00, 6.529376e-01, 3.899745e+00],
	[3.552492e+00, 1.957938e+00, 1.637716e+00, 2.826375e+00, 2.331074e+00, 6.529376e-01, 3.899745e+00],
	[3.552492e+00, 1.957938e+00, 1.637716e+00, 2.826375e+00, 2.331074e+00, 6.529376e-01, 3.899745e+00],
	[4.421434e+00, 2.088132e+00, 1.662089e+00, 4.201169e+00, 3.668693e+00, 8.075395e-01, 4.556073e+00],
	[4.421434e+00, 2.088132e+00, 1.662089e+00, 4.201169e+00, 3.668693e+00, 8.075395e-01, 4.556073e+00],
	[4.421434e+00, 2.088132e+00, 1.662089e+00, 4.201169e+00, 3.668693e+00, 8.075395e-01, 4.556073e+00],
	[4.421434e+00, 2.088132e+00, 1.662089e+00, 4.201169e+00, 3.668693e+00, 8.075395e-01, 4.556073e+00],
	[4.042788e+00, 1.651310e+00, 0, 3.652499e+00, 3.115002e+00, 7.333392e-01, 0],
	[4.042788e+00, 1.651310e+00, 0, 3.652499e+00, 3.115002e+00, 7.333392e-01, 0],
	[4.042788e+00, 1.651310e+00, 0, 3.652499e+00, 3.115002e+00, 7.333392e-01, 0],
	[4.042788e+00, 1.651310e+00, 0, 3.652499e+00, 3.115002e+00, 7.333392e-01, 0],
	[3.255068e+00, 1.586097e+00, 0, 2.502119e+00, 1.949951e+00, 4.939825e-01, 0],
	[3.255068e+00, 1.586097e+00, 0, 2.502119e+00, 1.949951e+00, 4.939825e-01, 0],
	[3.255068e+00, 1.586097e+00, 0, 2.502119e+00, 1.949951e+00, 4.939825e-01, 0],
	[3.255068e+00, 1.586097e+00, 0, 2.502119e+00, 1.949951e+00, 4.939825e-01, 0],
	[3.678957e+00, 1.702416e+00, 0, 3.518525e+00, 2.748469e+00, 6.593962e-01, 0],
	[3.678957e+00, 1.702416e+00, 0, 3.518525e+00, 2.748469e+00, 6.593962e-01, 0],
	[3.678957e+00, 1.702416e+00, 0, 3.518525e+00, 2.748469e+00, 6.593962e-01, 0],
	[3.678957e+00, 1.702416e+00, 0, 3.518525e+00, 2.748469e+00, 6.593962e-01, 0],
	[0, 3.100697e+00, 0, 0, 0, 0, 0],
	[0, 3.100697e+00, 0, 0, 0, 0, 0],
	[0, 3.100697e+00, 0, 0, 0, 0, 0],
	[0, 3.100697e+00, 0, 0, 0, 0, 0],
	[0, 0, 0, 0, 0, 0, 0],
	[0, 0, 0, 0, 0, 0, 0],
	[0, 0, 0, 0, 0, 0, 0],
	[0, 0, 0, 0, 0, 0, 0],
	[0, 0, 0, 0, 0, 0, 0],
	[0, 0, 0, 0, 0, 0, 0],
	[0, 0, 0, 0, 0, 0, 0],
	[0, 0, 0, 0, 0, 0, 0],
	[0, 0, 0, 0, 0, 0, 0],
	[0, 0, 0, 0, 0, 0, 0],
	[0, 0, 0, 0, 0, 0, 0],
	[0, 0, 0, 0, 0, 0, 0] ]
undercost [
	[0, 0, 0, 0, 0, 0, 0],
	[0, 0, 0, 0, 0, 0, 0],
	[0, 0, 0, 0, 0, 0, 0],
	[0, 0, 0, 0, 0, 0, 0],
	[0, 0, 0, 0, 0, 0, 0],
	[0, 0, 0, 0, 0, 0, 0],
	[0, 0, 0, 0, 0, 0, 0],
	[0, 0, 0, 0, 0, 0, 0],
	[0, 0, 0, 0, 0, 0, 0],
	[0, 0, 0, 0, 0, 0, 0],
	[0, 0, 0, 0, 0, 0, 0],
	[0, 0, 0, 0, 0, 0, 0],
	[0, 0, 0, 0, 0, 0, 0],
	[0, 0, 0, 0, 0, 0, 0],
	[0, 0, 0, 0, 0, 0, 0],
	[0, 0, 0, 0, 0, 0, 0],
	[0, 0, 0, 0, 0, 0, 0],
	[0, 0, 0, 0, 0, 0, 0],
	[0, 0, 0, 0, 0, 0, 0],
	[0, 0, 0, 0, 0, 0, 0],
	[0, 0, 0, 0, 0, 0, 0],
	[0, 0, 0, 0, 0, 0, 0],
	[0, 0, 0, 0, 0, 0, 0],
	[0, 0, 0, 0, 0, 0, 0],
	[0, 0, 0, 0, 0, 0, 0],
	[0, 0, 0, 0, 0, 0, 0],
	[0, 0, 0, 0, 0, 0, 0],
	[0, 0, 0, 0, 0, 0, 0],
	[0, 0, 0, 0, 0, 0, 0],
	[0, 0, 0, 0, 0, 0, 0],
	[0, 0, 0, 0, 0, 0, 0],
	[0, 0, 0, 0, 0, 0, 0],
	[0, 0, 0, 0, 0, 1.000000e+06, 1.000000e+06],
	[0, 0, 0, 0, 0, 1.000000e+06, 1.000000e+06],
	[0, 0, 0, 0, 0, 1.000000e+06, 1.000000e+06],
	[0, 0, 0, 0, 0, 1.000000e+06, 1.000000e+06],
	[0, 1.000000e+06, 1.000000e+06, 1.000000e+06, 0, 1.000000e+06, 0],
	[0, 1.000000e+06, 1.000000e+06, 1.000000e+06, 0, 1.000000e+06, 0],
	[0, 1.000000e+06, 1.000000e+06, 1.000000e+06, 0, 1.000000e+06, 0],
	[0, 1.000000e+06, 1.000000e+06, 1.000000e+06, 0, 1.000000e+06, 0],
	[1.000000e+06, 1.000000e+06, 1.000000e+06, 0, 1.000000e+06, 1.000000e+06, 1.000000e+06],
	[1.000000e+06, 1.000000e+06, 1.000000e+06, 0, 1.000000e+06, 1.000000e+06, 1.000000e+06],
	[1.000000e+06, 1.000000e+06, 1.000000e+06, 0, 1.000000e+06, 1.000000e+06, 1.000000e+06],
	[1.000000e+06, 1.000000e+06, 1.000000e+06, 0, 1.000000e+06, 1.000000e+06, 1.000000e+06],
	[1.000000e+06, 1.000000e+06, 1.000000e+06, 1.000000e+06, 1.000000e+06, 1.172570e+00, 1.000000e+06],
	[1.000000e+06, 1.000000e+06, 1.000000e+06, 1.000000e+06, 1.000000e+06, 1.172570e+00, 1.000000e+06],
	[1.000000e+06, 1.000000e+06, 1.000000e+06, 1.000000e+06, 1.000000e+06, 1.172570e+00, 1.000000e+06],
	[1.000000e+06, 1.000000e+06, 1.000000e+06, 1.000000e+06, 1.000000e+06, 1.172570e+00, 1.000000e+06],
	[1.000000e+06, 1.000000e+06, 3.041205e+00, 1.000000e+06, 1.000000e+06, 8.754269e-01, 1.000000e+06],
	[1.000000e+06, 1.000000e+06, 3.041205e+00, 1.000000e+06, 1.000000e+06, 8.754269e-01, 1.000000e+06],
	[1.000000e+06, 1.000000e+06, 3.041205e+00, 1.000000e+06, 1.000000e+06, 8.754269e-01, 1.000000e+06],
	[1.000000e+06, 1.000000e+06, 3.041205e+00, 1.000000e+06, 1.000000e+06, 8.754269e-01, 1.000000e+06],
	[1.000000e+06, 1.000000e+06, 2.134728e+00, 1.000000e+06, 1.000000e+06, 6.354955e-01, 1.000000e+06],
	[1.000000e+06, 1.000000e+06, 2.134728e+00, 1.000000e+06, 1.000000e+06, 6.354955e-01, 1.000000e+06],
	[1.000000e+06, 1.000000e+06, 2.134728e+00, 1.000000e+06, 1.000000e+06, 6.354955e-01, 1.000000e+06],
	[1.000000e+06, 1.000000e+06, 2.134728e+00, 1.000000e+06, 1.000000e+06, 6.354955e-01, 1.000000e+06],
	[1.000000e+06, 1.000000e+06, 2.286368e+00, 1.000000e+06, 1.000000e+06, 7.306490e-01, 1.000000e+06],
	[1.000000e+06, 1.000000e+06, 2.286368e+00, 1.000000e+06, 1.000000e+06, 7.306490e-01, 1.000000e+06],
	[1.000000e+06, 1.000000e+06, 2.286368e+00, 1.000000e+06, 1.000000e+06, 7.306490e-01, 1.000000e+06],
	[1.000000e+06, 1.000000e+06, 2.286368e+00, 1.000000e+06, 1.000000e+06, 7.306490e-01, 1.000000e+06],
	[1.000000e+06, 1.000000e+06, 1.981055e+00, 1.000000e+06, 1.000000e+06, 6.402433e-01, 1.000000e+06],
	[1.000000e+06, 1.000000e+06, 1.981055e+00, 1.000000e+06, 1.000000e+06, 6.402433e-01, 1.000000e+06],
	[1.000000e+06, 1.000000e+06, 1.981055e+00, 1.000000e+06, 1.000000e+06, 6.402433e-01, 1.000000e+06],
	[1.000000e+06, 1.000000e+06, 1.981055e+00, 1.000000e+06, 1.000000e+06, 6.402433e-01, 1.000000e+06],
	[1.000000e+06, 1.000000e+06, 1.000000e+06, 1.000000e+06, 1.000000e+06, 9.781233e-01, 1.000000e+06],
	[1.000000e+06, 1.000000e+06, 1.000000e+06, 1.000000e+06, 1.000000e+06, 9.781233e-01, 1.000000e+06],
	[1.000000e+06, 1.000000e+06, 1.000000e+06, 1.000000e+06, 1.000000e+06, 9.781233e-01, 1.000000e+06],
	[1.000000e+06, 1.000000e+06, 1.000000e+06, 1.000000e+06, 1.000000e+06, 9.781233e-01, 1.000000e+06],
	[1.000000e+06, 1.000000e+06, 0, 1.000000e+06, 1.000000e+06, 8.161225e-01, 0],
	[1.000000e+06, 1.000000e+06, 0, 1.000000e+06, 1.000000e+06, 8.161225e-01, 0],
	[1.000000e+06, 1.000000e+06, 0, 1.000000e+06, 1.000000e+06, 8.161225e-01, 0],
	[1.000000e+06, 1.000000e+06, 0, 1.000000e+06, 1.000000e+06, 8.161225e-01, 0],
	[1.000000e+06, 1.000000e+06, 0, 1.000000e+06, 1.000000e+06, 7.522059e-01, 0],
	[1.000000e+06, 1.000000e+06, 0, 1.000000e+06, 1.000000e+06, 7.522059e-01, 0],
	[1.000000e+06, 1.000000e+06, 0, 1.000000e+06, 1.000000e+06, 7.522059e-01, 0],
	[1.000000e+06, 1.000000e+06, 0, 1.000000e+06, 1.000000e+06, 7.522059e-01, 0],
	[1.000000e+06, 1.000000e+06, 0, 1.000000e+06, 1.000000e+06, 8.033084e-01, 0],
	[1.000000e+06, 1.000000e+06, 0, 1.000000e+06, 1.000000e+06, 8.033084e-01, 0],
	[1.000000e+06, 1.000000e+06, 0, 1.000000e+06, 1.000000e+06, 8.033084e-01, 0],
	[1.000000e+06, 1.000000e+06, 0, 1.000000e+06, 1.000000e+06, 8.033084e-01, 0],
	[0, 1.000000e+06, 0, 0, 0, 0, 0],
	[0, 1.000000e+06, 0, 0, 0, 0, 0],
	[0, 1.000000e+06, 0, 0, 0, 0, 0],
	[0, 1.000000e+06, 0, 0, 0, 0, 0],
	[0, 0, 0, 0, 0, 0, 0],
	[0, 0, 0, 0, 0, 0, 0],
	[0, 0, 0, 0, 0, 0, 0],
	[0, 0, 0, 0, 0, 0, 0],
	[0, 0, 0, 0, 0, 0, 0],
	[0, 0, 0, 0, 0, 0, 0],
	[0, 0, 0, 0, 0, 0, 0],
	[0, 0, 0, 0, 0, 0, 0],
	[0, 0, 0, 0, 0, 0, 0],
	[0, 0, 0, 0, 0, 0, 0],
	[0, 0, 0, 0, 0, 0, 0],
	[0, 0, 0, 0, 0, 0, 0] ]
