4 1277 1793 3451 3523 3543 3608
SHOE
ACT	7
SHIFT	96
demand [
	[0, 0, 0, 0, 0, 0, 0],
	[0, 0, 0, 0, 0, 0, 0],
	[0, 0, 0, 0, 0, 0, 0],
	[0, 0, 0, 0, 0, 0, 0],
	[0, 0, 0, 0, 0, 0, 0],
	[0, 0, 0, 0, 0, 0, 0],
	[0, 0, 0, 0, 0, 0, 0],
	[0, 0, 0, 0, 0, 0, 0],
	[0, 0, 0, 0, 0, 0, 0],
	[0, 0, 0, 0, 0, 0, 0],
	[0, 0, 0, 0, 0, 0, 0],
	[0, 0, 0, 0, 0, 0, 0],
	[0, 0, 0, 0, 0, 0, 0],
	[0, 0, 0, 0, 0, 0, 0],
	[0, 0, 0, 0, 0, 0, 0],
	[0, 0, 0, 0, 0, 0, 0],
	[0, 0, 0, 0, 0, 0, 0],
	[0, 0, 0, 0, 0, 0, 0],
	[0, 0, 0, 0, 0, 0, 0],
	[0, 0, 0, 0, 0, 0, 0],
	[0, 0, 0, 0, 0, 0, 0],
	[0, 0, 0, 0, 0, 0, 0],
	[0, 0, 0, 0, 0, 0, 0],
	[0, 0, 0, 0, 0, 0, 0],
	[0, 0, 0, 0, 0, 0, 0],
	[0, 0, 0, 0, 0, 0, 0],
	[0, 0, 0, 0, 0, 0, 0],
	[0, 0, 0, 0, 0, 0, 0],
	[0, 0, 0, 0, 0, 0, 0],
	[0, 0, 0, 0, 0, 0, 0],
	[0, 0, 0, 0, 0, 0, 0],
	[0, 0, 0, 0, 0, 0, 0],
	[0, 1.00, 0, 1.00, 0, 0, 0],
	[0, 1.00, 0, 1.00, 0, 0, 0],
	[0, 1.00, 0, 1.00, 0, 0, 0],
	[0, 1.00, 0, 1.00, 0, 0, 0],
	[1.00, 1.00, 0, 1.00, 0, 2.00, 1.00],
	[1.00, 1.00, 0, 1.00, 0, 2.00, 1.00],
	[1.00, 1.00, 0, 1.00, 0, 2.00, 1.00],
	[1.00, 1.00, 0, 1.00, 0, 2.00, 1.00],
	[1.00, 1.00, 0, 1.00, 2.75, 3.00, 1.00],
	[1.00, 1.00, 0, 1.00, 2.75, 3.00, 1.00],
	[1.00, 1.00, 0, 1.00, 2.75, 3.00, 1.00],
	[1.00, 1.00, 0, 1.00, 2.75, 3.00, 1.00],
	[1.00, 1.50, 0, 2.00, 4.25, 5.00, 1.00],
	[1.00, 1.50, 0, 2.00, 4.25, 5.00, 1.00],
	[1.00, 1.50, 0, 2.00, 4.25, 5.00, 1.00],
	[1.00, 1.50, 0, 2.00, 4.25, 5.00, 1.00],
	[1.00, 1.50, 0, 2.50, 5.00, 6.00, 1.25],
	[1.00, 1.50, 0, 2.50, 5.00, 6.00, 1.25],
	[1.00, 1.50, 0, 2.50, 5.00, 6.00, 1.25],
	[1.00, 1.50, 0, 2.50, 5.00, 6.00, 1.25],
	[1.00, 1.50, 1.25, 2.75, 5.25, 6.25, 1.50],
	[1.00, 1.50, 1.25, 2.75, 5.25, 6.25, 1.50],
	[1.00, 1.50, 1.25, 2.75, 5.25, 6.25, 1.50],
	[1.00, 1.50, 1.25, 2.75, 5.25, 6.25, 1.50],
	[1.00, 1.75, 0, 2.75, 5.50, 6.50, 1.50],
	[1.00, 1.75, 0, 2.75, 5.50, 6.50, 1.50],
	[1.00, 1.75, 0, 2.75, 5.50, 6.50, 1.50],
	[1.00, 1.75, 0, 2.75, 5.50, 6.50, 1.50],
	[1.00, 1.75, 1.25, 2.75, 5.25, 6.25, 1.25],
	[1.00, 1.75, 1.25, 2.75, 5.25, 6.25, 1.25],
	[1.00, 1.75, 1.25, 2.75, 5.25, 6.25, 1.25],
	[1.00, 1.75, 1.25, 2.75, 5.25, 6.25, 1.25],
	[1.00, 1.50, 1.00, 2.00, 0, 5.00, 1.00],
	[1.00, 1.50, 1.00, 2.00, 0, 5.00, 1.00],
	[1.00, 1.50, 1.00, 2.00, 0, 5.00, 1.00],
	[1.00, 1.50, 1.00, 2.00, 0, 5.00, 1.00],
	[1.00, 1.50, 1.00, 2.25, 0, 0, 1.00],
	[1.00, 1.50, 1.00, 2.25, 0, 0, 1.00],
	[1.00, 1.50, 1.00, 2.25, 0, 0, 1.00],
	[1.00, 1.50, 1.00, 2.25, 0, 0, 1.00],
	[0, 1.75, 1.25, 2.75, 0, 0, 1.50],
	[0, 1.75, 1.25, 2.75, 0, 0, 1.50],
	[0, 1.75, 1.25, 2.75, 0, 0, 1.50],
	[0, 1.75, 1.25, 2.75, 0, 0, 1.50],
	[0, 1.75, 1.00, 2.50, 0, 0, 1.00],
	[0, 1.75, 1.00, 2.50, 0, 0, 1.00],
	[0, 1.75, 1.00, 2.50, 0, 0, 1.00],
	[0, 1.75, 1.00, 2.50, 0, 0, 1.00],
	[0, 0, 0, 0, 0, 0, 0],
	[0, 0, 0, 0, 0, 0, 0],
	[0, 0, 0, 0, 0, 0, 0],
	[0, 0, 0, 0, 0, 0, 0],
	[0, 0, 0, 0, 0, 0, 0],
	[0, 0, 0, 0, 0, 0, 0],
	[0, 0, 0, 0, 0, 0, 0],
	[0, 0, 0, 0, 0, 0, 0],
	[0, 0, 0, 0, 0, 0, 0],
	[0, 0, 0, 0, 0, 0, 0],
	[0, 0, 0, 0, 0, 0, 0],
	[0, 0, 0, 0, 0, 0, 0],
	[0, 0, 0, 0, 0, 0, 0],
	[0, 0, 0, 0, 0, 0, 0],
	[0, 0, 0, 0, 0, 0, 0],
	[0, 0, 0, 0, 0, 0, 0] ]
overcost [
	[0, 0, 0, 0, 0, 0, 0],
	[0, 0, 0, 0, 0, 0, 0],
	[0, 0, 0, 0, 0, 0, 0],
	[0, 0, 0, 0, 0, 0, 0],
	[0, 0, 0, 0, 0, 0, 0],
	[0, 0, 0, 0, 0, 0, 0],
	[0, 0, 0, 0, 0, 0, 0],
	[0, 0, 0, 0, 0, 0, 0],
	[0, 0, 0, 0, 0, 0, 0],
	[0, 0, 0, 0, 0, 0, 0],
	[0, 0, 0, 0, 0, 0, 0],
	[0, 0, 0, 0, 0, 0, 0],
	[0, 0, 0, 0, 0, 0, 0],
	[0, 0, 0, 0, 0, 0, 0],
	[0, 0, 0, 0, 0, 0, 0],
	[0, 0, 0, 0, 0, 0, 0],
	[0, 0, 0, 0, 0, 0, 0],
	[0, 0, 0, 0, 0, 0, 0],
	[0, 0, 0, 0, 0, 0, 0],
	[0, 0, 0, 0, 0, 0, 0],
	[0, 0, 0, 0, 0, 0, 0],
	[0, 0, 0, 0, 0, 0, 0],
	[0, 0, 0, 0, 0, 0, 0],
	[0, 0, 0, 0, 0, 0, 0],
	[0, 0, 0, 0, 0, 0, 0],
	[0, 0, 0, 0, 0, 0, 0],
	[0, 0, 0, 0, 0, 0, 0],
	[0, 0, 0, 0, 0, 0, 0],
	[0, 0, 0, 0, 0, 0, 0],
	[0, 0, 0, 0, 0, 0, 0],
	[0, 0, 0, 0, 0, 0, 0],
	[0, 0, 0, 0, 0, 0, 0],
	[0, 6.433447e+00, 0, 1.039514e+01, 0, 0, 0],
	[0, 6.433447e+00, 0, 1.039514e+01, 0, 0, 0],
	[0, 6.433447e+00, 0, 1.039514e+01, 0, 0, 0],
	[0, 6.433447e+00, 0, 1.039514e+01, 0, 0, 0],
	[9.107058e+00, 3.698356e+00, 0, 6.714724e+00, 0, 1.707271e+00, 1.072113e+01],
	[9.107058e+00, 3.698356e+00, 0, 6.714724e+00, 0, 1.707271e+00, 1.072113e+01],
	[9.107058e+00, 3.698356e+00, 0, 6.714724e+00, 0, 1.707271e+00, 1.072113e+01],
	[9.107058e+00, 3.698356e+00, 0, 6.714724e+00, 0, 1.707271e+00, 1.072113e+01],
	[7.877108e+00, 2.381699e+00, 0, 2.790257e+00, 1.139680e+00, 1.001746e+00, 1.067083e+01],
	[7.877108e+00, 2.381699e+00, 0, 2.790257e+00, 1.139680e+00, 1.001746e+00, 1.067083e+01],
	[7.877108e+00, 2.381699e+00, 0, 2.790257e+00, 1.139680e+00, 1.001746e+00, 1.067083e+01],
	[7.877108e+00, 2.381699e+00, 0, 2.790257e+00, 1.139680e+00, 1.001746e+00, 1.067083e+01],
	[6.090712e+00, 2.012555e+00, 0, 1.314623e+00, 5.182566e-01, 5.449713e-01, 4.022808e+00],
	[6.090712e+00, 2.012555e+00, 0, 1.314623e+00, 5.182566e-01, 5.449713e-01, 4.022808e+00],
	[6.090712e+00, 2.012555e+00, 0, 1.314623e+00, 5.182566e-01, 5.449713e-01, 4.022808e+00],
	[6.090712e+00, 2.012555e+00, 0, 1.314623e+00, 5.182566e-01, 5.449713e-01, 4.022808e+00],
	[5.440785e+00, 1.610754e+00, 0, 1.075740e+00, 5.553505e-01, 6.291108e-01, 1.788498e+00],
	[5.440785e+00, 1.610754e+00, 0, 1.075740e+00, 5.553505e-01, 6.291108e-01, 1.788498e+00],
	[5.440785e+00, 1.610754e+00, 0, 1.075740e+00, 5.553505e-01, 6.291108e-01, 1.788498e+00],
	[5.440785e+00, 1.610754e+00, 0, 1.075740e+00, 5.553505e-01, 6.291108e-01, 1.788498e+00],
	[5.172939e+00, 1.321796e+00, 1.733689e+00, 1.096187e+00, 4.593151e-01, 4.593888e-01, 1.863577e+00],
	[5.172939e+00, 1.321796e+00, 1.733689e+00, 1.096187e+00, 4.593151e-01, 4.593888e-01, 1.863577e+00],
	[5.172939e+00, 1.321796e+00, 1.733689e+00, 1.096187e+00, 4.593151e-01, 4.593888e-01, 1.863577e+00],
	[5.172939e+00, 1.321796e+00, 1.733689e+00, 1.096187e+00, 4.593151e-01, 4.593888e-01, 1.863577e+00],
	[5.133746e+00, 1.931165e+00, 0, 9.977608e-01, 6.128893e-01, 5.854562e-01, 1.795955e+00],
	[5.133746e+00, 1.931165e+00, 0, 9.977608e-01, 6.128893e-01, 5.854562e-01, 1.795955e+00],
	[5.133746e+00, 1.931165e+00, 0, 9.977608e-01, 6.128893e-01, 5.854562e-01, 1.795955e+00],
	[5.133746e+00, 1.931165e+00, 0, 9.977608e-01, 6.128893e-01, 5.854562e-01, 1.795955e+00],
	[5.331540e+00, 1.884300e+00, 2.003293e+00, 1.402289e+00, 4.942301e-01, 5.447259e-01, 2.056316e+00],
	[5.331540e+00, 1.884300e+00, 2.003293e+00, 1.402289e+00, 4.942301e-01, 5.447259e-01, 2.056316e+00],
	[5.331540e+00, 1.884300e+00, 2.003293e+00, 1.402289e+00, 4.942301e-01, 5.447259e-01, 2.056316e+00],
	[5.331540e+00, 1.884300e+00, 2.003293e+00, 1.402289e+00, 4.942301e-01, 5.447259e-01, 2.056316e+00],
	[6.174464e+00, 1.874334e+00, 2.639601e+00, 1.452481e+00, 0, 4.881512e-01, 4.804001e+00],
	[6.174464e+00, 1.874334e+00, 2.639601e+00, 1.452481e+00, 0, 4.881512e-01, 4.804001e+00],
	[6.174464e+00, 1.874334e+00, 2.639601e+00, 1.452481e+00, 0, 4.881512e-01, 4.804001e+00],
	[6.174464e+00, 1.874334e+00, 2.639601e+00, 1.452481e+00, 0, 4.881512e-01, 4.804001e+00],
	[5.795664e+00, 1.497050e+00, 2.021158e+00, 1.288519e+00, 0, 0, 3.293830e+00],
	[5.795664e+00, 1.497050e+00, 2.021158e+00, 1.288519e+00, 0, 0, 3.293830e+00],
	[5.795664e+00, 1.497050e+00, 2.021158e+00, 1.288519e+00, 0, 0, 3.293830e+00],
	[5.795664e+00, 1.497050e+00, 2.021158e+00, 1.288519e+00, 0, 0, 3.293830e+00],
	[0, 1.486767e+00, 1.664780e+00, 8.990641e-01, 0, 0, 2.340182e+00],
	[0, 1.486767e+00, 1.664780e+00, 8.990641e-01, 0, 0, 2.340182e+00],
	[0, 1.486767e+00, 1.664780e+00, 8.990641e-01, 0, 0, 2.340182e+00],
	[0, 1.486767e+00, 1.664780e+00, 8.990641e-01, 0, 0, 2.340182e+00],
	[0, 1.321058e+00, 1.750772e+00, 1.324594e+00, 0, 0, 3.836088e+00],
	[0, 1.321058e+00, 1.750772e+00, 1.324594e+00, 0, 0, 3.836088e+00],
	[0, 1.321058e+00, 1.750772e+00, 1.324594e+00, 0, 0, 3.836088e+00],
	[0, 1.321058e+00, 1.750772e+00, 1.324594e+00, 0, 0, 3.836088e+00],
	[0, 0, 0, 0, 0, 0, 0],
	[0, 0, 0, 0, 0, 0, 0],
	[0, 0, 0, 0, 0, 0, 0],
	[0, 0, 0, 0, 0, 0, 0],
	[0, 0, 0, 0, 0, 0, 0],
	[0, 0, 0, 0, 0, 0, 0],
	[0, 0, 0, 0, 0, 0, 0],
	[0, 0, 0, 0, 0, 0, 0],
	[0, 0, 0, 0, 0, 0, 0],
	[0, 0, 0, 0, 0, 0, 0],
	[0, 0, 0, 0, 0, 0, 0],
	[0, 0, 0, 0, 0, 0, 0],
	[0, 0, 0, 0, 0, 0, 0],
	[0, 0, 0, 0, 0, 0, 0],
	[0, 0, 0, 0, 0, 0, 0],
	[0, 0, 0, 0, 0, 0, 0] ]
undercost [
	[0, 0, 0, 0, 0, 0, 0],
	[0, 0, 0, 0, 0, 0, 0],
	[0, 0, 0, 0, 0, 0, 0],
	[0, 0, 0, 0, 0, 0, 0],
	[0, 0, 0, 0, 0, 0, 0],
	[0, 0, 0, 0, 0, 0, 0],
	[0, 0, 0, 0, 0, 0, 0],
	[0, 0, 0, 0, 0, 0, 0],
	[0, 0, 0, 0, 0, 0, 0],
	[0, 0, 0, 0, 0, 0, 0],
	[0, 0, 0, 0, 0, 0, 0],
	[0, 0, 0, 0, 0, 0, 0],
	[0, 0, 0, 0, 0, 0, 0],
	[0, 0, 0, 0, 0, 0, 0],
	[0, 0, 0, 0, 0, 0, 0],
	[0, 0, 0, 0, 0, 0, 0],
	[0, 0, 0, 0, 0, 0, 0],
	[0, 0, 0, 0, 0, 0, 0],
	[0, 0, 0, 0, 0, 0, 0],
	[0, 0, 0, 0, 0, 0, 0],
	[0, 0, 0, 0, 0, 0, 0],
	[0, 0, 0, 0, 0, 0, 0],
	[0, 0, 0, 0, 0, 0, 0],
	[0, 0, 0, 0, 0, 0, 0],
	[0, 0, 0, 0, 0, 0, 0],
	[0, 0, 0, 0, 0, 0, 0],
	[0, 0, 0, 0, 0, 0, 0],
	[0, 0, 0, 0, 0, 0, 0],
	[0, 0, 0, 0, 0, 0, 0],
	[0, 0, 0, 0, 0, 0, 0],
	[0, 0, 0, 0, 0, 0, 0],
	[0, 0, 0, 0, 0, 0, 0],
	[0, 1.000000e+06, 0, 1.000000e+06, 0, 0, 0],
	[0, 1.000000e+06, 0, 1.000000e+06, 0, 0, 0],
	[0, 1.000000e+06, 0, 1.000000e+06, 0, 0, 0],
	[0, 1.000000e+06, 0, 1.000000e+06, 0, 0, 0],
	[1.000000e+06, 1.000000e+06, 0, 1.000000e+06, 0, 2.137605e+00, 1.000000e+06],
	[1.000000e+06, 1.000000e+06, 0, 1.000000e+06, 0, 2.137605e+00, 1.000000e+06],
	[1.000000e+06, 1.000000e+06, 0, 1.000000e+06, 0, 2.137605e+00, 1.000000e+06],
	[1.000000e+06, 1.000000e+06, 0, 1.000000e+06, 0, 2.137605e+00, 1.000000e+06],
	[1.000000e+06, 1.000000e+06, 0, 1.000000e+06, 1.389212e+00, 1.494813e+00, 1.000000e+06],
	[1.000000e+06, 1.000000e+06, 0, 1.000000e+06, 1.389212e+00, 1.494813e+00, 1.000000e+06],
	[1.000000e+06, 1.000000e+06, 0, 1.000000e+06, 1.389212e+00, 1.494813e+00, 1.000000e+06],
	[1.000000e+06, 1.000000e+06, 0, 1.000000e+06, 1.389212e+00, 1.494813e+00, 1.000000e+06],
	[1.000000e+06, 1.000000e+06, 0, 2.877673e+00, 1.122597e+00, 9.257343e-01, 1.000000e+06],
	[1.000000e+06, 1.000000e+06, 0, 2.877673e+00, 1.122597e+00, 9.257343e-01, 1.000000e+06],
	[1.000000e+06, 1.000000e+06, 0, 2.877673e+00, 1.122597e+00, 9.257343e-01, 1.000000e+06],
	[1.000000e+06, 1.000000e+06, 0, 2.877673e+00, 1.122597e+00, 9.257343e-01, 1.000000e+06],
	[1.000000e+06, 1.000000e+06, 0, 2.142130e+00, 8.113154e-01, 5.685652e-01, 1.000000e+06],
	[1.000000e+06, 1.000000e+06, 0, 2.142130e+00, 8.113154e-01, 5.685652e-01, 1.000000e+06],
	[1.000000e+06, 1.000000e+06, 0, 2.142130e+00, 8.113154e-01, 5.685652e-01, 1.000000e+06],
	[1.000000e+06, 1.000000e+06, 0, 2.142130e+00, 8.113154e-01, 5.685652e-01, 1.000000e+06],
	[1.000000e+06, 1.000000e+06, 1.000000e+06, 1.764275e+00, 8.500322e-01, 7.064308e-01, 1.000000e+06],
	[1.000000e+06, 1.000000e+06, 1.000000e+06, 1.764275e+00, 8.500322e-01, 7.064308e-01, 1.000000e+06],
	[1.000000e+06, 1.000000e+06, 1.000000e+06, 1.764275e+00, 8.500322e-01, 7.064308e-01, 1.000000e+06],
	[1.000000e+06, 1.000000e+06, 1.000000e+06, 1.764275e+00, 8.500322e-01, 7.064308e-01, 1.000000e+06],
	[1.000000e+06, 1.000000e+06, 0, 1.890489e+00, 6.125532e-01, 5.190845e-01, 1.000000e+06],
	[1.000000e+06, 1.000000e+06, 0, 1.890489e+00, 6.125532e-01, 5.190845e-01, 1.000000e+06],
	[1.000000e+06, 1.000000e+06, 0, 1.890489e+00, 6.125532e-01, 5.190845e-01, 1.000000e+06],
	[1.000000e+06, 1.000000e+06, 0, 1.890489e+00, 6.125532e-01, 5.190845e-01, 1.000000e+06],
	[1.000000e+06, 1.000000e+06, 1.000000e+06, 1.375941e+00, 8.111317e-01, 6.119864e-01, 1.000000e+06],
	[1.000000e+06, 1.000000e+06, 1.000000e+06, 1.375941e+00, 8.111317e-01, 6.119864e-01, 1.000000e+06],
	[1.000000e+06, 1.000000e+06, 1.000000e+06, 1.375941e+00, 8.111317e-01, 6.119864e-01, 1.000000e+06],
	[1.000000e+06, 1.000000e+06, 1.000000e+06, 1.375941e+00, 8.111317e-01, 6.119864e-01, 1.000000e+06],
	[1.000000e+06, 1.000000e+06, 1.000000e+06, 2.684320e+00, 0, 9.910486e-01, 1.000000e+06],
	[1.000000e+06, 1.000000e+06, 1.000000e+06, 2.684320e+00, 0, 9.910486e-01, 1.000000e+06],
	[1.000000e+06, 1.000000e+06, 1.000000e+06, 2.684320e+00, 0, 9.910486e-01, 1.000000e+06],
	[1.000000e+06, 1.000000e+06, 1.000000e+06, 2.684320e+00, 0, 9.910486e-01, 1.000000e+06],
	[1.000000e+06, 1.000000e+06, 1.000000e+06, 2.316214e+00, 0, 0, 1.000000e+06],
	[1.000000e+06, 1.000000e+06, 1.000000e+06, 2.316214e+00, 0, 0, 1.000000e+06],
	[1.000000e+06, 1.000000e+06, 1.000000e+06, 2.316214e+00, 0, 0, 1.000000e+06],
	[1.000000e+06, 1.000000e+06, 1.000000e+06, 2.316214e+00, 0, 0, 1.000000e+06],
	[0, 1.000000e+06, 1.000000e+06, 2.022829e+00, 0, 0, 1.000000e+06],
	[0, 1.000000e+06, 1.000000e+06, 2.022829e+00, 0, 0, 1.000000e+06],
	[0, 1.000000e+06, 1.000000e+06, 2.022829e+00, 0, 0, 1.000000e+06],
	[0, 1.000000e+06, 1.000000e+06, 2.022829e+00, 0, 0, 1.000000e+06],
	[0, 1.000000e+06, 1.000000e+06, 1.829945e+00, 0, 0, 1.000000e+06],
	[0, 1.000000e+06, 1.000000e+06, 1.829945e+00, 0, 0, 1.000000e+06],
	[0, 1.000000e+06, 1.000000e+06, 1.829945e+00, 0, 0, 1.000000e+06],
	[0, 1.000000e+06, 1.000000e+06, 1.829945e+00, 0, 0, 1.000000e+06],
	[0, 0, 0, 0, 0, 0, 0],
	[0, 0, 0, 0, 0, 0, 0],
	[0, 0, 0, 0, 0, 0, 0],
	[0, 0, 0, 0, 0, 0, 0],
	[0, 0, 0, 0, 0, 0, 0],
	[0, 0, 0, 0, 0, 0, 0],
	[0, 0, 0, 0, 0, 0, 0],
	[0, 0, 0, 0, 0, 0, 0],
	[0, 0, 0, 0, 0, 0, 0],
	[0, 0, 0, 0, 0, 0, 0],
	[0, 0, 0, 0, 0, 0, 0],
	[0, 0, 0, 0, 0, 0, 0],
	[0, 0, 0, 0, 0, 0, 0],
	[0, 0, 0, 0, 0, 0, 0],
	[0, 0, 0, 0, 0, 0, 0],
	[0, 0, 0, 0, 0, 0, 0] ]
