960
SHOE
ACT	1
SHIFT	96
demand [
	[0],
	[0],
	[0],
	[0],
	[0],
	[0],
	[0],
	[0],
	[0],
	[0],
	[0],
	[0],
	[0],
	[0],
	[0],
	[0],
	[0],
	[0],
	[0],
	[0],
	[0],
	[0],
	[0],
	[0],
	[0],
	[0],
	[0],
	[0],
	[0],
	[0],
	[0],
	[0],
	[3.00],
	[3.00],
	[3.00],
	[3.00],
	[4.25],
	[4.25],
	[4.25],
	[4.25],
	[5.00],
	[5.00],
	[5.00],
	[5.00],
	[6.00],
	[6.00],
	[6.00],
	[6.00],
	[6.25],
	[6.25],
	[6.25],
	[6.25],
	[6.50],
	[6.50],
	[6.50],
	[6.50],
	[6.50],
	[6.50],
	[6.50],
	[6.50],
	[6.75],
	[6.75],
	[6.75],
	[6.75],
	[6.50],
	[6.50],
	[6.50],
	[6.50],
	[0],
	[0],
	[0],
	[0],
	[0],
	[0],
	[0],
	[0],
	[0],
	[0],
	[0],
	[0],
	[0],
	[0],
	[0],
	[0],
	[0],
	[0],
	[0],
	[0],
	[0],
	[0],
	[0],
	[0],
	[0],
	[0],
	[0],
	[0] ]
overcost [
	[0],
	[0],
	[0],
	[0],
	[0],
	[0],
	[0],
	[0],
	[0],
	[0],
	[0],
	[0],
	[0],
	[0],
	[0],
	[0],
	[0],
	[0],
	[0],
	[0],
	[0],
	[0],
	[0],
	[0],
	[0],
	[0],
	[0],
	[0],
	[0],
	[0],
	[0],
	[0],
	[1.491848e+00],
	[1.491848e+00],
	[1.491848e+00],
	[1.491848e+00],
	[7.089831e-01],
	[7.089831e-01],
	[7.089831e-01],
	[7.089831e-01],
	[8.795211e-01],
	[8.795211e-01],
	[8.795211e-01],
	[8.795211e-01],
	[5.306695e-01],
	[5.306695e-01],
	[5.306695e-01],
	[5.306695e-01],
	[6.816549e-01],
	[6.816549e-01],
	[6.816549e-01],
	[6.816549e-01],
	[7.246194e-01],
	[7.246194e-01],
	[7.246194e-01],
	[7.246194e-01],
	[5.386644e-01],
	[5.386644e-01],
	[5.386644e-01],
	[5.386644e-01],
	[5.265252e-01],
	[5.265252e-01],
	[5.265252e-01],
	[5.265252e-01],
	[7.150767e-01],
	[7.150767e-01],
	[7.150767e-01],
	[7.150767e-01],
	[0],
	[0],
	[0],
	[0],
	[0],
	[0],
	[0],
	[0],
	[0],
	[0],
	[0],
	[0],
	[0],
	[0],
	[0],
	[0],
	[0],
	[0],
	[0],
	[0],
	[0],
	[0],
	[0],
	[0],
	[0],
	[0],
	[0],
	[0] ]
undercost [
	[0],
	[0],
	[0],
	[0],
	[0],
	[0],
	[0],
	[0],
	[0],
	[0],
	[0],
	[0],
	[0],
	[0],
	[0],
	[0],
	[0],
	[0],
	[0],
	[0],
	[0],
	[0],
	[0],
	[0],
	[0],
	[0],
	[0],
	[0],
	[0],
	[0],
	[0],
	[0],
	[1.460291e+00],
	[1.460291e+00],
	[1.460291e+00],
	[1.460291e+00],
	[1.419577e+00],
	[1.419577e+00],
	[1.419577e+00],
	[1.419577e+00],
	[8.790212e-01],
	[8.790212e-01],
	[8.790212e-01],
	[8.790212e-01],
	[9.566261e-01],
	[9.566261e-01],
	[9.566261e-01],
	[9.566261e-01],
	[7.242604e-01],
	[7.242604e-01],
	[7.242604e-01],
	[7.242604e-01],
	[6.194043e-01],
	[6.194043e-01],
	[6.194043e-01],
	[6.194043e-01],
	[8.254924e-01],
	[8.254924e-01],
	[8.254924e-01],
	[8.254924e-01],
	[7.863478e-01],
	[7.863478e-01],
	[7.863478e-01],
	[7.863478e-01],
	[6.314896e-01],
	[6.314896e-01],
	[6.314896e-01],
	[6.314896e-01],
	[0],
	[0],
	[0],
	[0],
	[0],
	[0],
	[0],
	[0],
	[0],
	[0],
	[0],
	[0],
	[0],
	[0],
	[0],
	[0],
	[0],
	[0],
	[0],
	[0],
	[0],
	[0],
	[0],
	[0],
	[0],
	[0],
	[0],
	[0] ]
