55 772 1256 1390 2780 3084 3156 3784 3829 4204
SHOE
ACT	10
SHIFT	96
demand [
	[0, 0, 0, 0, 0, 0, 0, 0, 0, 0],
	[0, 0, 0, 0, 0, 0, 0, 0, 0, 0],
	[0, 0, 0, 0, 0, 0, 0, 0, 0, 0],
	[0, 0, 0, 0, 0, 0, 0, 0, 0, 0],
	[0, 0, 0, 0, 0, 0, 0, 0, 0, 0],
	[0, 0, 0, 0, 0, 0, 0, 0, 0, 0],
	[0, 0, 0, 0, 0, 0, 0, 0, 0, 0],
	[0, 0, 0, 0, 0, 0, 0, 0, 0, 0],
	[0, 0, 0, 0, 0, 0, 0, 0, 0, 0],
	[0, 0, 0, 0, 0, 0, 0, 0, 0, 0],
	[0, 0, 0, 0, 0, 0, 0, 0, 0, 0],
	[0, 0, 0, 0, 0, 0, 0, 0, 0, 0],
	[0, 0, 0, 0, 0, 0, 0, 0, 0, 0],
	[0, 0, 0, 0, 0, 0, 0, 0, 0, 0],
	[0, 0, 0, 0, 0, 0, 0, 0, 0, 0],
	[0, 0, 0, 0, 0, 0, 0, 0, 0, 0],
	[0, 0, 0, 0, 0, 0, 0, 0, 0, 0],
	[0, 0, 0, 0, 0, 0, 0, 0, 0, 0],
	[0, 0, 0, 0, 0, 0, 0, 0, 0, 0],
	[0, 0, 0, 0, 0, 0, 0, 0, 0, 0],
	[0, 0, 0, 0, 0, 0, 0, 0, 0, 0],
	[0, 0, 0, 0, 0, 0, 0, 0, 0, 0],
	[0, 0, 0, 0, 0, 0, 0, 0, 0, 0],
	[0, 0, 0, 0, 0, 0, 0, 0, 0, 0],
	[0, 0, 0, 0, 0, 0, 0, 0, 0, 0],
	[0, 0, 0, 0, 0, 0, 0, 0, 0, 0],
	[0, 0, 0, 0, 0, 0, 0, 0, 0, 0],
	[0, 0, 0, 0, 0, 0, 0, 0, 0, 0],
	[0, 0, 0, 0, 0, 0, 0, 0, 0, 0],
	[0, 0, 0, 0, 0, 0, 0, 0, 0, 0],
	[0, 0, 0, 0, 0, 0, 0, 0, 0, 0],
	[0, 0, 0, 0, 0, 0, 0, 0, 0, 0],
	[0, 0, 0, 0, 0, 0, 0, 1.00, 1.00, 0],
	[0, 0, 0, 0, 0, 0, 0, 1.00, 1.00, 0],
	[0, 0, 0, 0, 0, 0, 0, 1.00, 1.00, 0],
	[0, 0, 0, 0, 0, 0, 0, 1.00, 1.00, 0],
	[0, 0, 1.00, 0, 1.00, 0, 1.00, 1.00, 1.00, 1.00],
	[0, 0, 1.00, 0, 1.00, 0, 1.00, 1.00, 1.00, 1.00],
	[0, 0, 1.00, 0, 1.00, 0, 1.00, 1.00, 1.00, 1.00],
	[0, 0, 1.00, 0, 1.00, 0, 1.00, 1.00, 1.00, 1.00],
	[0, 0, 1.00, 2.00, 0, 0, 1.00, 1.00, 1.00, 1.00],
	[0, 0, 1.00, 2.00, 0, 0, 1.00, 1.00, 1.00, 1.00],
	[0, 0, 1.00, 2.00, 0, 0, 1.00, 1.00, 1.00, 1.00],
	[0, 0, 1.00, 2.00, 0, 0, 1.00, 1.00, 1.00, 1.00],
	[1.00, 2.25, 1.00, 2.75, 1.00, 1.00, 1.00, 1.00, 2.00, 1.00],
	[1.00, 2.25, 1.00, 2.75, 1.00, 1.00, 1.00, 1.00, 2.00, 1.00],
	[1.00, 2.25, 1.00, 2.75, 1.00, 1.00, 1.00, 1.00, 2.00, 1.00],
	[1.00, 2.25, 1.00, 2.75, 1.00, 1.00, 1.00, 1.00, 2.00, 1.00],
	[1.25, 2.50, 1.25, 3.00, 1.25, 0, 1.00, 0, 2.75, 1.00],
	[1.25, 2.50, 1.25, 3.00, 1.25, 0, 1.00, 0, 2.75, 1.00],
	[1.25, 2.50, 1.25, 3.00, 1.25, 0, 1.00, 0, 2.75, 1.00],
	[1.25, 2.50, 1.25, 3.00, 1.25, 0, 1.00, 0, 2.75, 1.00],
	[1.25, 2.50, 1.25, 3.00, 1.25, 0, 1.00, 1.00, 3.00, 1.00],
	[1.25, 2.50, 1.25, 3.00, 1.25, 0, 1.00, 1.00, 3.00, 1.00],
	[1.25, 2.50, 1.25, 3.00, 1.25, 0, 1.00, 1.00, 3.00, 1.00],
	[1.25, 2.50, 1.25, 3.00, 1.25, 0, 1.00, 1.00, 3.00, 1.00],
	[1.25, 2.75, 1.25, 3.25, 1.25, 1.00, 1.00, 1.00, 3.25, 1.00],
	[1.25, 2.75, 1.25, 3.25, 1.25, 1.00, 1.00, 1.00, 3.25, 1.00],
	[1.25, 2.75, 1.25, 3.25, 1.25, 1.00, 1.00, 1.00, 3.25, 1.00],
	[1.25, 2.75, 1.25, 3.25, 1.25, 1.00, 1.00, 1.00, 3.25, 1.00],
	[1.25, 2.50, 1.25, 3.25, 1.25, 1.00, 1.00, 1.00, 3.00, 1.00],
	[1.25, 2.50, 1.25, 3.25, 1.25, 1.00, 1.00, 1.00, 3.00, 1.00],
	[1.25, 2.50, 1.25, 3.25, 1.25, 1.00, 1.00, 1.00, 3.00, 1.00],
	[1.25, 2.50, 1.25, 3.25, 1.25, 1.00, 1.00, 1.00, 3.00, 1.00],
	[0, 2.25, 1.00, 2.75, 1.00, 0, 1.00, 1.00, 2.00, 1.00],
	[0, 2.25, 1.00, 2.75, 1.00, 0, 1.00, 1.00, 2.00, 1.00],
	[0, 2.25, 1.00, 2.75, 1.00, 0, 1.00, 1.00, 2.00, 1.00],
	[0, 2.25, 1.00, 2.75, 1.00, 0, 1.00, 1.00, 2.00, 1.00],
	[0, 0, 1.25, 0, 1.00, 0, 1.00, 1.00, 0, 1.00],
	[0, 0, 1.25, 0, 1.00, 0, 1.00, 1.00, 0, 1.00],
	[0, 0, 1.25, 0, 1.00, 0, 1.00, 1.00, 0, 1.00],
	[0, 0, 1.25, 0, 1.00, 0, 1.00, 1.00, 0, 1.00],
	[0, 0, 1.50, 0, 1.25, 0, 1.00, 0, 0, 1.00],
	[0, 0, 1.50, 0, 1.25, 0, 1.00, 0, 0, 1.00],
	[0, 0, 1.50, 0, 1.25, 0, 1.00, 0, 0, 1.00],
	[0, 0, 1.50, 0, 1.25, 0, 1.00, 0, 0, 1.00],
	[0, 0, 1.25, 0, 1.00, 1.00, 0, 1.00, 0, 1.00],
	[0, 0, 1.25, 0, 1.00, 1.00, 0, 1.00, 0, 1.00],
	[0, 0, 1.25, 0, 1.00, 1.00, 0, 1.00, 0, 1.00],
	[0, 0, 1.25, 0, 1.00, 1.00, 0, 1.00, 0, 1.00],
	[0, 0, 0, 0, 1.00, 0, 0, 0, 0, 0],
	[0, 0, 0, 0, 1.00, 0, 0, 0, 0, 0],
	[0, 0, 0, 0, 1.00, 0, 0, 0, 0, 0],
	[0, 0, 0, 0, 1.00, 0, 0, 0, 0, 0],
	[0, 0, 0, 0, 0, 0, 0, 0, 0, 0],
	[0, 0, 0, 0, 0, 0, 0, 0, 0, 0],
	[0, 0, 0, 0, 0, 0, 0, 0, 0, 0],
	[0, 0, 0, 0, 0, 0, 0, 0, 0, 0],
	[0, 0, 0, 0, 0, 0, 0, 0, 0, 0],
	[0, 0, 0, 0, 0, 0, 0, 0, 0, 0],
	[0, 0, 0, 0, 0, 0, 0, 0, 0, 0],
	[0, 0, 0, 0, 0, 0, 0, 0, 0, 0],
	[0, 0, 0, 0, 0, 0, 0, 0, 0, 0],
	[0, 0, 0, 0, 0, 0, 0, 0, 0, 0],
	[0, 0, 0, 0, 0, 0, 0, 0, 0, 0],
	[0, 0, 0, 0, 0, 0, 0, 0, 0, 0] ]
overcost [
	[0, 0, 0, 0, 0, 0, 0, 0, 0, 0],
	[0, 0, 0, 0, 0, 0, 0, 0, 0, 0],
	[0, 0, 0, 0, 0, 0, 0, 0, 0, 0],
	[0, 0, 0, 0, 0, 0, 0, 0, 0, 0],
	[0, 0, 0, 0, 0, 0, 0, 0, 0, 0],
	[0, 0, 0, 0, 0, 0, 0, 0, 0, 0],
	[0, 0, 0, 0, 0, 0, 0, 0, 0, 0],
	[0, 0, 0, 0, 0, 0, 0, 0, 0, 0],
	[0, 0, 0, 0, 0, 0, 0, 0, 0, 0],
	[0, 0, 0, 0, 0, 0, 0, 0, 0, 0],
	[0, 0, 0, 0, 0, 0, 0, 0, 0, 0],
	[0, 0, 0, 0, 0, 0, 0, 0, 0, 0],
	[0, 0, 0, 0, 0, 0, 0, 0, 0, 0],
	[0, 0, 0, 0, 0, 0, 0, 0, 0, 0],
	[0, 0, 0, 0, 0, 0, 0, 0, 0, 0],
	[0, 0, 0, 0, 0, 0, 0, 0, 0, 0],
	[0, 0, 0, 0, 0, 0, 0, 0, 0, 0],
	[0, 0, 0, 0, 0, 0, 0, 0, 0, 0],
	[0, 0, 0, 0, 0, 0, 0, 0, 0, 0],
	[0, 0, 0, 0, 0, 0, 0, 0, 0, 0],
	[0, 0, 0, 0, 0, 0, 0, 0, 0, 0],
	[0, 0, 0, 0, 0, 0, 0, 0, 0, 0],
	[0, 0, 0, 0, 0, 0, 0, 0, 0, 0],
	[0, 0, 0, 0, 0, 0, 0, 0, 0, 0],
	[0, 0, 0, 0, 0, 0, 0, 0, 0, 0],
	[0, 0, 0, 0, 0, 0, 0, 0, 0, 0],
	[0, 0, 0, 0, 0, 0, 0, 0, 0, 0],
	[0, 0, 0, 0, 0, 0, 0, 0, 0, 0],
	[0, 0, 0, 0, 0, 0, 0, 0, 0, 0],
	[0, 0, 0, 0, 0, 0, 0, 0, 0, 0],
	[0, 0, 0, 0, 0, 0, 0, 0, 0, 0],
	[0, 0, 0, 0, 0, 0, 0, 0, 0, 0],
	[0, 0, 0, 0, 0, 0, 0, 1.277162e+01, 9.427348e+00, 0],
	[0, 0, 0, 0, 0, 0, 0, 1.277162e+01, 9.427348e+00, 0],
	[0, 0, 0, 0, 0, 0, 0, 1.277162e+01, 9.427348e+00, 0],
	[0, 0, 0, 0, 0, 0, 0, 1.277162e+01, 9.427348e+00, 0],
	[0, 0, 5.955708e+00, 0, 9.823559e+00, 0, 9.315333e+00, 1.264952e+01, 9.215670e+00, 9.066121e+00],
	[0, 0, 5.955708e+00, 0, 9.823559e+00, 0, 9.315333e+00, 1.264952e+01, 9.215670e+00, 9.066121e+00],
	[0, 0, 5.955708e+00, 0, 9.823559e+00, 0, 9.315333e+00, 1.264952e+01, 9.215670e+00, 9.066121e+00],
	[0, 0, 5.955708e+00, 0, 9.823559e+00, 0, 9.315333e+00, 1.264952e+01, 9.215670e+00, 9.066121e+00],
	[0, 0, 4.328981e+00, 1.714421e+00, 0, 0, 9.302458e+00, 1.262181e+01, 4.194854e+00, 9.040173e+00],
	[0, 0, 4.328981e+00, 1.714421e+00, 0, 0, 9.302458e+00, 1.262181e+01, 4.194854e+00, 9.040173e+00],
	[0, 0, 4.328981e+00, 1.714421e+00, 0, 0, 9.302458e+00, 1.262181e+01, 4.194854e+00, 9.040173e+00],
	[0, 0, 4.328981e+00, 1.714421e+00, 0, 0, 9.302458e+00, 1.262181e+01, 4.194854e+00, 9.040173e+00],
	[2.079067e+00, 1.189934e+00, 1.832713e+00, 1.129920e+00, 4.069595e+00, 5.671106e+00, 5.866244e+00, 9.373916e+00, 1.099517e+00, 8.861623e+00],
	[2.079067e+00, 1.189934e+00, 1.832713e+00, 1.129920e+00, 4.069595e+00, 5.671106e+00, 5.866244e+00, 9.373916e+00, 1.099517e+00, 8.861623e+00],
	[2.079067e+00, 1.189934e+00, 1.832713e+00, 1.129920e+00, 4.069595e+00, 5.671106e+00, 5.866244e+00, 9.373916e+00, 1.099517e+00, 8.861623e+00],
	[2.079067e+00, 1.189934e+00, 1.832713e+00, 1.129920e+00, 4.069595e+00, 5.671106e+00, 5.866244e+00, 9.373916e+00, 1.099517e+00, 8.861623e+00],
	[2.478562e+00, 1.140389e+00, 1.725899e+00, 1.136157e+00, 2.301387e+00, 0, 3.968834e+00, 0, 8.337399e-01, 5.433231e+00],
	[2.478562e+00, 1.140389e+00, 1.725899e+00, 1.136157e+00, 2.301387e+00, 0, 3.968834e+00, 0, 8.337399e-01, 5.433231e+00],
	[2.478562e+00, 1.140389e+00, 1.725899e+00, 1.136157e+00, 2.301387e+00, 0, 3.968834e+00, 0, 8.337399e-01, 5.433231e+00],
	[2.478562e+00, 1.140389e+00, 1.725899e+00, 1.136157e+00, 2.301387e+00, 0, 3.968834e+00, 0, 8.337399e-01, 5.433231e+00],
	[2.207708e+00, 8.422805e-01, 1.373922e+00, 8.203185e-01, 1.573103e+00, 0, 3.446397e+00, 6.310391e+00, 7.259037e-01, 4.733259e+00],
	[2.207708e+00, 8.422805e-01, 1.373922e+00, 8.203185e-01, 1.573103e+00, 0, 3.446397e+00, 6.310391e+00, 7.259037e-01, 4.733259e+00],
	[2.207708e+00, 8.422805e-01, 1.373922e+00, 8.203185e-01, 1.573103e+00, 0, 3.446397e+00, 6.310391e+00, 7.259037e-01, 4.733259e+00],
	[2.207708e+00, 8.422805e-01, 1.373922e+00, 8.203185e-01, 1.573103e+00, 0, 3.446397e+00, 6.310391e+00, 7.259037e-01, 4.733259e+00],
	[2.113789e+00, 1.198499e+00, 1.286678e+00, 1.161956e+00, 1.518355e+00, 3.927624e+00, 3.377321e+00, 6.261766e+00, 1.073074e+00, 4.717301e+00],
	[2.113789e+00, 1.198499e+00, 1.286678e+00, 1.161956e+00, 1.518355e+00, 3.927624e+00, 3.377321e+00, 6.261766e+00, 1.073074e+00, 4.717301e+00],
	[2.113789e+00, 1.198499e+00, 1.286678e+00, 1.161956e+00, 1.518355e+00, 3.927624e+00, 3.377321e+00, 6.261766e+00, 1.073074e+00, 4.717301e+00],
	[2.113789e+00, 1.198499e+00, 1.286678e+00, 1.161956e+00, 1.518355e+00, 3.927624e+00, 3.377321e+00, 6.261766e+00, 1.073074e+00, 4.717301e+00],
	[2.109353e+00, 7.745709e-01, 1.510735e+00, 1.117875e+00, 2.501547e+00, 4.394940e+00, 4.148101e+00, 7.258883e+00, 1.234069e+00, 6.030327e+00],
	[2.109353e+00, 7.745709e-01, 1.510735e+00, 1.117875e+00, 2.501547e+00, 4.394940e+00, 4.148101e+00, 7.258883e+00, 1.234069e+00, 6.030327e+00],
	[2.109353e+00, 7.745709e-01, 1.510735e+00, 1.117875e+00, 2.501547e+00, 4.394940e+00, 4.148101e+00, 7.258883e+00, 1.234069e+00, 6.030327e+00],
	[2.109353e+00, 7.745709e-01, 1.510735e+00, 1.117875e+00, 2.501547e+00, 4.394940e+00, 4.148101e+00, 7.258883e+00, 1.234069e+00, 6.030327e+00],
	[0, 1.091737e+00, 1.849794e+00, 9.562210e-01, 4.708733e+00, 0, 6.257651e+00, 9.997099e+00, 1.386580e+00, 8.963259e+00],
	[0, 1.091737e+00, 1.849794e+00, 9.562210e-01, 4.708733e+00, 0, 6.257651e+00, 9.997099e+00, 1.386580e+00, 8.963259e+00],
	[0, 1.091737e+00, 1.849794e+00, 9.562210e-01, 4.708733e+00, 0, 6.257651e+00, 9.997099e+00, 1.386580e+00, 8.963259e+00],
	[0, 1.091737e+00, 1.849794e+00, 9.562210e-01, 4.708733e+00, 0, 6.257651e+00, 9.997099e+00, 1.386580e+00, 8.963259e+00],
	[0, 0, 2.139332e+00, 0, 3.461631e+00, 0, 5.473843e+00, 8.936485e+00, 0, 8.400439e+00],
	[0, 0, 2.139332e+00, 0, 3.461631e+00, 0, 5.473843e+00, 8.936485e+00, 0, 8.400439e+00],
	[0, 0, 2.139332e+00, 0, 3.461631e+00, 0, 5.473843e+00, 8.936485e+00, 0, 8.400439e+00],
	[0, 0, 2.139332e+00, 0, 3.461631e+00, 0, 5.473843e+00, 8.936485e+00, 0, 8.400439e+00],
	[0, 0, 1.873627e+00, 0, 1.938823e+00, 0, 3.885847e+00, 0, 0, 5.692775e+00],
	[0, 0, 1.873627e+00, 0, 1.938823e+00, 0, 3.885847e+00, 0, 0, 5.692775e+00],
	[0, 0, 1.873627e+00, 0, 1.938823e+00, 0, 3.885847e+00, 0, 0, 5.692775e+00],
	[0, 0, 1.873627e+00, 0, 1.938823e+00, 0, 3.885847e+00, 0, 0, 5.692775e+00],
	[0, 0, 1.718776e+00, 0, 3.797006e+00, 5.327811e+00, 0, 9.615872e+00, 0, 8.861604e+00],
	[0, 0, 1.718776e+00, 0, 3.797006e+00, 5.327811e+00, 0, 9.615872e+00, 0, 8.861604e+00],
	[0, 0, 1.718776e+00, 0, 3.797006e+00, 5.327811e+00, 0, 9.615872e+00, 0, 8.861604e+00],
	[0, 0, 1.718776e+00, 0, 3.797006e+00, 5.327811e+00, 0, 9.615872e+00, 0, 8.861604e+00],
	[0, 0, 0, 0, 9.045756e+00, 0, 0, 0, 0, 0],
	[0, 0, 0, 0, 9.045756e+00, 0, 0, 0, 0, 0],
	[0, 0, 0, 0, 9.045756e+00, 0, 0, 0, 0, 0],
	[0, 0, 0, 0, 9.045756e+00, 0, 0, 0, 0, 0],
	[0, 0, 0, 0, 0, 0, 0, 0, 0, 0],
	[0, 0, 0, 0, 0, 0, 0, 0, 0, 0],
	[0, 0, 0, 0, 0, 0, 0, 0, 0, 0],
	[0, 0, 0, 0, 0, 0, 0, 0, 0, 0],
	[0, 0, 0, 0, 0, 0, 0, 0, 0, 0],
	[0, 0, 0, 0, 0, 0, 0, 0, 0, 0],
	[0, 0, 0, 0, 0, 0, 0, 0, 0, 0],
	[0, 0, 0, 0, 0, 0, 0, 0, 0, 0],
	[0, 0, 0, 0, 0, 0, 0, 0, 0, 0],
	[0, 0, 0, 0, 0, 0, 0, 0, 0, 0],
	[0, 0, 0, 0, 0, 0, 0, 0, 0, 0],
	[0, 0, 0, 0, 0, 0, 0, 0, 0, 0] ]
undercost [
	[0, 0, 0, 0, 0, 0, 0, 0, 0, 0],
	[0, 0, 0, 0, 0, 0, 0, 0, 0, 0],
	[0, 0, 0, 0, 0, 0, 0, 0, 0, 0],
	[0, 0, 0, 0, 0, 0, 0, 0, 0, 0],
	[0, 0, 0, 0, 0, 0, 0, 0, 0, 0],
	[0, 0, 0, 0, 0, 0, 0, 0, 0, 0],
	[0, 0, 0, 0, 0, 0, 0, 0, 0, 0],
	[0, 0, 0, 0, 0, 0, 0, 0, 0, 0],
	[0, 0, 0, 0, 0, 0, 0, 0, 0, 0],
	[0, 0, 0, 0, 0, 0, 0, 0, 0, 0],
	[0, 0, 0, 0, 0, 0, 0, 0, 0, 0],
	[0, 0, 0, 0, 0, 0, 0, 0, 0, 0],
	[0, 0, 0, 0, 0, 0, 0, 0, 0, 0],
	[0, 0, 0, 0, 0, 0, 0, 0, 0, 0],
	[0, 0, 0, 0, 0, 0, 0, 0, 0, 0],
	[0, 0, 0, 0, 0, 0, 0, 0, 0, 0],
	[0, 0, 0, 0, 0, 0, 0, 0, 0, 0],
	[0, 0, 0, 0, 0, 0, 0, 0, 0, 0],
	[0, 0, 0, 0, 0, 0, 0, 0, 0, 0],
	[0, 0, 0, 0, 0, 0, 0, 0, 0, 0],
	[0, 0, 0, 0, 0, 0, 0, 0, 0, 0],
	[0, 0, 0, 0, 0, 0, 0, 0, 0, 0],
	[0, 0, 0, 0, 0, 0, 0, 0, 0, 0],
	[0, 0, 0, 0, 0, 0, 0, 0, 0, 0],
	[0, 0, 0, 0, 0, 0, 0, 0, 0, 0],
	[0, 0, 0, 0, 0, 0, 0, 0, 0, 0],
	[0, 0, 0, 0, 0, 0, 0, 0, 0, 0],
	[0, 0, 0, 0, 0, 0, 0, 0, 0, 0],
	[0, 0, 0, 0, 0, 0, 0, 0, 0, 0],
	[0, 0, 0, 0, 0, 0, 0, 0, 0, 0],
	[0, 0, 0, 0, 0, 0, 0, 0, 0, 0],
	[0, 0, 0, 0, 0, 0, 0, 0, 0, 0],
	[0, 0, 0, 0, 0, 0, 0, 1.000000e+06, 1.000000e+06, 0],
	[0, 0, 0, 0, 0, 0, 0, 1.000000e+06, 1.000000e+06, 0],
	[0, 0, 0, 0, 0, 0, 0, 1.000000e+06, 1.000000e+06, 0],
	[0, 0, 0, 0, 0, 0, 0, 1.000000e+06, 1.000000e+06, 0],
	[0, 0, 1.000000e+06, 0, 1.000000e+06, 0, 1.000000e+06, 1.000000e+06, 1.000000e+06, 1.000000e+06],
	[0, 0, 1.000000e+06, 0, 1.000000e+06, 0, 1.000000e+06, 1.000000e+06, 1.000000e+06, 1.000000e+06],
	[0, 0, 1.000000e+06, 0, 1.000000e+06, 0, 1.000000e+06, 1.000000e+06, 1.000000e+06, 1.000000e+06],
	[0, 0, 1.000000e+06, 0, 1.000000e+06, 0, 1.000000e+06, 1.000000e+06, 1.000000e+06, 1.000000e+06],
	[0, 0, 1.000000e+06, 2.150942e+00, 0, 0, 1.000000e+06, 1.000000e+06, 1.000000e+06, 1.000000e+06],
	[0, 0, 1.000000e+06, 2.150942e+00, 0, 0, 1.000000e+06, 1.000000e+06, 1.000000e+06, 1.000000e+06],
	[0, 0, 1.000000e+06, 2.150942e+00, 0, 0, 1.000000e+06, 1.000000e+06, 1.000000e+06, 1.000000e+06],
	[0, 0, 1.000000e+06, 2.150942e+00, 0, 0, 1.000000e+06, 1.000000e+06, 1.000000e+06, 1.000000e+06],
	[1.000000e+06, 1.759533e+00, 1.000000e+06, 1.625711e+00, 1.000000e+06, 1.000000e+06, 1.000000e+06, 1.000000e+06, 2.847667e+00, 1.000000e+06],
	[1.000000e+06, 1.759533e+00, 1.000000e+06, 1.625711e+00, 1.000000e+06, 1.000000e+06, 1.000000e+06, 1.000000e+06, 2.847667e+00, 1.000000e+06],
	[1.000000e+06, 1.759533e+00, 1.000000e+06, 1.625711e+00, 1.000000e+06, 1.000000e+06, 1.000000e+06, 1.000000e+06, 2.847667e+00, 1.000000e+06],
	[1.000000e+06, 1.759533e+00, 1.000000e+06, 1.625711e+00, 1.000000e+06, 1.000000e+06, 1.000000e+06, 1.000000e+06, 2.847667e+00, 1.000000e+06],
	[1.000000e+06, 1.454412e+00, 1.000000e+06, 1.343375e+00, 1.000000e+06, 0, 1.000000e+06, 0, 1.875953e+00, 1.000000e+06],
	[1.000000e+06, 1.454412e+00, 1.000000e+06, 1.343375e+00, 1.000000e+06, 0, 1.000000e+06, 0, 1.875953e+00, 1.000000e+06],
	[1.000000e+06, 1.454412e+00, 1.000000e+06, 1.343375e+00, 1.000000e+06, 0, 1.000000e+06, 0, 1.875953e+00, 1.000000e+06],
	[1.000000e+06, 1.454412e+00, 1.000000e+06, 1.343375e+00, 1.000000e+06, 0, 1.000000e+06, 0, 1.875953e+00, 1.000000e+06],
	[1.000000e+06, 1.844625e+00, 1.000000e+06, 1.737993e+00, 1.000000e+06, 0, 1.000000e+06, 1.000000e+06, 1.745038e+00, 1.000000e+06],
	[1.000000e+06, 1.844625e+00, 1.000000e+06, 1.737993e+00, 1.000000e+06, 0, 1.000000e+06, 1.000000e+06, 1.745038e+00, 1.000000e+06],
	[1.000000e+06, 1.844625e+00, 1.000000e+06, 1.737993e+00, 1.000000e+06, 0, 1.000000e+06, 1.000000e+06, 1.745038e+00, 1.000000e+06],
	[1.000000e+06, 1.844625e+00, 1.000000e+06, 1.737993e+00, 1.000000e+06, 0, 1.000000e+06, 1.000000e+06, 1.745038e+00, 1.000000e+06],
	[1.000000e+06, 1.098325e+00, 1.000000e+06, 1.092355e+00, 1.000000e+06, 1.000000e+06, 1.000000e+06, 1.000000e+06, 1.097424e+00, 1.000000e+06],
	[1.000000e+06, 1.098325e+00, 1.000000e+06, 1.092355e+00, 1.000000e+06, 1.000000e+06, 1.000000e+06, 1.000000e+06, 1.097424e+00, 1.000000e+06],
	[1.000000e+06, 1.098325e+00, 1.000000e+06, 1.092355e+00, 1.000000e+06, 1.000000e+06, 1.000000e+06, 1.000000e+06, 1.097424e+00, 1.000000e+06],
	[1.000000e+06, 1.098325e+00, 1.000000e+06, 1.092355e+00, 1.000000e+06, 1.000000e+06, 1.000000e+06, 1.000000e+06, 1.097424e+00, 1.000000e+06],
	[1.000000e+06, 1.938753e+00, 1.000000e+06, 1.149734e+00, 1.000000e+06, 1.000000e+06, 1.000000e+06, 1.000000e+06, 1.109521e+00, 1.000000e+06],
	[1.000000e+06, 1.938753e+00, 1.000000e+06, 1.149734e+00, 1.000000e+06, 1.000000e+06, 1.000000e+06, 1.000000e+06, 1.109521e+00, 1.000000e+06],
	[1.000000e+06, 1.938753e+00, 1.000000e+06, 1.149734e+00, 1.000000e+06, 1.000000e+06, 1.000000e+06, 1.000000e+06, 1.109521e+00, 1.000000e+06],
	[1.000000e+06, 1.938753e+00, 1.000000e+06, 1.149734e+00, 1.000000e+06, 1.000000e+06, 1.000000e+06, 1.000000e+06, 1.109521e+00, 1.000000e+06],
	[0, 1.894538e+00, 1.000000e+06, 1.849232e+00, 1.000000e+06, 0, 1.000000e+06, 1.000000e+06, 2.440974e+00, 1.000000e+06],
	[0, 1.894538e+00, 1.000000e+06, 1.849232e+00, 1.000000e+06, 0, 1.000000e+06, 1.000000e+06, 2.440974e+00, 1.000000e+06],
	[0, 1.894538e+00, 1.000000e+06, 1.849232e+00, 1.000000e+06, 0, 1.000000e+06, 1.000000e+06, 2.440974e+00, 1.000000e+06],
	[0, 1.894538e+00, 1.000000e+06, 1.849232e+00, 1.000000e+06, 0, 1.000000e+06, 1.000000e+06, 2.440974e+00, 1.000000e+06],
	[0, 0, 1.000000e+06, 0, 1.000000e+06, 0, 1.000000e+06, 1.000000e+06, 0, 1.000000e+06],
	[0, 0, 1.000000e+06, 0, 1.000000e+06, 0, 1.000000e+06, 1.000000e+06, 0, 1.000000e+06],
	[0, 0, 1.000000e+06, 0, 1.000000e+06, 0, 1.000000e+06, 1.000000e+06, 0, 1.000000e+06],
	[0, 0, 1.000000e+06, 0, 1.000000e+06, 0, 1.000000e+06, 1.000000e+06, 0, 1.000000e+06],
	[0, 0, 1.000000e+06, 0, 1.000000e+06, 0, 1.000000e+06, 0, 0, 1.000000e+06],
	[0, 0, 1.000000e+06, 0, 1.000000e+06, 0, 1.000000e+06, 0, 0, 1.000000e+06],
	[0, 0, 1.000000e+06, 0, 1.000000e+06, 0, 1.000000e+06, 0, 0, 1.000000e+06],
	[0, 0, 1.000000e+06, 0, 1.000000e+06, 0, 1.000000e+06, 0, 0, 1.000000e+06],
	[0, 0, 1.000000e+06, 0, 1.000000e+06, 1.000000e+06, 0, 1.000000e+06, 0, 1.000000e+06],
	[0, 0, 1.000000e+06, 0, 1.000000e+06, 1.000000e+06, 0, 1.000000e+06, 0, 1.000000e+06],
	[0, 0, 1.000000e+06, 0, 1.000000e+06, 1.000000e+06, 0, 1.000000e+06, 0, 1.000000e+06],
	[0, 0, 1.000000e+06, 0, 1.000000e+06, 1.000000e+06, 0, 1.000000e+06, 0, 1.000000e+06],
	[0, 0, 0, 0, 1.000000e+06, 0, 0, 0, 0, 0],
	[0, 0, 0, 0, 1.000000e+06, 0, 0, 0, 0, 0],
	[0, 0, 0, 0, 1.000000e+06, 0, 0, 0, 0, 0],
	[0, 0, 0, 0, 1.000000e+06, 0, 0, 0, 0, 0],
	[0, 0, 0, 0, 0, 0, 0, 0, 0, 0],
	[0, 0, 0, 0, 0, 0, 0, 0, 0, 0],
	[0, 0, 0, 0, 0, 0, 0, 0, 0, 0],
	[0, 0, 0, 0, 0, 0, 0, 0, 0, 0],
	[0, 0, 0, 0, 0, 0, 0, 0, 0, 0],
	[0, 0, 0, 0, 0, 0, 0, 0, 0, 0],
	[0, 0, 0, 0, 0, 0, 0, 0, 0, 0],
	[0, 0, 0, 0, 0, 0, 0, 0, 0, 0],
	[0, 0, 0, 0, 0, 0, 0, 0, 0, 0],
	[0, 0, 0, 0, 0, 0, 0, 0, 0, 0],
	[0, 0, 0, 0, 0, 0, 0, 0, 0, 0],
	[0, 0, 0, 0, 0, 0, 0, 0, 0, 0] ]
