555
SHOE
ACT	1
SHIFT	96
demand [
	[0],
	[0],
	[0],
	[0],
	[0],
	[0],
	[0],
	[0],
	[0],
	[0],
	[0],
	[0],
	[0],
	[0],
	[0],
	[0],
	[0],
	[0],
	[0],
	[0],
	[0],
	[0],
	[0],
	[0],
	[0],
	[0],
	[0],
	[0],
	[0],
	[0],
	[0],
	[0],
	[1.25],
	[1.25],
	[1.25],
	[1.25],
	[2.50],
	[2.50],
	[2.50],
	[2.50],
	[3.00],
	[3.00],
	[3.00],
	[3.00],
	[4.25],
	[4.25],
	[4.25],
	[4.25],
	[4.50],
	[4.50],
	[4.50],
	[4.50],
	[4.50],
	[4.50],
	[4.50],
	[4.50],
	[4.75],
	[4.75],
	[4.75],
	[4.75],
	[4.75],
	[4.75],
	[4.75],
	[4.75],
	[4.25],
	[4.25],
	[4.25],
	[4.25],
	[0],
	[0],
	[0],
	[0],
	[0],
	[0],
	[0],
	[0],
	[0],
	[0],
	[0],
	[0],
	[0],
	[0],
	[0],
	[0],
	[0],
	[0],
	[0],
	[0],
	[0],
	[0],
	[0],
	[0],
	[0],
	[0],
	[0],
	[0] ]
overcost [
	[0],
	[0],
	[0],
	[0],
	[0],
	[0],
	[0],
	[0],
	[0],
	[0],
	[0],
	[0],
	[0],
	[0],
	[0],
	[0],
	[0],
	[0],
	[0],
	[0],
	[0],
	[0],
	[0],
	[0],
	[0],
	[0],
	[0],
	[0],
	[0],
	[0],
	[0],
	[0],
	[1.725729e+00],
	[1.725729e+00],
	[1.725729e+00],
	[1.725729e+00],
	[1.355638e+00],
	[1.355638e+00],
	[1.355638e+00],
	[1.355638e+00],
	[9.759521e-01],
	[9.759521e-01],
	[9.759521e-01],
	[9.759521e-01],
	[9.704143e-01],
	[9.704143e-01],
	[9.704143e-01],
	[9.704143e-01],
	[9.020924e-01],
	[9.020924e-01],
	[9.020924e-01],
	[9.020924e-01],
	[5.914883e-01],
	[5.914883e-01],
	[5.914883e-01],
	[5.914883e-01],
	[8.042719e-01],
	[8.042719e-01],
	[8.042719e-01],
	[8.042719e-01],
	[7.009186e-01],
	[7.009186e-01],
	[7.009186e-01],
	[7.009186e-01],
	[7.143738e-01],
	[7.143738e-01],
	[7.143738e-01],
	[7.143738e-01],
	[0],
	[0],
	[0],
	[0],
	[0],
	[0],
	[0],
	[0],
	[0],
	[0],
	[0],
	[0],
	[0],
	[0],
	[0],
	[0],
	[0],
	[0],
	[0],
	[0],
	[0],
	[0],
	[0],
	[0],
	[0],
	[0],
	[0],
	[0] ]
undercost [
	[0],
	[0],
	[0],
	[0],
	[0],
	[0],
	[0],
	[0],
	[0],
	[0],
	[0],
	[0],
	[0],
	[0],
	[0],
	[0],
	[0],
	[0],
	[0],
	[0],
	[0],
	[0],
	[0],
	[0],
	[0],
	[0],
	[0],
	[0],
	[0],
	[0],
	[0],
	[0],
	[1.000000e+06],
	[1.000000e+06],
	[1.000000e+06],
	[1.000000e+06],
	[1.899245e+00],
	[1.899245e+00],
	[1.899245e+00],
	[1.899245e+00],
	[1.736785e+00],
	[1.736785e+00],
	[1.736785e+00],
	[1.736785e+00],
	[8.583847e-01],
	[8.583847e-01],
	[8.583847e-01],
	[8.583847e-01],
	[8.241184e-01],
	[8.241184e-01],
	[8.241184e-01],
	[8.241184e-01],
	[1.184311e+00],
	[1.184311e+00],
	[1.184311e+00],
	[1.184311e+00],
	[8.377662e-01],
	[8.377662e-01],
	[8.377662e-01],
	[8.377662e-01],
	[9.580852e-01],
	[9.580852e-01],
	[9.580852e-01],
	[9.580852e-01],
	[1.158758e+00],
	[1.158758e+00],
	[1.158758e+00],
	[1.158758e+00],
	[0],
	[0],
	[0],
	[0],
	[0],
	[0],
	[0],
	[0],
	[0],
	[0],
	[0],
	[0],
	[0],
	[0],
	[0],
	[0],
	[0],
	[0],
	[0],
	[0],
	[0],
	[0],
	[0],
	[0],
	[0],
	[0],
	[0],
	[0] ]
