605 707 1067 2891
SHOE
ACT	4
SHIFT	96
demand [
	[0, 0, 0, 0],
	[0, 0, 0, 0],
	[0, 0, 0, 0],
	[0, 0, 0, 0],
	[0, 0, 0, 0],
	[0, 0, 0, 0],
	[0, 0, 0, 0],
	[0, 0, 0, 0],
	[0, 0, 0, 0],
	[0, 0, 0, 0],
	[0, 0, 0, 0],
	[0, 0, 0, 0],
	[0, 0, 0, 0],
	[0, 0, 0, 0],
	[0, 0, 0, 0],
	[0, 0, 0, 0],
	[0, 0, 0, 0],
	[0, 0, 0, 0],
	[0, 0, 0, 0],
	[0, 0, 0, 0],
	[0, 0, 0, 0],
	[0, 0, 0, 0],
	[0, 0, 0, 0],
	[0, 0, 0, 0],
	[0, 0, 0, 0],
	[0, 0, 0, 0],
	[0, 0, 0, 0],
	[0, 0, 0, 0],
	[0, 0, 0, 0],
	[0, 0, 0, 0],
	[0, 0, 0, 0],
	[0, 0, 0, 0],
	[0, 0, 0, 0],
	[0, 0, 0, 0],
	[0, 0, 0, 0],
	[0, 0, 0, 0],
	[0, 0, 0, 0],
	[0, 0, 0, 0],
	[0, 0, 0, 0],
	[0, 0, 0, 0],
	[0, 1.25, 0, 0],
	[0, 1.25, 0, 0],
	[0, 1.25, 0, 0],
	[0, 1.25, 0, 0],
	[4.00, 2.00, 1.00, 1.50],
	[4.00, 2.00, 1.00, 1.50],
	[4.00, 2.00, 1.00, 1.50],
	[4.00, 2.00, 1.00, 1.50],
	[4.00, 2.25, 1.00, 1.75],
	[4.00, 2.25, 1.00, 1.75],
	[4.00, 2.25, 1.00, 1.75],
	[4.00, 2.25, 1.00, 1.75],
	[4.25, 2.25, 1.00, 1.75],
	[4.25, 2.25, 1.00, 1.75],
	[4.25, 2.25, 1.00, 1.75],
	[4.25, 2.25, 1.00, 1.75],
	[4.25, 2.25, 1.00, 1.75],
	[4.25, 2.25, 1.00, 1.75],
	[4.25, 2.25, 1.00, 1.75],
	[4.25, 2.25, 1.00, 1.75],
	[4.50, 2.25, 1.00, 1.75],
	[4.50, 2.25, 1.00, 1.75],
	[4.50, 2.25, 1.00, 1.75],
	[4.50, 2.25, 1.00, 1.75],
	[0, 2.00, 1.00, 0],
	[0, 2.00, 1.00, 0],
	[0, 2.00, 1.00, 0],
	[0, 2.00, 1.00, 0],
	[0, 2.25, 0, 0],
	[0, 2.25, 0, 0],
	[0, 2.25, 0, 0],
	[0, 2.25, 0, 0],
	[0, 2.50, 0, 0],
	[0, 2.50, 0, 0],
	[0, 2.50, 0, 0],
	[0, 2.50, 0, 0],
	[0, 2.50, 0, 0],
	[0, 2.50, 0, 0],
	[0, 2.50, 0, 0],
	[0, 2.50, 0, 0],
	[0, 0, 0, 0],
	[0, 0, 0, 0],
	[0, 0, 0, 0],
	[0, 0, 0, 0],
	[0, 0, 0, 0],
	[0, 0, 0, 0],
	[0, 0, 0, 0],
	[0, 0, 0, 0],
	[0, 0, 0, 0],
	[0, 0, 0, 0],
	[0, 0, 0, 0],
	[0, 0, 0, 0],
	[0, 0, 0, 0],
	[0, 0, 0, 0],
	[0, 0, 0, 0],
	[0, 0, 0, 0] ]
overcost [
	[0, 0, 0, 0],
	[0, 0, 0, 0],
	[0, 0, 0, 0],
	[0, 0, 0, 0],
	[0, 0, 0, 0],
	[0, 0, 0, 0],
	[0, 0, 0, 0],
	[0, 0, 0, 0],
	[0, 0, 0, 0],
	[0, 0, 0, 0],
	[0, 0, 0, 0],
	[0, 0, 0, 0],
	[0, 0, 0, 0],
	[0, 0, 0, 0],
	[0, 0, 0, 0],
	[0, 0, 0, 0],
	[0, 0, 0, 0],
	[0, 0, 0, 0],
	[0, 0, 0, 0],
	[0, 0, 0, 0],
	[0, 0, 0, 0],
	[0, 0, 0, 0],
	[0, 0, 0, 0],
	[0, 0, 0, 0],
	[0, 0, 0, 0],
	[0, 0, 0, 0],
	[0, 0, 0, 0],
	[0, 0, 0, 0],
	[0, 0, 0, 0],
	[0, 0, 0, 0],
	[0, 0, 0, 0],
	[0, 0, 0, 0],
	[0, 0, 0, 0],
	[0, 0, 0, 0],
	[0, 0, 0, 0],
	[0, 0, 0, 0],
	[0, 0, 0, 0],
	[0, 0, 0, 0],
	[0, 0, 0, 0],
	[0, 0, 0, 0],
	[0, 1.648032e+00, 0, 0],
	[0, 1.648032e+00, 0, 0],
	[0, 1.648032e+00, 0, 0],
	[0, 1.648032e+00, 0, 0],
	[9.791307e-01, 1.629308e+00, 7.499473e+00, 1.279341e+00],
	[9.791307e-01, 1.629308e+00, 7.499473e+00, 1.279341e+00],
	[9.791307e-01, 1.629308e+00, 7.499473e+00, 1.279341e+00],
	[9.791307e-01, 1.629308e+00, 7.499473e+00, 1.279341e+00],
	[7.051963e-01, 1.677781e+00, 4.465285e+00, 1.824186e+00],
	[7.051963e-01, 1.677781e+00, 4.465285e+00, 1.824186e+00],
	[7.051963e-01, 1.677781e+00, 4.465285e+00, 1.824186e+00],
	[7.051963e-01, 1.677781e+00, 4.465285e+00, 1.824186e+00],
	[8.512111e-01, 1.355539e+00, 3.662478e+00, 1.595572e+00],
	[8.512111e-01, 1.355539e+00, 3.662478e+00, 1.595572e+00],
	[8.512111e-01, 1.355539e+00, 3.662478e+00, 1.595572e+00],
	[8.512111e-01, 1.355539e+00, 3.662478e+00, 1.595572e+00],
	[6.832459e-01, 1.228450e+00, 3.606836e+00, 1.503955e+00],
	[6.832459e-01, 1.228450e+00, 3.606836e+00, 1.503955e+00],
	[6.832459e-01, 1.228450e+00, 3.606836e+00, 1.503955e+00],
	[6.832459e-01, 1.228450e+00, 3.606836e+00, 1.503955e+00],
	[8.672824e-01, 1.225008e+00, 4.862780e+00, 1.333102e+00],
	[8.672824e-01, 1.225008e+00, 4.862780e+00, 1.333102e+00],
	[8.672824e-01, 1.225008e+00, 4.862780e+00, 1.333102e+00],
	[8.672824e-01, 1.225008e+00, 4.862780e+00, 1.333102e+00],
	[0, 1.451858e+00, 8.309835e+00, 0],
	[0, 1.451858e+00, 8.309835e+00, 0],
	[0, 1.451858e+00, 8.309835e+00, 0],
	[0, 1.451858e+00, 8.309835e+00, 0],
	[0, 1.671919e+00, 0, 0],
	[0, 1.671919e+00, 0, 0],
	[0, 1.671919e+00, 0, 0],
	[0, 1.671919e+00, 0, 0],
	[0, 1.437423e+00, 0, 0],
	[0, 1.437423e+00, 0, 0],
	[0, 1.437423e+00, 0, 0],
	[0, 1.437423e+00, 0, 0],
	[0, 1.469585e+00, 0, 0],
	[0, 1.469585e+00, 0, 0],
	[0, 1.469585e+00, 0, 0],
	[0, 1.469585e+00, 0, 0],
	[0, 0, 0, 0],
	[0, 0, 0, 0],
	[0, 0, 0, 0],
	[0, 0, 0, 0],
	[0, 0, 0, 0],
	[0, 0, 0, 0],
	[0, 0, 0, 0],
	[0, 0, 0, 0],
	[0, 0, 0, 0],
	[0, 0, 0, 0],
	[0, 0, 0, 0],
	[0, 0, 0, 0],
	[0, 0, 0, 0],
	[0, 0, 0, 0],
	[0, 0, 0, 0],
	[0, 0, 0, 0] ]
undercost [
	[0, 0, 0, 0],
	[0, 0, 0, 0],
	[0, 0, 0, 0],
	[0, 0, 0, 0],
	[0, 0, 0, 0],
	[0, 0, 0, 0],
	[0, 0, 0, 0],
	[0, 0, 0, 0],
	[0, 0, 0, 0],
	[0, 0, 0, 0],
	[0, 0, 0, 0],
	[0, 0, 0, 0],
	[0, 0, 0, 0],
	[0, 0, 0, 0],
	[0, 0, 0, 0],
	[0, 0, 0, 0],
	[0, 0, 0, 0],
	[0, 0, 0, 0],
	[0, 0, 0, 0],
	[0, 0, 0, 0],
	[0, 0, 0, 0],
	[0, 0, 0, 0],
	[0, 0, 0, 0],
	[0, 0, 0, 0],
	[0, 0, 0, 0],
	[0, 0, 0, 0],
	[0, 0, 0, 0],
	[0, 0, 0, 0],
	[0, 0, 0, 0],
	[0, 0, 0, 0],
	[0, 0, 0, 0],
	[0, 0, 0, 0],
	[0, 0, 0, 0],
	[0, 0, 0, 0],
	[0, 0, 0, 0],
	[0, 0, 0, 0],
	[0, 0, 0, 0],
	[0, 0, 0, 0],
	[0, 0, 0, 0],
	[0, 0, 0, 0],
	[0, 1.000000e+06, 0, 0],
	[0, 1.000000e+06, 0, 0],
	[0, 1.000000e+06, 0, 0],
	[0, 1.000000e+06, 0, 0],
	[1.163869e+00, 2.448720e+00, 1.000000e+06, 1.000000e+06],
	[1.163869e+00, 2.448720e+00, 1.000000e+06, 1.000000e+06],
	[1.163869e+00, 2.448720e+00, 1.000000e+06, 1.000000e+06],
	[1.163869e+00, 2.448720e+00, 1.000000e+06, 1.000000e+06],
	[1.484428e+00, 1.795193e+00, 1.000000e+06, 1.000000e+06],
	[1.484428e+00, 1.795193e+00, 1.000000e+06, 1.000000e+06],
	[1.484428e+00, 1.795193e+00, 1.000000e+06, 1.000000e+06],
	[1.484428e+00, 1.795193e+00, 1.000000e+06, 1.000000e+06],
	[1.171697e+00, 2.230889e+00, 1.000000e+06, 1.000000e+06],
	[1.171697e+00, 2.230889e+00, 1.000000e+06, 1.000000e+06],
	[1.171697e+00, 2.230889e+00, 1.000000e+06, 1.000000e+06],
	[1.171697e+00, 2.230889e+00, 1.000000e+06, 1.000000e+06],
	[1.368325e+00, 2.403414e+00, 1.000000e+06, 1.000000e+06],
	[1.368325e+00, 2.403414e+00, 1.000000e+06, 1.000000e+06],
	[1.368325e+00, 2.403414e+00, 1.000000e+06, 1.000000e+06],
	[1.368325e+00, 2.403414e+00, 1.000000e+06, 1.000000e+06],
	[1.032061e+00, 2.414983e+00, 1.000000e+06, 1.000000e+06],
	[1.032061e+00, 2.414983e+00, 1.000000e+06, 1.000000e+06],
	[1.032061e+00, 2.414983e+00, 1.000000e+06, 1.000000e+06],
	[1.032061e+00, 2.414983e+00, 1.000000e+06, 1.000000e+06],
	[0, 2.702862e+00, 1.000000e+06, 0],
	[0, 2.702862e+00, 1.000000e+06, 0],
	[0, 2.702862e+00, 1.000000e+06, 0],
	[0, 2.702862e+00, 1.000000e+06, 0],
	[0, 1.814784e+00, 0, 0],
	[0, 1.814784e+00, 0, 0],
	[0, 1.814784e+00, 0, 0],
	[0, 1.814784e+00, 0, 0],
	[0, 1.692196e+00, 0, 0],
	[0, 1.692196e+00, 0, 0],
	[0, 1.692196e+00, 0, 0],
	[0, 1.692196e+00, 0, 0],
	[0, 1.660823e+00, 0, 0],
	[0, 1.660823e+00, 0, 0],
	[0, 1.660823e+00, 0, 0],
	[0, 1.660823e+00, 0, 0],
	[0, 0, 0, 0],
	[0, 0, 0, 0],
	[0, 0, 0, 0],
	[0, 0, 0, 0],
	[0, 0, 0, 0],
	[0, 0, 0, 0],
	[0, 0, 0, 0],
	[0, 0, 0, 0],
	[0, 0, 0, 0],
	[0, 0, 0, 0],
	[0, 0, 0, 0],
	[0, 0, 0, 0],
	[0, 0, 0, 0],
	[0, 0, 0, 0],
	[0, 0, 0, 0],
	[0, 0, 0, 0] ]
