71 439 445 924 1141 1594 2515 2643 3294 4299
SHOE
ACT	10
SHIFT	96
demand [
	[0, 0, 0, 0, 0, 0, 0, 0, 0, 0],
	[0, 0, 0, 0, 0, 0, 0, 0, 0, 0],
	[0, 0, 0, 0, 0, 0, 0, 0, 0, 0],
	[0, 0, 0, 0, 0, 0, 0, 0, 0, 0],
	[0, 0, 0, 0, 0, 0, 0, 0, 0, 0],
	[0, 0, 0, 0, 0, 0, 0, 0, 0, 0],
	[0, 0, 0, 0, 0, 0, 0, 0, 0, 0],
	[0, 0, 0, 0, 0, 0, 0, 0, 0, 0],
	[0, 0, 0, 0, 0, 0, 0, 0, 0, 0],
	[0, 0, 0, 0, 0, 0, 0, 0, 0, 0],
	[0, 0, 0, 0, 0, 0, 0, 0, 0, 0],
	[0, 0, 0, 0, 0, 0, 0, 0, 0, 0],
	[0, 0, 0, 0, 0, 0, 0, 0, 0, 0],
	[0, 0, 0, 0, 0, 0, 0, 0, 0, 0],
	[0, 0, 0, 0, 0, 0, 0, 0, 0, 0],
	[0, 0, 0, 0, 0, 0, 0, 0, 0, 0],
	[0, 0, 0, 0, 0, 0, 0, 0, 0, 0],
	[0, 0, 0, 0, 0, 0, 0, 0, 0, 0],
	[0, 0, 0, 0, 0, 0, 0, 0, 0, 0],
	[0, 0, 0, 0, 0, 0, 0, 0, 0, 0],
	[0, 0, 0, 0, 0, 0, 0, 0, 0, 0],
	[0, 0, 0, 0, 0, 0, 0, 0, 0, 0],
	[0, 0, 0, 0, 0, 0, 0, 0, 0, 0],
	[0, 0, 0, 0, 0, 0, 0, 0, 0, 0],
	[0, 0, 0, 0, 0, 0, 0, 0, 0, 0],
	[0, 0, 0, 0, 0, 0, 0, 0, 0, 0],
	[0, 0, 0, 0, 0, 0, 0, 0, 0, 0],
	[0, 0, 0, 0, 0, 0, 0, 0, 0, 0],
	[0, 0, 0, 0, 0, 0, 0, 0, 0, 0],
	[0, 0, 0, 0, 0, 0, 0, 0, 0, 0],
	[0, 0, 0, 0, 0, 0, 0, 0, 0, 0],
	[0, 0, 0, 0, 0, 0, 0, 0, 0, 0],
	[0, 0, 0, 1.00, 0, 1.00, 0, 0, 0, 1.00],
	[0, 0, 0, 1.00, 0, 1.00, 0, 0, 0, 1.00],
	[0, 0, 0, 1.00, 0, 1.00, 0, 0, 0, 1.00],
	[0, 0, 0, 1.00, 0, 1.00, 0, 0, 0, 1.00],
	[1.00, 0, 1.00, 1.25, 0, 0, 1.00, 1.00, 1.00, 1.00],
	[1.00, 0, 1.00, 1.25, 0, 0, 1.00, 1.00, 1.00, 1.00],
	[1.00, 0, 1.00, 1.25, 0, 0, 1.00, 1.00, 1.00, 1.00],
	[1.00, 0, 1.00, 1.25, 0, 0, 1.00, 1.00, 1.00, 1.00],
	[1.00, 1.00, 1.00, 1.50, 2.25, 0, 1.00, 1.00, 1.00, 1.00],
	[1.00, 1.00, 1.00, 1.50, 2.25, 0, 1.00, 1.00, 1.00, 1.00],
	[1.00, 1.00, 1.00, 1.50, 2.25, 0, 1.00, 1.00, 1.00, 1.00],
	[1.00, 1.00, 1.00, 1.50, 2.25, 0, 1.00, 1.00, 1.00, 1.00],
	[1.00, 1.00, 1.00, 2.00, 3.00, 1.75, 1.50, 1.25, 2.50, 1.00],
	[1.00, 1.00, 1.00, 2.00, 3.00, 1.75, 1.50, 1.25, 2.50, 1.00],
	[1.00, 1.00, 1.00, 2.00, 3.00, 1.75, 1.50, 1.25, 2.50, 1.00],
	[1.00, 1.00, 1.00, 2.00, 3.00, 1.75, 1.50, 1.25, 2.50, 1.00],
	[1.00, 0, 1.00, 2.25, 3.25, 1.75, 1.75, 1.75, 3.25, 1.00],
	[1.00, 0, 1.00, 2.25, 3.25, 1.75, 1.75, 1.75, 3.25, 1.00],
	[1.00, 0, 1.00, 2.25, 3.25, 1.75, 1.75, 1.75, 3.25, 1.00],
	[1.00, 0, 1.00, 2.25, 3.25, 1.75, 1.75, 1.75, 3.25, 1.00],
	[1.00, 1.00, 1.00, 2.25, 3.25, 1.75, 1.75, 1.75, 3.75, 1.00],
	[1.00, 1.00, 1.00, 2.25, 3.25, 1.75, 1.75, 1.75, 3.75, 1.00],
	[1.00, 1.00, 1.00, 2.25, 3.25, 1.75, 1.75, 1.75, 3.75, 1.00],
	[1.00, 1.00, 1.00, 2.25, 3.25, 1.75, 1.75, 1.75, 3.75, 1.00],
	[1.00, 1.00, 1.00, 2.25, 3.25, 2.00, 2.00, 1.75, 3.75, 1.00],
	[1.00, 1.00, 1.00, 2.25, 3.25, 2.00, 2.00, 1.75, 3.75, 1.00],
	[1.00, 1.00, 1.00, 2.25, 3.25, 2.00, 2.00, 1.75, 3.75, 1.00],
	[1.00, 1.00, 1.00, 2.25, 3.25, 2.00, 2.00, 1.75, 3.75, 1.00],
	[1.00, 1.00, 1.00, 2.50, 3.50, 2.00, 1.75, 1.75, 3.50, 1.00],
	[1.00, 1.00, 1.00, 2.50, 3.50, 2.00, 1.75, 1.75, 3.50, 1.00],
	[1.00, 1.00, 1.00, 2.50, 3.50, 2.00, 1.75, 1.75, 3.50, 1.00],
	[1.00, 1.00, 1.00, 2.50, 3.50, 2.00, 1.75, 1.75, 3.50, 1.00],
	[1.00, 1.00, 1.00, 2.25, 3.25, 1.75, 1.50, 1.00, 2.50, 1.00],
	[1.00, 1.00, 1.00, 2.25, 3.25, 1.75, 1.50, 1.00, 2.50, 1.00],
	[1.00, 1.00, 1.00, 2.25, 3.25, 1.75, 1.50, 1.00, 2.50, 1.00],
	[1.00, 1.00, 1.00, 2.25, 3.25, 1.75, 1.50, 1.00, 2.50, 1.00],
	[0, 1.00, 1.00, 2.25, 3.25, 0, 1.50, 1.25, 0, 1.00],
	[0, 1.00, 1.00, 2.25, 3.25, 0, 1.50, 1.25, 0, 1.00],
	[0, 1.00, 1.00, 2.25, 3.25, 0, 1.50, 1.25, 0, 1.00],
	[0, 1.00, 1.00, 2.25, 3.25, 0, 1.50, 1.25, 0, 1.00],
	[0, 0, 0, 2.50, 0, 0, 2.00, 1.75, 0, 1.00],
	[0, 0, 0, 2.50, 0, 0, 2.00, 1.75, 0, 1.00],
	[0, 0, 0, 2.50, 0, 0, 2.00, 1.75, 0, 1.00],
	[0, 0, 0, 2.50, 0, 0, 2.00, 1.75, 0, 1.00],
	[0, 0, 0, 2.50, 0, 0, 1.75, 1.50, 0, 0],
	[0, 0, 0, 2.50, 0, 0, 1.75, 1.50, 0, 0],
	[0, 0, 0, 2.50, 0, 0, 1.75, 1.50, 0, 0],
	[0, 0, 0, 2.50, 0, 0, 1.75, 1.50, 0, 0],
	[0, 0, 0, 1.75, 0, 0, 0, 1.00, 0, 0],
	[0, 0, 0, 1.75, 0, 0, 0, 1.00, 0, 0],
	[0, 0, 0, 1.75, 0, 0, 0, 1.00, 0, 0],
	[0, 0, 0, 1.75, 0, 0, 0, 1.00, 0, 0],
	[0, 0, 0, 0, 0, 0, 0, 0, 0, 0],
	[0, 0, 0, 0, 0, 0, 0, 0, 0, 0],
	[0, 0, 0, 0, 0, 0, 0, 0, 0, 0],
	[0, 0, 0, 0, 0, 0, 0, 0, 0, 0],
	[0, 0, 0, 0, 0, 0, 0, 0, 0, 0],
	[0, 0, 0, 0, 0, 0, 0, 0, 0, 0],
	[0, 0, 0, 0, 0, 0, 0, 0, 0, 0],
	[0, 0, 0, 0, 0, 0, 0, 0, 0, 0],
	[0, 0, 0, 0, 0, 0, 0, 0, 0, 0],
	[0, 0, 0, 0, 0, 0, 0, 0, 0, 0],
	[0, 0, 0, 0, 0, 0, 0, 0, 0, 0],
	[0, 0, 0, 0, 0, 0, 0, 0, 0, 0] ]
overcost [
	[0, 0, 0, 0, 0, 0, 0, 0, 0, 0],
	[0, 0, 0, 0, 0, 0, 0, 0, 0, 0],
	[0, 0, 0, 0, 0, 0, 0, 0, 0, 0],
	[0, 0, 0, 0, 0, 0, 0, 0, 0, 0],
	[0, 0, 0, 0, 0, 0, 0, 0, 0, 0],
	[0, 0, 0, 0, 0, 0, 0, 0, 0, 0],
	[0, 0, 0, 0, 0, 0, 0, 0, 0, 0],
	[0, 0, 0, 0, 0, 0, 0, 0, 0, 0],
	[0, 0, 0, 0, 0, 0, 0, 0, 0, 0],
	[0, 0, 0, 0, 0, 0, 0, 0, 0, 0],
	[0, 0, 0, 0, 0, 0, 0, 0, 0, 0],
	[0, 0, 0, 0, 0, 0, 0, 0, 0, 0],
	[0, 0, 0, 0, 0, 0, 0, 0, 0, 0],
	[0, 0, 0, 0, 0, 0, 0, 0, 0, 0],
	[0, 0, 0, 0, 0, 0, 0, 0, 0, 0],
	[0, 0, 0, 0, 0, 0, 0, 0, 0, 0],
	[0, 0, 0, 0, 0, 0, 0, 0, 0, 0],
	[0, 0, 0, 0, 0, 0, 0, 0, 0, 0],
	[0, 0, 0, 0, 0, 0, 0, 0, 0, 0],
	[0, 0, 0, 0, 0, 0, 0, 0, 0, 0],
	[0, 0, 0, 0, 0, 0, 0, 0, 0, 0],
	[0, 0, 0, 0, 0, 0, 0, 0, 0, 0],
	[0, 0, 0, 0, 0, 0, 0, 0, 0, 0],
	[0, 0, 0, 0, 0, 0, 0, 0, 0, 0],
	[0, 0, 0, 0, 0, 0, 0, 0, 0, 0],
	[0, 0, 0, 0, 0, 0, 0, 0, 0, 0],
	[0, 0, 0, 0, 0, 0, 0, 0, 0, 0],
	[0, 0, 0, 0, 0, 0, 0, 0, 0, 0],
	[0, 0, 0, 0, 0, 0, 0, 0, 0, 0],
	[0, 0, 0, 0, 0, 0, 0, 0, 0, 0],
	[0, 0, 0, 0, 0, 0, 0, 0, 0, 0],
	[0, 0, 0, 0, 0, 0, 0, 0, 0, 0],
	[0, 0, 0, 5.428574e+00, 0, 5.965676e+00, 0, 0, 0, 7.596397e+00],
	[0, 0, 0, 5.428574e+00, 0, 5.965676e+00, 0, 0, 0, 7.596397e+00],
	[0, 0, 0, 5.428574e+00, 0, 5.965676e+00, 0, 0, 0, 7.596397e+00],
	[0, 0, 0, 5.428574e+00, 0, 5.965676e+00, 0, 0, 0, 7.596397e+00],
	[8.692993e+00, 0, 8.777920e+00, 2.713129e+00, 0, 0, 5.453277e+00, 1.062008e+01, 9.800348e+00, 5.856561e+00],
	[8.692993e+00, 0, 8.777920e+00, 2.713129e+00, 0, 0, 5.453277e+00, 1.062008e+01, 9.800348e+00, 5.856561e+00],
	[8.692993e+00, 0, 8.777920e+00, 2.713129e+00, 0, 0, 5.453277e+00, 1.062008e+01, 9.800348e+00, 5.856561e+00],
	[8.692993e+00, 0, 8.777920e+00, 2.713129e+00, 0, 0, 5.453277e+00, 1.062008e+01, 9.800348e+00, 5.856561e+00],
	[6.551250e+00, 7.587334e+00, 7.488611e+00, 2.073358e+00, 1.030258e+00, 0, 3.331240e+00, 7.400950e+00, 3.198722e+00, 4.922082e+00],
	[6.551250e+00, 7.587334e+00, 7.488611e+00, 2.073358e+00, 1.030258e+00, 0, 3.331240e+00, 7.400950e+00, 3.198722e+00, 4.922082e+00],
	[6.551250e+00, 7.587334e+00, 7.488611e+00, 2.073358e+00, 1.030258e+00, 0, 3.331240e+00, 7.400950e+00, 3.198722e+00, 4.922082e+00],
	[6.551250e+00, 7.587334e+00, 7.488611e+00, 2.073358e+00, 1.030258e+00, 0, 3.331240e+00, 7.400950e+00, 3.198722e+00, 4.922082e+00],
	[3.642721e+00, 4.219794e+00, 4.078641e+00, 1.321677e+00, 9.094337e-01, 2.010631e+00, 1.972622e+00, 2.510255e+00, 1.201520e+00, 3.380718e+00],
	[3.642721e+00, 4.219794e+00, 4.078641e+00, 1.321677e+00, 9.094337e-01, 2.010631e+00, 1.972622e+00, 2.510255e+00, 1.201520e+00, 3.380718e+00],
	[3.642721e+00, 4.219794e+00, 4.078641e+00, 1.321677e+00, 9.094337e-01, 2.010631e+00, 1.972622e+00, 2.510255e+00, 1.201520e+00, 3.380718e+00],
	[3.642721e+00, 4.219794e+00, 4.078641e+00, 1.321677e+00, 9.094337e-01, 2.010631e+00, 1.972622e+00, 2.510255e+00, 1.201520e+00, 3.380718e+00],
	[2.454032e+00, 0, 2.688306e+00, 1.511715e+00, 1.143253e+00, 1.533148e+00, 1.623114e+00, 2.112841e+00, 7.800241e-01, 3.131053e+00],
	[2.454032e+00, 0, 2.688306e+00, 1.511715e+00, 1.143253e+00, 1.533148e+00, 1.623114e+00, 2.112841e+00, 7.800241e-01, 3.131053e+00],
	[2.454032e+00, 0, 2.688306e+00, 1.511715e+00, 1.143253e+00, 1.533148e+00, 1.623114e+00, 2.112841e+00, 7.800241e-01, 3.131053e+00],
	[2.454032e+00, 0, 2.688306e+00, 1.511715e+00, 1.143253e+00, 1.533148e+00, 1.623114e+00, 2.112841e+00, 7.800241e-01, 3.131053e+00],
	[2.015621e+00, 2.392941e+00, 2.224283e+00, 1.190287e+00, 9.090102e-01, 1.237428e+00, 1.221478e+00, 1.481589e+00, 1.031522e+00, 2.904929e+00],
	[2.015621e+00, 2.392941e+00, 2.224283e+00, 1.190287e+00, 9.090102e-01, 1.237428e+00, 1.221478e+00, 1.481589e+00, 1.031522e+00, 2.904929e+00],
	[2.015621e+00, 2.392941e+00, 2.224283e+00, 1.190287e+00, 9.090102e-01, 1.237428e+00, 1.221478e+00, 1.481589e+00, 1.031522e+00, 2.904929e+00],
	[2.015621e+00, 2.392941e+00, 2.224283e+00, 1.190287e+00, 9.090102e-01, 1.237428e+00, 1.221478e+00, 1.481589e+00, 1.031522e+00, 2.904929e+00],
	[1.932864e+00, 2.343281e+00, 2.172873e+00, 1.057515e+00, 7.823114e-01, 1.780350e+00, 1.757673e+00, 1.404751e+00, 9.371194e-01, 2.874749e+00],
	[1.932864e+00, 2.343281e+00, 2.172873e+00, 1.057515e+00, 7.823114e-01, 1.780350e+00, 1.757673e+00, 1.404751e+00, 9.371194e-01, 2.874749e+00],
	[1.932864e+00, 2.343281e+00, 2.172873e+00, 1.057515e+00, 7.823114e-01, 1.780350e+00, 1.757673e+00, 1.404751e+00, 9.371194e-01, 2.874749e+00],
	[1.932864e+00, 2.343281e+00, 2.172873e+00, 1.057515e+00, 7.823114e-01, 1.780350e+00, 1.757673e+00, 1.404751e+00, 9.371194e-01, 2.874749e+00],
	[2.316010e+00, 2.857198e+00, 2.692397e+00, 1.606933e+00, 1.015682e+00, 1.749630e+00, 1.346468e+00, 2.075497e+00, 1.118679e+00, 2.856543e+00],
	[2.316010e+00, 2.857198e+00, 2.692397e+00, 1.606933e+00, 1.015682e+00, 1.749630e+00, 1.346468e+00, 2.075497e+00, 1.118679e+00, 2.856543e+00],
	[2.316010e+00, 2.857198e+00, 2.692397e+00, 1.606933e+00, 1.015682e+00, 1.749630e+00, 1.346468e+00, 2.075497e+00, 1.118679e+00, 2.856543e+00],
	[2.316010e+00, 2.857198e+00, 2.692397e+00, 1.606933e+00, 1.015682e+00, 1.749630e+00, 1.346468e+00, 2.075497e+00, 1.118679e+00, 2.856543e+00],
	[3.763134e+00, 4.481226e+00, 4.340879e+00, 1.778878e+00, 1.086326e+00, 1.834895e+00, 1.922085e+00, 1.900019e+00, 1.485071e+00, 3.394138e+00],
	[3.763134e+00, 4.481226e+00, 4.340879e+00, 1.778878e+00, 1.086326e+00, 1.834895e+00, 1.922085e+00, 1.900019e+00, 1.485071e+00, 3.394138e+00],
	[3.763134e+00, 4.481226e+00, 4.340879e+00, 1.778878e+00, 1.086326e+00, 1.834895e+00, 1.922085e+00, 1.900019e+00, 1.485071e+00, 3.394138e+00],
	[3.763134e+00, 4.481226e+00, 4.340879e+00, 1.778878e+00, 1.086326e+00, 1.834895e+00, 1.922085e+00, 1.900019e+00, 1.485071e+00, 3.394138e+00],
	[0, 3.817949e+00, 3.667221e+00, 1.378321e+00, 8.035576e-01, 0, 1.385034e+00, 1.817547e+00, 0, 3.047641e+00],
	[0, 3.817949e+00, 3.667221e+00, 1.378321e+00, 8.035576e-01, 0, 1.385034e+00, 1.817547e+00, 0, 3.047641e+00],
	[0, 3.817949e+00, 3.667221e+00, 1.378321e+00, 8.035576e-01, 0, 1.385034e+00, 1.817547e+00, 0, 3.047641e+00],
	[0, 3.817949e+00, 3.667221e+00, 1.378321e+00, 8.035576e-01, 0, 1.385034e+00, 1.817547e+00, 0, 3.047641e+00],
	[0, 0, 0, 1.196966e+00, 0, 0, 1.702906e+00, 1.497805e+00, 0, 2.392878e+00],
	[0, 0, 0, 1.196966e+00, 0, 0, 1.702906e+00, 1.497805e+00, 0, 2.392878e+00],
	[0, 0, 0, 1.196966e+00, 0, 0, 1.702906e+00, 1.497805e+00, 0, 2.392878e+00],
	[0, 0, 0, 1.196966e+00, 0, 0, 1.702906e+00, 1.497805e+00, 0, 2.392878e+00],
	[0, 0, 0, 1.053470e+00, 0, 0, 1.756099e+00, 2.405283e+00, 0, 0],
	[0, 0, 0, 1.053470e+00, 0, 0, 1.756099e+00, 2.405283e+00, 0, 0],
	[0, 0, 0, 1.053470e+00, 0, 0, 1.756099e+00, 2.405283e+00, 0, 0],
	[0, 0, 0, 1.053470e+00, 0, 0, 1.756099e+00, 2.405283e+00, 0, 0],
	[0, 0, 0, 1.317555e+00, 0, 0, 0, 9.780346e+00, 0, 0],
	[0, 0, 0, 1.317555e+00, 0, 0, 0, 9.780346e+00, 0, 0],
	[0, 0, 0, 1.317555e+00, 0, 0, 0, 9.780346e+00, 0, 0],
	[0, 0, 0, 1.317555e+00, 0, 0, 0, 9.780346e+00, 0, 0],
	[0, 0, 0, 0, 0, 0, 0, 0, 0, 0],
	[0, 0, 0, 0, 0, 0, 0, 0, 0, 0],
	[0, 0, 0, 0, 0, 0, 0, 0, 0, 0],
	[0, 0, 0, 0, 0, 0, 0, 0, 0, 0],
	[0, 0, 0, 0, 0, 0, 0, 0, 0, 0],
	[0, 0, 0, 0, 0, 0, 0, 0, 0, 0],
	[0, 0, 0, 0, 0, 0, 0, 0, 0, 0],
	[0, 0, 0, 0, 0, 0, 0, 0, 0, 0],
	[0, 0, 0, 0, 0, 0, 0, 0, 0, 0],
	[0, 0, 0, 0, 0, 0, 0, 0, 0, 0],
	[0, 0, 0, 0, 0, 0, 0, 0, 0, 0],
	[0, 0, 0, 0, 0, 0, 0, 0, 0, 0] ]
undercost [
	[0, 0, 0, 0, 0, 0, 0, 0, 0, 0],
	[0, 0, 0, 0, 0, 0, 0, 0, 0, 0],
	[0, 0, 0, 0, 0, 0, 0, 0, 0, 0],
	[0, 0, 0, 0, 0, 0, 0, 0, 0, 0],
	[0, 0, 0, 0, 0, 0, 0, 0, 0, 0],
	[0, 0, 0, 0, 0, 0, 0, 0, 0, 0],
	[0, 0, 0, 0, 0, 0, 0, 0, 0, 0],
	[0, 0, 0, 0, 0, 0, 0, 0, 0, 0],
	[0, 0, 0, 0, 0, 0, 0, 0, 0, 0],
	[0, 0, 0, 0, 0, 0, 0, 0, 0, 0],
	[0, 0, 0, 0, 0, 0, 0, 0, 0, 0],
	[0, 0, 0, 0, 0, 0, 0, 0, 0, 0],
	[0, 0, 0, 0, 0, 0, 0, 0, 0, 0],
	[0, 0, 0, 0, 0, 0, 0, 0, 0, 0],
	[0, 0, 0, 0, 0, 0, 0, 0, 0, 0],
	[0, 0, 0, 0, 0, 0, 0, 0, 0, 0],
	[0, 0, 0, 0, 0, 0, 0, 0, 0, 0],
	[0, 0, 0, 0, 0, 0, 0, 0, 0, 0],
	[0, 0, 0, 0, 0, 0, 0, 0, 0, 0],
	[0, 0, 0, 0, 0, 0, 0, 0, 0, 0],
	[0, 0, 0, 0, 0, 0, 0, 0, 0, 0],
	[0, 0, 0, 0, 0, 0, 0, 0, 0, 0],
	[0, 0, 0, 0, 0, 0, 0, 0, 0, 0],
	[0, 0, 0, 0, 0, 0, 0, 0, 0, 0],
	[0, 0, 0, 0, 0, 0, 0, 0, 0, 0],
	[0, 0, 0, 0, 0, 0, 0, 0, 0, 0],
	[0, 0, 0, 0, 0, 0, 0, 0, 0, 0],
	[0, 0, 0, 0, 0, 0, 0, 0, 0, 0],
	[0, 0, 0, 0, 0, 0, 0, 0, 0, 0],
	[0, 0, 0, 0, 0, 0, 0, 0, 0, 0],
	[0, 0, 0, 0, 0, 0, 0, 0, 0, 0],
	[0, 0, 0, 0, 0, 0, 0, 0, 0, 0],
	[0, 0, 0, 1.000000e+06, 0, 1.000000e+06, 0, 0, 0, 1.000000e+06],
	[0, 0, 0, 1.000000e+06, 0, 1.000000e+06, 0, 0, 0, 1.000000e+06],
	[0, 0, 0, 1.000000e+06, 0, 1.000000e+06, 0, 0, 0, 1.000000e+06],
	[0, 0, 0, 1.000000e+06, 0, 1.000000e+06, 0, 0, 0, 1.000000e+06],
	[1.000000e+06, 0, 1.000000e+06, 1.000000e+06, 0, 0, 1.000000e+06, 1.000000e+06, 1.000000e+06, 1.000000e+06],
	[1.000000e+06, 0, 1.000000e+06, 1.000000e+06, 0, 0, 1.000000e+06, 1.000000e+06, 1.000000e+06, 1.000000e+06],
	[1.000000e+06, 0, 1.000000e+06, 1.000000e+06, 0, 0, 1.000000e+06, 1.000000e+06, 1.000000e+06, 1.000000e+06],
	[1.000000e+06, 0, 1.000000e+06, 1.000000e+06, 0, 0, 1.000000e+06, 1.000000e+06, 1.000000e+06, 1.000000e+06],
	[1.000000e+06, 1.000000e+06, 1.000000e+06, 1.000000e+06, 2.369054e+00, 0, 1.000000e+06, 1.000000e+06, 1.000000e+06, 1.000000e+06],
	[1.000000e+06, 1.000000e+06, 1.000000e+06, 1.000000e+06, 2.369054e+00, 0, 1.000000e+06, 1.000000e+06, 1.000000e+06, 1.000000e+06],
	[1.000000e+06, 1.000000e+06, 1.000000e+06, 1.000000e+06, 2.369054e+00, 0, 1.000000e+06, 1.000000e+06, 1.000000e+06, 1.000000e+06],
	[1.000000e+06, 1.000000e+06, 1.000000e+06, 1.000000e+06, 2.369054e+00, 0, 1.000000e+06, 1.000000e+06, 1.000000e+06, 1.000000e+06],
	[1.000000e+06, 1.000000e+06, 1.000000e+06, 3.095857e+00, 1.523806e+00, 1.000000e+06, 1.000000e+06, 1.000000e+06, 1.972997e+00, 1.000000e+06],
	[1.000000e+06, 1.000000e+06, 1.000000e+06, 3.095857e+00, 1.523806e+00, 1.000000e+06, 1.000000e+06, 1.000000e+06, 1.972997e+00, 1.000000e+06],
	[1.000000e+06, 1.000000e+06, 1.000000e+06, 3.095857e+00, 1.523806e+00, 1.000000e+06, 1.000000e+06, 1.000000e+06, 1.972997e+00, 1.000000e+06],
	[1.000000e+06, 1.000000e+06, 1.000000e+06, 3.095857e+00, 1.523806e+00, 1.000000e+06, 1.000000e+06, 1.000000e+06, 1.972997e+00, 1.000000e+06],
	[1.000000e+06, 0, 1.000000e+06, 2.202357e+00, 1.017155e+00, 1.000000e+06, 1.000000e+06, 1.000000e+06, 1.636815e+00, 1.000000e+06],
	[1.000000e+06, 0, 1.000000e+06, 2.202357e+00, 1.017155e+00, 1.000000e+06, 1.000000e+06, 1.000000e+06, 1.636815e+00, 1.000000e+06],
	[1.000000e+06, 0, 1.000000e+06, 2.202357e+00, 1.017155e+00, 1.000000e+06, 1.000000e+06, 1.000000e+06, 1.636815e+00, 1.000000e+06],
	[1.000000e+06, 0, 1.000000e+06, 2.202357e+00, 1.017155e+00, 1.000000e+06, 1.000000e+06, 1.000000e+06, 1.636815e+00, 1.000000e+06],
	[1.000000e+06, 1.000000e+06, 1.000000e+06, 2.636115e+00, 1.304415e+00, 1.000000e+06, 1.000000e+06, 1.000000e+06, 9.716193e-01, 1.000000e+06],
	[1.000000e+06, 1.000000e+06, 1.000000e+06, 2.636115e+00, 1.304415e+00, 1.000000e+06, 1.000000e+06, 1.000000e+06, 9.716193e-01, 1.000000e+06],
	[1.000000e+06, 1.000000e+06, 1.000000e+06, 2.636115e+00, 1.304415e+00, 1.000000e+06, 1.000000e+06, 1.000000e+06, 9.716193e-01, 1.000000e+06],
	[1.000000e+06, 1.000000e+06, 1.000000e+06, 2.636115e+00, 1.304415e+00, 1.000000e+06, 1.000000e+06, 1.000000e+06, 9.716193e-01, 1.000000e+06],
	[1.000000e+06, 1.000000e+06, 1.000000e+06, 2.815994e+00, 1.460069e+00, 1.981981e+00, 2.010941e+00, 1.000000e+06, 1.084736e+00, 1.000000e+06],
	[1.000000e+06, 1.000000e+06, 1.000000e+06, 2.815994e+00, 1.460069e+00, 1.981981e+00, 2.010941e+00, 1.000000e+06, 1.084736e+00, 1.000000e+06],
	[1.000000e+06, 1.000000e+06, 1.000000e+06, 2.815994e+00, 1.460069e+00, 1.981981e+00, 2.010941e+00, 1.000000e+06, 1.084736e+00, 1.000000e+06],
	[1.000000e+06, 1.000000e+06, 1.000000e+06, 2.815994e+00, 1.460069e+00, 1.981981e+00, 2.010941e+00, 1.000000e+06, 1.084736e+00, 1.000000e+06],
	[1.000000e+06, 1.000000e+06, 1.000000e+06, 1.629075e+00, 9.998636e-01, 2.034156e+00, 1.000000e+06, 1.000000e+06, 1.030547e+00, 1.000000e+06],
	[1.000000e+06, 1.000000e+06, 1.000000e+06, 1.629075e+00, 9.998636e-01, 2.034156e+00, 1.000000e+06, 1.000000e+06, 1.030547e+00, 1.000000e+06],
	[1.000000e+06, 1.000000e+06, 1.000000e+06, 1.629075e+00, 9.998636e-01, 2.034156e+00, 1.000000e+06, 1.000000e+06, 1.030547e+00, 1.000000e+06],
	[1.000000e+06, 1.000000e+06, 1.000000e+06, 1.629075e+00, 9.998636e-01, 2.034156e+00, 1.000000e+06, 1.000000e+06, 1.030547e+00, 1.000000e+06],
	[1.000000e+06, 1.000000e+06, 1.000000e+06, 1.855035e+00, 1.092981e+00, 1.000000e+06, 1.000000e+06, 1.000000e+06, 1.600421e+00, 1.000000e+06],
	[1.000000e+06, 1.000000e+06, 1.000000e+06, 1.855035e+00, 1.092981e+00, 1.000000e+06, 1.000000e+06, 1.000000e+06, 1.600421e+00, 1.000000e+06],
	[1.000000e+06, 1.000000e+06, 1.000000e+06, 1.855035e+00, 1.092981e+00, 1.000000e+06, 1.000000e+06, 1.000000e+06, 1.600421e+00, 1.000000e+06],
	[1.000000e+06, 1.000000e+06, 1.000000e+06, 1.855035e+00, 1.092981e+00, 1.000000e+06, 1.000000e+06, 1.000000e+06, 1.600421e+00, 1.000000e+06],
	[0, 1.000000e+06, 1.000000e+06, 2.397529e+00, 1.440436e+00, 0, 1.000000e+06, 1.000000e+06, 0, 1.000000e+06],
	[0, 1.000000e+06, 1.000000e+06, 2.397529e+00, 1.440436e+00, 0, 1.000000e+06, 1.000000e+06, 0, 1.000000e+06],
	[0, 1.000000e+06, 1.000000e+06, 2.397529e+00, 1.440436e+00, 0, 1.000000e+06, 1.000000e+06, 0, 1.000000e+06],
	[0, 1.000000e+06, 1.000000e+06, 2.397529e+00, 1.440436e+00, 0, 1.000000e+06, 1.000000e+06, 0, 1.000000e+06],
	[0, 0, 0, 2.170491e+00, 0, 0, 2.095810e+00, 1.000000e+06, 0, 1.000000e+06],
	[0, 0, 0, 2.170491e+00, 0, 0, 2.095810e+00, 1.000000e+06, 0, 1.000000e+06],
	[0, 0, 0, 2.170491e+00, 0, 0, 2.095810e+00, 1.000000e+06, 0, 1.000000e+06],
	[0, 0, 0, 2.170491e+00, 0, 0, 2.095810e+00, 1.000000e+06, 0, 1.000000e+06],
	[0, 0, 0, 2.372896e+00, 0, 0, 1.000000e+06, 1.000000e+06, 0, 0],
	[0, 0, 0, 2.372896e+00, 0, 0, 1.000000e+06, 1.000000e+06, 0, 0],
	[0, 0, 0, 2.372896e+00, 0, 0, 1.000000e+06, 1.000000e+06, 0, 0],
	[0, 0, 0, 2.372896e+00, 0, 0, 1.000000e+06, 1.000000e+06, 0, 0],
	[0, 0, 0, 1.000000e+06, 0, 0, 0, 1.000000e+06, 0, 0],
	[0, 0, 0, 1.000000e+06, 0, 0, 0, 1.000000e+06, 0, 0],
	[0, 0, 0, 1.000000e+06, 0, 0, 0, 1.000000e+06, 0, 0],
	[0, 0, 0, 1.000000e+06, 0, 0, 0, 1.000000e+06, 0, 0],
	[0, 0, 0, 0, 0, 0, 0, 0, 0, 0],
	[0, 0, 0, 0, 0, 0, 0, 0, 0, 0],
	[0, 0, 0, 0, 0, 0, 0, 0, 0, 0],
	[0, 0, 0, 0, 0, 0, 0, 0, 0, 0],
	[0, 0, 0, 0, 0, 0, 0, 0, 0, 0],
	[0, 0, 0, 0, 0, 0, 0, 0, 0, 0],
	[0, 0, 0, 0, 0, 0, 0, 0, 0, 0],
	[0, 0, 0, 0, 0, 0, 0, 0, 0, 0],
	[0, 0, 0, 0, 0, 0, 0, 0, 0, 0],
	[0, 0, 0, 0, 0, 0, 0, 0, 0, 0],
	[0, 0, 0, 0, 0, 0, 0, 0, 0, 0],
	[0, 0, 0, 0, 0, 0, 0, 0, 0, 0] ]
