358 1554 1871 1879 2739 3009 3672
SHOE
ACT	7
SHIFT	96
demand [
	[0, 0, 0, 0, 0, 0, 0],
	[0, 0, 0, 0, 0, 0, 0],
	[0, 0, 0, 0, 0, 0, 0],
	[0, 0, 0, 0, 0, 0, 0],
	[0, 0, 0, 0, 0, 0, 0],
	[0, 0, 0, 0, 0, 0, 0],
	[0, 0, 0, 0, 0, 0, 0],
	[0, 0, 0, 0, 0, 0, 0],
	[0, 0, 0, 0, 0, 0, 0],
	[0, 0, 0, 0, 0, 0, 0],
	[0, 0, 0, 0, 0, 0, 0],
	[0, 0, 0, 0, 0, 0, 0],
	[0, 0, 0, 0, 0, 0, 0],
	[0, 0, 0, 0, 0, 0, 0],
	[0, 0, 0, 0, 0, 0, 0],
	[0, 0, 0, 0, 0, 0, 0],
	[0, 0, 0, 0, 0, 0, 0],
	[0, 0, 0, 0, 0, 0, 0],
	[0, 0, 0, 0, 0, 0, 0],
	[0, 0, 0, 0, 0, 0, 0],
	[0, 0, 0, 0, 0, 0, 0],
	[0, 0, 0, 0, 0, 0, 0],
	[0, 0, 0, 0, 0, 0, 0],
	[0, 0, 0, 0, 0, 0, 0],
	[0, 0, 0, 0, 0, 0, 0],
	[0, 0, 0, 0, 0, 0, 0],
	[0, 0, 0, 0, 0, 0, 0],
	[0, 0, 0, 0, 0, 0, 0],
	[0, 0, 0, 0, 0, 0, 0],
	[0, 0, 0, 0, 0, 0, 0],
	[0, 0, 0, 0, 0, 0, 0],
	[0, 0, 0, 0, 0, 0, 0],
	[0, 1.00, 0, 0, 0, 0, 0],
	[0, 1.00, 0, 0, 0, 0, 0],
	[0, 1.00, 0, 0, 0, 0, 0],
	[0, 1.00, 0, 0, 0, 0, 0],
	[1.00, 1.25, 1.00, 0, 1.00, 1.00, 0],
	[1.00, 1.25, 1.00, 0, 1.00, 1.00, 0],
	[1.00, 1.25, 1.00, 0, 1.00, 1.00, 0],
	[1.00, 1.25, 1.00, 0, 1.00, 1.00, 0],
	[1.00, 1.50, 1.00, 0, 1.00, 1.00, 1.00],
	[1.00, 1.50, 1.00, 0, 1.00, 1.00, 1.00],
	[1.00, 1.50, 1.00, 0, 1.00, 1.00, 1.00],
	[1.00, 1.50, 1.00, 0, 1.00, 1.00, 1.00],
	[1.00, 2.25, 1.00, 1.50, 1.00, 0, 1.00],
	[1.00, 2.25, 1.00, 1.50, 1.00, 0, 1.00],
	[1.00, 2.25, 1.00, 1.50, 1.00, 0, 1.00],
	[1.00, 2.25, 1.00, 1.50, 1.00, 0, 1.00],
	[1.00, 2.25, 1.00, 1.50, 1.00, 1.00, 0],
	[1.00, 2.25, 1.00, 1.50, 1.00, 1.00, 0],
	[1.00, 2.25, 1.00, 1.50, 1.00, 1.00, 0],
	[1.00, 2.25, 1.00, 1.50, 1.00, 1.00, 0],
	[1.25, 2.50, 1.00, 1.75, 1.00, 1.00, 1.25],
	[1.25, 2.50, 1.00, 1.75, 1.00, 1.00, 1.25],
	[1.25, 2.50, 1.00, 1.75, 1.00, 1.00, 1.25],
	[1.25, 2.50, 1.00, 1.75, 1.00, 1.00, 1.25],
	[1.25, 2.50, 1.00, 1.75, 1.00, 1.00, 1.25],
	[1.25, 2.50, 1.00, 1.75, 1.00, 1.00, 1.25],
	[1.25, 2.50, 1.00, 1.75, 1.00, 1.00, 1.25],
	[1.25, 2.50, 1.00, 1.75, 1.00, 1.00, 1.25],
	[1.00, 2.50, 0, 1.75, 1.00, 1.00, 1.00],
	[1.00, 2.50, 0, 1.75, 1.00, 1.00, 1.00],
	[1.00, 2.50, 0, 1.75, 1.00, 1.00, 1.00],
	[1.00, 2.50, 0, 1.75, 1.00, 1.00, 1.00],
	[1.00, 2.25, 1.00, 0, 1.00, 1.00, 1.00],
	[1.00, 2.25, 1.00, 0, 1.00, 1.00, 1.00],
	[1.00, 2.25, 1.00, 0, 1.00, 1.00, 1.00],
	[1.00, 2.25, 1.00, 0, 1.00, 1.00, 1.00],
	[1.00, 0, 1.00, 0, 1.00, 0, 0],
	[1.00, 0, 1.00, 0, 1.00, 0, 0],
	[1.00, 0, 1.00, 0, 1.00, 0, 0],
	[1.00, 0, 1.00, 0, 1.00, 0, 0],
	[1.25, 0, 1.25, 0, 0, 0, 0],
	[1.25, 0, 1.25, 0, 0, 0, 0],
	[1.25, 0, 1.25, 0, 0, 0, 0],
	[1.25, 0, 1.25, 0, 0, 0, 0],
	[1.00, 0, 1.25, 0, 0, 0, 0],
	[1.00, 0, 1.25, 0, 0, 0, 0],
	[1.00, 0, 1.25, 0, 0, 0, 0],
	[1.00, 0, 1.25, 0, 0, 0, 0],
	[0, 0, 0, 0, 0, 0, 0],
	[0, 0, 0, 0, 0, 0, 0],
	[0, 0, 0, 0, 0, 0, 0],
	[0, 0, 0, 0, 0, 0, 0],
	[0, 0, 0, 0, 0, 0, 0],
	[0, 0, 0, 0, 0, 0, 0],
	[0, 0, 0, 0, 0, 0, 0],
	[0, 0, 0, 0, 0, 0, 0],
	[0, 0, 0, 0, 0, 0, 0],
	[0, 0, 0, 0, 0, 0, 0],
	[0, 0, 0, 0, 0, 0, 0],
	[0, 0, 0, 0, 0, 0, 0],
	[0, 0, 0, 0, 0, 0, 0],
	[0, 0, 0, 0, 0, 0, 0],
	[0, 0, 0, 0, 0, 0, 0],
	[0, 0, 0, 0, 0, 0, 0] ]
overcost [
	[0, 0, 0, 0, 0, 0, 0],
	[0, 0, 0, 0, 0, 0, 0],
	[0, 0, 0, 0, 0, 0, 0],
	[0, 0, 0, 0, 0, 0, 0],
	[0, 0, 0, 0, 0, 0, 0],
	[0, 0, 0, 0, 0, 0, 0],
	[0, 0, 0, 0, 0, 0, 0],
	[0, 0, 0, 0, 0, 0, 0],
	[0, 0, 0, 0, 0, 0, 0],
	[0, 0, 0, 0, 0, 0, 0],
	[0, 0, 0, 0, 0, 0, 0],
	[0, 0, 0, 0, 0, 0, 0],
	[0, 0, 0, 0, 0, 0, 0],
	[0, 0, 0, 0, 0, 0, 0],
	[0, 0, 0, 0, 0, 0, 0],
	[0, 0, 0, 0, 0, 0, 0],
	[0, 0, 0, 0, 0, 0, 0],
	[0, 0, 0, 0, 0, 0, 0],
	[0, 0, 0, 0, 0, 0, 0],
	[0, 0, 0, 0, 0, 0, 0],
	[0, 0, 0, 0, 0, 0, 0],
	[0, 0, 0, 0, 0, 0, 0],
	[0, 0, 0, 0, 0, 0, 0],
	[0, 0, 0, 0, 0, 0, 0],
	[0, 0, 0, 0, 0, 0, 0],
	[0, 0, 0, 0, 0, 0, 0],
	[0, 0, 0, 0, 0, 0, 0],
	[0, 0, 0, 0, 0, 0, 0],
	[0, 0, 0, 0, 0, 0, 0],
	[0, 0, 0, 0, 0, 0, 0],
	[0, 0, 0, 0, 0, 0, 0],
	[0, 0, 0, 0, 0, 0, 0],
	[0, 4.291615e+00, 0, 0, 0, 0, 0],
	[0, 4.291615e+00, 0, 0, 0, 0, 0],
	[0, 4.291615e+00, 0, 0, 0, 0, 0],
	[0, 4.291615e+00, 0, 0, 0, 0, 0],
	[9.493210e+00, 1.881936e+00, 5.791972e+00, 0, 1.061571e+01, 1.037966e+01, 0],
	[9.493210e+00, 1.881936e+00, 5.791972e+00, 0, 1.061571e+01, 1.037966e+01, 0],
	[9.493210e+00, 1.881936e+00, 5.791972e+00, 0, 1.061571e+01, 1.037966e+01, 0],
	[9.493210e+00, 1.881936e+00, 5.791972e+00, 0, 1.061571e+01, 1.037966e+01, 0],
	[7.878212e+00, 1.398324e+00, 4.640035e+00, 0, 1.056746e+01, 7.688884e+00, 1.088149e+01],
	[7.878212e+00, 1.398324e+00, 4.640035e+00, 0, 1.056746e+01, 7.688884e+00, 1.088149e+01],
	[7.878212e+00, 1.398324e+00, 4.640035e+00, 0, 1.056746e+01, 7.688884e+00, 1.088149e+01],
	[7.878212e+00, 1.398324e+00, 4.640035e+00, 0, 1.056746e+01, 7.688884e+00, 1.088149e+01],
	[3.590284e+00, 1.464034e+00, 2.702663e+00, 1.902938e+00, 6.910542e+00, 0, 7.930512e+00],
	[3.590284e+00, 1.464034e+00, 2.702663e+00, 1.902938e+00, 6.910542e+00, 0, 7.930512e+00],
	[3.590284e+00, 1.464034e+00, 2.702663e+00, 1.902938e+00, 6.910542e+00, 0, 7.930512e+00],
	[3.590284e+00, 1.464034e+00, 2.702663e+00, 1.902938e+00, 6.910542e+00, 0, 7.930512e+00],
	[1.761865e+00, 1.180257e+00, 2.234565e+00, 1.586656e+00, 3.797229e+00, 2.409882e+00, 0],
	[1.761865e+00, 1.180257e+00, 2.234565e+00, 1.586656e+00, 3.797229e+00, 2.409882e+00, 0],
	[1.761865e+00, 1.180257e+00, 2.234565e+00, 1.586656e+00, 3.797229e+00, 2.409882e+00, 0],
	[1.761865e+00, 1.180257e+00, 2.234565e+00, 1.586656e+00, 3.797229e+00, 2.409882e+00, 0],
	[2.095521e+00, 1.464245e+00, 1.929762e+00, 2.059811e+00, 2.964885e+00, 1.878445e+00, 2.790541e+00],
	[2.095521e+00, 1.464245e+00, 1.929762e+00, 2.059811e+00, 2.964885e+00, 1.878445e+00, 2.790541e+00],
	[2.095521e+00, 1.464245e+00, 1.929762e+00, 2.059811e+00, 2.964885e+00, 1.878445e+00, 2.790541e+00],
	[2.095521e+00, 1.464245e+00, 1.929762e+00, 2.059811e+00, 2.964885e+00, 1.878445e+00, 2.790541e+00],
	[2.019825e+00, 1.356130e+00, 1.827556e+00, 1.953670e+00, 2.930787e+00, 1.765648e+00, 2.748128e+00],
	[2.019825e+00, 1.356130e+00, 1.827556e+00, 1.953670e+00, 2.930787e+00, 1.765648e+00, 2.748128e+00],
	[2.019825e+00, 1.356130e+00, 1.827556e+00, 1.953670e+00, 2.930787e+00, 1.765648e+00, 2.748128e+00],
	[2.019825e+00, 1.356130e+00, 1.827556e+00, 1.953670e+00, 2.930787e+00, 1.765648e+00, 2.748128e+00],
	[1.777394e+00, 1.227973e+00, 0, 1.844166e+00, 4.216192e+00, 2.350587e+00, 3.739519e+00],
	[1.777394e+00, 1.227973e+00, 0, 1.844166e+00, 4.216192e+00, 2.350587e+00, 3.739519e+00],
	[1.777394e+00, 1.227973e+00, 0, 1.844166e+00, 4.216192e+00, 2.350587e+00, 3.739519e+00],
	[1.777394e+00, 1.227973e+00, 0, 1.844166e+00, 4.216192e+00, 2.350587e+00, 3.739519e+00],
	[3.893259e+00, 1.266428e+00, 2.582570e+00, 0, 7.800722e+00, 4.234540e+00, 9.650696e+00],
	[3.893259e+00, 1.266428e+00, 2.582570e+00, 0, 7.800722e+00, 4.234540e+00, 9.650696e+00],
	[3.893259e+00, 1.266428e+00, 2.582570e+00, 0, 7.800722e+00, 4.234540e+00, 9.650696e+00],
	[3.893259e+00, 1.266428e+00, 2.582570e+00, 0, 7.800722e+00, 4.234540e+00, 9.650696e+00],
	[3.064233e+00, 0, 2.183116e+00, 0, 6.373610e+00, 0, 0],
	[3.064233e+00, 0, 2.183116e+00, 0, 6.373610e+00, 0, 0],
	[3.064233e+00, 0, 2.183116e+00, 0, 6.373610e+00, 0, 0],
	[3.064233e+00, 0, 2.183116e+00, 0, 6.373610e+00, 0, 0],
	[2.243428e+00, 0, 2.363248e+00, 0, 0, 0, 0],
	[2.243428e+00, 0, 2.363248e+00, 0, 0, 0, 0],
	[2.243428e+00, 0, 2.363248e+00, 0, 0, 0, 0],
	[2.243428e+00, 0, 2.363248e+00, 0, 0, 0, 0],
	[3.079223e+00, 0, 2.279584e+00, 0, 0, 0, 0],
	[3.079223e+00, 0, 2.279584e+00, 0, 0, 0, 0],
	[3.079223e+00, 0, 2.279584e+00, 0, 0, 0, 0],
	[3.079223e+00, 0, 2.279584e+00, 0, 0, 0, 0],
	[0, 0, 0, 0, 0, 0, 0],
	[0, 0, 0, 0, 0, 0, 0],
	[0, 0, 0, 0, 0, 0, 0],
	[0, 0, 0, 0, 0, 0, 0],
	[0, 0, 0, 0, 0, 0, 0],
	[0, 0, 0, 0, 0, 0, 0],
	[0, 0, 0, 0, 0, 0, 0],
	[0, 0, 0, 0, 0, 0, 0],
	[0, 0, 0, 0, 0, 0, 0],
	[0, 0, 0, 0, 0, 0, 0],
	[0, 0, 0, 0, 0, 0, 0],
	[0, 0, 0, 0, 0, 0, 0],
	[0, 0, 0, 0, 0, 0, 0],
	[0, 0, 0, 0, 0, 0, 0],
	[0, 0, 0, 0, 0, 0, 0],
	[0, 0, 0, 0, 0, 0, 0] ]
undercost [
	[0, 0, 0, 0, 0, 0, 0],
	[0, 0, 0, 0, 0, 0, 0],
	[0, 0, 0, 0, 0, 0, 0],
	[0, 0, 0, 0, 0, 0, 0],
	[0, 0, 0, 0, 0, 0, 0],
	[0, 0, 0, 0, 0, 0, 0],
	[0, 0, 0, 0, 0, 0, 0],
	[0, 0, 0, 0, 0, 0, 0],
	[0, 0, 0, 0, 0, 0, 0],
	[0, 0, 0, 0, 0, 0, 0],
	[0, 0, 0, 0, 0, 0, 0],
	[0, 0, 0, 0, 0, 0, 0],
	[0, 0, 0, 0, 0, 0, 0],
	[0, 0, 0, 0, 0, 0, 0],
	[0, 0, 0, 0, 0, 0, 0],
	[0, 0, 0, 0, 0, 0, 0],
	[0, 0, 0, 0, 0, 0, 0],
	[0, 0, 0, 0, 0, 0, 0],
	[0, 0, 0, 0, 0, 0, 0],
	[0, 0, 0, 0, 0, 0, 0],
	[0, 0, 0, 0, 0, 0, 0],
	[0, 0, 0, 0, 0, 0, 0],
	[0, 0, 0, 0, 0, 0, 0],
	[0, 0, 0, 0, 0, 0, 0],
	[0, 0, 0, 0, 0, 0, 0],
	[0, 0, 0, 0, 0, 0, 0],
	[0, 0, 0, 0, 0, 0, 0],
	[0, 0, 0, 0, 0, 0, 0],
	[0, 0, 0, 0, 0, 0, 0],
	[0, 0, 0, 0, 0, 0, 0],
	[0, 0, 0, 0, 0, 0, 0],
	[0, 0, 0, 0, 0, 0, 0],
	[0, 1.000000e+06, 0, 0, 0, 0, 0],
	[0, 1.000000e+06, 0, 0, 0, 0, 0],
	[0, 1.000000e+06, 0, 0, 0, 0, 0],
	[0, 1.000000e+06, 0, 0, 0, 0, 0],
	[1.000000e+06, 1.000000e+06, 1.000000e+06, 0, 1.000000e+06, 1.000000e+06, 0],
	[1.000000e+06, 1.000000e+06, 1.000000e+06, 0, 1.000000e+06, 1.000000e+06, 0],
	[1.000000e+06, 1.000000e+06, 1.000000e+06, 0, 1.000000e+06, 1.000000e+06, 0],
	[1.000000e+06, 1.000000e+06, 1.000000e+06, 0, 1.000000e+06, 1.000000e+06, 0],
	[1.000000e+06, 1.000000e+06, 1.000000e+06, 0, 1.000000e+06, 1.000000e+06, 1.000000e+06],
	[1.000000e+06, 1.000000e+06, 1.000000e+06, 0, 1.000000e+06, 1.000000e+06, 1.000000e+06],
	[1.000000e+06, 1.000000e+06, 1.000000e+06, 0, 1.000000e+06, 1.000000e+06, 1.000000e+06],
	[1.000000e+06, 1.000000e+06, 1.000000e+06, 0, 1.000000e+06, 1.000000e+06, 1.000000e+06],
	[1.000000e+06, 1.869060e+00, 1.000000e+06, 1.000000e+06, 1.000000e+06, 0, 1.000000e+06],
	[1.000000e+06, 1.869060e+00, 1.000000e+06, 1.000000e+06, 1.000000e+06, 0, 1.000000e+06],
	[1.000000e+06, 1.869060e+00, 1.000000e+06, 1.000000e+06, 1.000000e+06, 0, 1.000000e+06],
	[1.000000e+06, 1.869060e+00, 1.000000e+06, 1.000000e+06, 1.000000e+06, 0, 1.000000e+06],
	[1.000000e+06, 2.237988e+00, 1.000000e+06, 1.000000e+06, 1.000000e+06, 1.000000e+06, 0],
	[1.000000e+06, 2.237988e+00, 1.000000e+06, 1.000000e+06, 1.000000e+06, 1.000000e+06, 0],
	[1.000000e+06, 2.237988e+00, 1.000000e+06, 1.000000e+06, 1.000000e+06, 1.000000e+06, 0],
	[1.000000e+06, 2.237988e+00, 1.000000e+06, 1.000000e+06, 1.000000e+06, 1.000000e+06, 0],
	[1.000000e+06, 1.450685e+00, 1.000000e+06, 1.000000e+06, 1.000000e+06, 1.000000e+06, 1.000000e+06],
	[1.000000e+06, 1.450685e+00, 1.000000e+06, 1.000000e+06, 1.000000e+06, 1.000000e+06, 1.000000e+06],
	[1.000000e+06, 1.450685e+00, 1.000000e+06, 1.000000e+06, 1.000000e+06, 1.000000e+06, 1.000000e+06],
	[1.000000e+06, 1.450685e+00, 1.000000e+06, 1.000000e+06, 1.000000e+06, 1.000000e+06, 1.000000e+06],
	[1.000000e+06, 1.592084e+00, 1.000000e+06, 1.000000e+06, 1.000000e+06, 1.000000e+06, 1.000000e+06],
	[1.000000e+06, 1.592084e+00, 1.000000e+06, 1.000000e+06, 1.000000e+06, 1.000000e+06, 1.000000e+06],
	[1.000000e+06, 1.592084e+00, 1.000000e+06, 1.000000e+06, 1.000000e+06, 1.000000e+06, 1.000000e+06],
	[1.000000e+06, 1.592084e+00, 1.000000e+06, 1.000000e+06, 1.000000e+06, 1.000000e+06, 1.000000e+06],
	[1.000000e+06, 1.766648e+00, 0, 1.000000e+06, 1.000000e+06, 1.000000e+06, 1.000000e+06],
	[1.000000e+06, 1.766648e+00, 0, 1.000000e+06, 1.000000e+06, 1.000000e+06, 1.000000e+06],
	[1.000000e+06, 1.766648e+00, 0, 1.000000e+06, 1.000000e+06, 1.000000e+06, 1.000000e+06],
	[1.000000e+06, 1.766648e+00, 0, 1.000000e+06, 1.000000e+06, 1.000000e+06, 1.000000e+06],
	[1.000000e+06, 2.138296e+00, 1.000000e+06, 0, 1.000000e+06, 1.000000e+06, 1.000000e+06],
	[1.000000e+06, 2.138296e+00, 1.000000e+06, 0, 1.000000e+06, 1.000000e+06, 1.000000e+06],
	[1.000000e+06, 2.138296e+00, 1.000000e+06, 0, 1.000000e+06, 1.000000e+06, 1.000000e+06],
	[1.000000e+06, 2.138296e+00, 1.000000e+06, 0, 1.000000e+06, 1.000000e+06, 1.000000e+06],
	[1.000000e+06, 0, 1.000000e+06, 0, 1.000000e+06, 0, 0],
	[1.000000e+06, 0, 1.000000e+06, 0, 1.000000e+06, 0, 0],
	[1.000000e+06, 0, 1.000000e+06, 0, 1.000000e+06, 0, 0],
	[1.000000e+06, 0, 1.000000e+06, 0, 1.000000e+06, 0, 0],
	[1.000000e+06, 0, 1.000000e+06, 0, 0, 0, 0],
	[1.000000e+06, 0, 1.000000e+06, 0, 0, 0, 0],
	[1.000000e+06, 0, 1.000000e+06, 0, 0, 0, 0],
	[1.000000e+06, 0, 1.000000e+06, 0, 0, 0, 0],
	[1.000000e+06, 0, 1.000000e+06, 0, 0, 0, 0],
	[1.000000e+06, 0, 1.000000e+06, 0, 0, 0, 0],
	[1.000000e+06, 0, 1.000000e+06, 0, 0, 0, 0],
	[1.000000e+06, 0, 1.000000e+06, 0, 0, 0, 0],
	[0, 0, 0, 0, 0, 0, 0],
	[0, 0, 0, 0, 0, 0, 0],
	[0, 0, 0, 0, 0, 0, 0],
	[0, 0, 0, 0, 0, 0, 0],
	[0, 0, 0, 0, 0, 0, 0],
	[0, 0, 0, 0, 0, 0, 0],
	[0, 0, 0, 0, 0, 0, 0],
	[0, 0, 0, 0, 0, 0, 0],
	[0, 0, 0, 0, 0, 0, 0],
	[0, 0, 0, 0, 0, 0, 0],
	[0, 0, 0, 0, 0, 0, 0],
	[0, 0, 0, 0, 0, 0, 0],
	[0, 0, 0, 0, 0, 0, 0],
	[0, 0, 0, 0, 0, 0, 0],
	[0, 0, 0, 0, 0, 0, 0],
	[0, 0, 0, 0, 0, 0, 0] ]
