737 1150 2689 3835 4078 4113
SHOE
ACT	6
SHIFT	96
demand [
	[0, 0, 0, 0, 0, 0],
	[0, 0, 0, 0, 0, 0],
	[0, 0, 0, 0, 0, 0],
	[0, 0, 0, 0, 0, 0],
	[0, 0, 0, 0, 0, 0],
	[0, 0, 0, 0, 0, 0],
	[0, 0, 0, 0, 0, 0],
	[0, 0, 0, 0, 0, 0],
	[0, 0, 0, 0, 0, 0],
	[0, 0, 0, 0, 0, 0],
	[0, 0, 0, 0, 0, 0],
	[0, 0, 0, 0, 0, 0],
	[0, 0, 0, 0, 0, 0],
	[0, 0, 0, 0, 0, 0],
	[0, 0, 0, 0, 0, 0],
	[0, 0, 0, 0, 0, 0],
	[0, 0, 0, 0, 0, 0],
	[0, 0, 0, 0, 0, 0],
	[0, 0, 0, 0, 0, 0],
	[0, 0, 0, 0, 0, 0],
	[0, 0, 0, 0, 0, 0],
	[0, 0, 0, 0, 0, 0],
	[0, 0, 0, 0, 0, 0],
	[0, 0, 0, 0, 0, 0],
	[0, 0, 0, 0, 0, 0],
	[0, 0, 0, 0, 0, 0],
	[0, 0, 0, 0, 0, 0],
	[0, 0, 0, 0, 0, 0],
	[0, 0, 0, 0, 0, 0],
	[0, 0, 0, 0, 0, 0],
	[0, 0, 0, 0, 0, 0],
	[0, 0, 0, 0, 0, 0],
	[0, 0, 0, 1.00, 0, 0],
	[0, 0, 0, 1.00, 0, 0],
	[0, 0, 0, 1.00, 0, 0],
	[0, 0, 0, 1.00, 0, 0],
	[0, 1.00, 1.00, 1.00, 0, 0],
	[0, 1.00, 1.00, 1.00, 0, 0],
	[0, 1.00, 1.00, 1.00, 0, 0],
	[0, 1.00, 1.00, 1.00, 0, 0],
	[0, 1.25, 1.00, 1.00, 2.00, 1.00],
	[0, 1.25, 1.00, 1.00, 2.00, 1.00],
	[0, 1.25, 1.00, 1.00, 2.00, 1.00],
	[0, 1.25, 1.00, 1.00, 2.00, 1.00],
	[3.00, 1.75, 1.25, 2.75, 3.50, 2.25],
	[3.00, 1.75, 1.25, 2.75, 3.50, 2.25],
	[3.00, 1.75, 1.25, 2.75, 3.50, 2.25],
	[3.00, 1.75, 1.25, 2.75, 3.50, 2.25],
	[3.50, 1.75, 1.75, 3.75, 4.00, 2.75],
	[3.50, 1.75, 1.75, 3.75, 4.00, 2.75],
	[3.50, 1.75, 1.75, 3.75, 4.00, 2.75],
	[3.50, 1.75, 1.75, 3.75, 4.00, 2.75],
	[3.50, 1.75, 2.00, 4.00, 4.25, 2.75],
	[3.50, 1.75, 2.00, 4.00, 4.25, 2.75],
	[3.50, 1.75, 2.00, 4.00, 4.25, 2.75],
	[3.50, 1.75, 2.00, 4.00, 4.25, 2.75],
	[3.75, 2.00, 2.00, 4.25, 4.50, 3.00],
	[3.75, 2.00, 2.00, 4.25, 4.50, 3.00],
	[3.75, 2.00, 2.00, 4.25, 4.50, 3.00],
	[3.75, 2.00, 2.00, 4.25, 4.50, 3.00],
	[3.75, 2.00, 1.75, 3.75, 4.25, 2.75],
	[3.75, 2.00, 1.75, 3.75, 4.25, 2.75],
	[3.75, 2.00, 1.75, 3.75, 4.25, 2.75],
	[3.75, 2.00, 1.75, 3.75, 4.25, 2.75],
	[0, 1.75, 1.25, 2.75, 3.50, 2.00],
	[0, 1.75, 1.25, 2.75, 3.50, 2.00],
	[0, 1.75, 1.25, 2.75, 3.50, 2.00],
	[0, 1.75, 1.25, 2.75, 3.50, 2.00],
	[0, 1.75, 0, 0, 0, 0],
	[0, 1.75, 0, 0, 0, 0],
	[0, 1.75, 0, 0, 0, 0],
	[0, 1.75, 0, 0, 0, 0],
	[0, 2.00, 0, 0, 0, 0],
	[0, 2.00, 0, 0, 0, 0],
	[0, 2.00, 0, 0, 0, 0],
	[0, 2.00, 0, 0, 0, 0],
	[0, 2.00, 0, 0, 0, 0],
	[0, 2.00, 0, 0, 0, 0],
	[0, 2.00, 0, 0, 0, 0],
	[0, 2.00, 0, 0, 0, 0],
	[0, 0, 0, 0, 0, 0],
	[0, 0, 0, 0, 0, 0],
	[0, 0, 0, 0, 0, 0],
	[0, 0, 0, 0, 0, 0],
	[0, 0, 0, 0, 0, 0],
	[0, 0, 0, 0, 0, 0],
	[0, 0, 0, 0, 0, 0],
	[0, 0, 0, 0, 0, 0],
	[0, 0, 0, 0, 0, 0],
	[0, 0, 0, 0, 0, 0],
	[0, 0, 0, 0, 0, 0],
	[0, 0, 0, 0, 0, 0],
	[0, 0, 0, 0, 0, 0],
	[0, 0, 0, 0, 0, 0],
	[0, 0, 0, 0, 0, 0],
	[0, 0, 0, 0, 0, 0] ]
overcost [
	[0, 0, 0, 0, 0, 0],
	[0, 0, 0, 0, 0, 0],
	[0, 0, 0, 0, 0, 0],
	[0, 0, 0, 0, 0, 0],
	[0, 0, 0, 0, 0, 0],
	[0, 0, 0, 0, 0, 0],
	[0, 0, 0, 0, 0, 0],
	[0, 0, 0, 0, 0, 0],
	[0, 0, 0, 0, 0, 0],
	[0, 0, 0, 0, 0, 0],
	[0, 0, 0, 0, 0, 0],
	[0, 0, 0, 0, 0, 0],
	[0, 0, 0, 0, 0, 0],
	[0, 0, 0, 0, 0, 0],
	[0, 0, 0, 0, 0, 0],
	[0, 0, 0, 0, 0, 0],
	[0, 0, 0, 0, 0, 0],
	[0, 0, 0, 0, 0, 0],
	[0, 0, 0, 0, 0, 0],
	[0, 0, 0, 0, 0, 0],
	[0, 0, 0, 0, 0, 0],
	[0, 0, 0, 0, 0, 0],
	[0, 0, 0, 0, 0, 0],
	[0, 0, 0, 0, 0, 0],
	[0, 0, 0, 0, 0, 0],
	[0, 0, 0, 0, 0, 0],
	[0, 0, 0, 0, 0, 0],
	[0, 0, 0, 0, 0, 0],
	[0, 0, 0, 0, 0, 0],
	[0, 0, 0, 0, 0, 0],
	[0, 0, 0, 0, 0, 0],
	[0, 0, 0, 0, 0, 0],
	[0, 0, 0, 9.298032e+00, 0, 0],
	[0, 0, 0, 9.298032e+00, 0, 0],
	[0, 0, 0, 9.298032e+00, 0, 0],
	[0, 0, 0, 9.298032e+00, 0, 0],
	[0, 2.823615e+00, 1.078073e+01, 7.889111e+00, 0, 0],
	[0, 2.823615e+00, 1.078073e+01, 7.889111e+00, 0, 0],
	[0, 2.823615e+00, 1.078073e+01, 7.889111e+00, 0, 0],
	[0, 2.823615e+00, 1.078073e+01, 7.889111e+00, 0, 0],
	[0, 2.386876e+00, 6.779777e+00, 1.744550e+00, 1.264724e+00, 2.039221e+00],
	[0, 2.386876e+00, 6.779777e+00, 1.744550e+00, 1.264724e+00, 2.039221e+00],
	[0, 2.386876e+00, 6.779777e+00, 1.744550e+00, 1.264724e+00, 2.039221e+00],
	[0, 2.386876e+00, 6.779777e+00, 1.744550e+00, 1.264724e+00, 2.039221e+00],
	[9.415592e-01, 1.909185e+00, 1.822456e+00, 7.894436e-01, 8.526270e-01, 1.533694e+00],
	[9.415592e-01, 1.909185e+00, 1.822456e+00, 7.894436e-01, 8.526270e-01, 1.533694e+00],
	[9.415592e-01, 1.909185e+00, 1.822456e+00, 7.894436e-01, 8.526270e-01, 1.533694e+00],
	[9.415592e-01, 1.909185e+00, 1.822456e+00, 7.894436e-01, 8.526270e-01, 1.533694e+00],
	[1.115308e+00, 1.475647e+00, 1.534333e+00, 7.747895e-01, 6.614000e-01, 1.298185e+00],
	[1.115308e+00, 1.475647e+00, 1.534333e+00, 7.747895e-01, 6.614000e-01, 1.298185e+00],
	[1.115308e+00, 1.475647e+00, 1.534333e+00, 7.747895e-01, 6.614000e-01, 1.298185e+00],
	[1.115308e+00, 1.475647e+00, 1.534333e+00, 7.747895e-01, 6.614000e-01, 1.298185e+00],
	[7.388390e-01, 1.191375e+00, 1.625949e+00, 5.919023e-01, 5.998128e-01, 8.238530e-01],
	[7.388390e-01, 1.191375e+00, 1.625949e+00, 5.919023e-01, 5.998128e-01, 8.238530e-01],
	[7.388390e-01, 1.191375e+00, 1.625949e+00, 5.919023e-01, 5.998128e-01, 8.238530e-01],
	[7.388390e-01, 1.191375e+00, 1.625949e+00, 5.919023e-01, 5.998128e-01, 8.238530e-01],
	[1.038261e+00, 1.722994e+00, 1.548977e+00, 8.448619e-01, 8.230331e-01, 1.202654e+00],
	[1.038261e+00, 1.722994e+00, 1.548977e+00, 8.448619e-01, 8.230331e-01, 1.202654e+00],
	[1.038261e+00, 1.722994e+00, 1.548977e+00, 8.448619e-01, 8.230331e-01, 1.202654e+00],
	[1.038261e+00, 1.722994e+00, 1.548977e+00, 8.448619e-01, 8.230331e-01, 1.202654e+00],
	[1.104383e+00, 1.678411e+00, 1.459487e+00, 6.493149e-01, 6.839287e-01, 1.075436e+00],
	[1.104383e+00, 1.678411e+00, 1.459487e+00, 6.493149e-01, 6.839287e-01, 1.075436e+00],
	[1.104383e+00, 1.678411e+00, 1.459487e+00, 6.493149e-01, 6.839287e-01, 1.075436e+00],
	[1.104383e+00, 1.678411e+00, 1.459487e+00, 6.493149e-01, 6.839287e-01, 1.075436e+00],
	[0, 1.735864e+00, 2.193997e+00, 1.006035e+00, 8.373514e-01, 1.021636e+00],
	[0, 1.735864e+00, 2.193997e+00, 1.006035e+00, 8.373514e-01, 1.021636e+00],
	[0, 1.735864e+00, 2.193997e+00, 1.006035e+00, 8.373514e-01, 1.021636e+00],
	[0, 1.735864e+00, 2.193997e+00, 1.006035e+00, 8.373514e-01, 1.021636e+00],
	[0, 1.383432e+00, 0, 0, 0, 0],
	[0, 1.383432e+00, 0, 0, 0, 0],
	[0, 1.383432e+00, 0, 0, 0, 0],
	[0, 1.383432e+00, 0, 0, 0, 0],
	[0, 1.332689e+00, 0, 0, 0, 0],
	[0, 1.332689e+00, 0, 0, 0, 0],
	[0, 1.332689e+00, 0, 0, 0, 0],
	[0, 1.332689e+00, 0, 0, 0, 0],
	[0, 1.247447e+00, 0, 0, 0, 0],
	[0, 1.247447e+00, 0, 0, 0, 0],
	[0, 1.247447e+00, 0, 0, 0, 0],
	[0, 1.247447e+00, 0, 0, 0, 0],
	[0, 0, 0, 0, 0, 0],
	[0, 0, 0, 0, 0, 0],
	[0, 0, 0, 0, 0, 0],
	[0, 0, 0, 0, 0, 0],
	[0, 0, 0, 0, 0, 0],
	[0, 0, 0, 0, 0, 0],
	[0, 0, 0, 0, 0, 0],
	[0, 0, 0, 0, 0, 0],
	[0, 0, 0, 0, 0, 0],
	[0, 0, 0, 0, 0, 0],
	[0, 0, 0, 0, 0, 0],
	[0, 0, 0, 0, 0, 0],
	[0, 0, 0, 0, 0, 0],
	[0, 0, 0, 0, 0, 0],
	[0, 0, 0, 0, 0, 0],
	[0, 0, 0, 0, 0, 0] ]
undercost [
	[0, 0, 0, 0, 0, 0],
	[0, 0, 0, 0, 0, 0],
	[0, 0, 0, 0, 0, 0],
	[0, 0, 0, 0, 0, 0],
	[0, 0, 0, 0, 0, 0],
	[0, 0, 0, 0, 0, 0],
	[0, 0, 0, 0, 0, 0],
	[0, 0, 0, 0, 0, 0],
	[0, 0, 0, 0, 0, 0],
	[0, 0, 0, 0, 0, 0],
	[0, 0, 0, 0, 0, 0],
	[0, 0, 0, 0, 0, 0],
	[0, 0, 0, 0, 0, 0],
	[0, 0, 0, 0, 0, 0],
	[0, 0, 0, 0, 0, 0],
	[0, 0, 0, 0, 0, 0],
	[0, 0, 0, 0, 0, 0],
	[0, 0, 0, 0, 0, 0],
	[0, 0, 0, 0, 0, 0],
	[0, 0, 0, 0, 0, 0],
	[0, 0, 0, 0, 0, 0],
	[0, 0, 0, 0, 0, 0],
	[0, 0, 0, 0, 0, 0],
	[0, 0, 0, 0, 0, 0],
	[0, 0, 0, 0, 0, 0],
	[0, 0, 0, 0, 0, 0],
	[0, 0, 0, 0, 0, 0],
	[0, 0, 0, 0, 0, 0],
	[0, 0, 0, 0, 0, 0],
	[0, 0, 0, 0, 0, 0],
	[0, 0, 0, 0, 0, 0],
	[0, 0, 0, 0, 0, 0],
	[0, 0, 0, 1.000000e+06, 0, 0],
	[0, 0, 0, 1.000000e+06, 0, 0],
	[0, 0, 0, 1.000000e+06, 0, 0],
	[0, 0, 0, 1.000000e+06, 0, 0],
	[0, 1.000000e+06, 1.000000e+06, 1.000000e+06, 0, 0],
	[0, 1.000000e+06, 1.000000e+06, 1.000000e+06, 0, 0],
	[0, 1.000000e+06, 1.000000e+06, 1.000000e+06, 0, 0],
	[0, 1.000000e+06, 1.000000e+06, 1.000000e+06, 0, 0],
	[0, 1.000000e+06, 1.000000e+06, 1.000000e+06, 2.467595e+00, 1.000000e+06],
	[0, 1.000000e+06, 1.000000e+06, 1.000000e+06, 2.467595e+00, 1.000000e+06],
	[0, 1.000000e+06, 1.000000e+06, 1.000000e+06, 2.467595e+00, 1.000000e+06],
	[0, 1.000000e+06, 1.000000e+06, 1.000000e+06, 2.467595e+00, 1.000000e+06],
	[1.705305e+00, 1.000000e+06, 1.000000e+06, 1.938297e+00, 1.119142e+00, 1.746933e+00],
	[1.705305e+00, 1.000000e+06, 1.000000e+06, 1.938297e+00, 1.119142e+00, 1.746933e+00],
	[1.705305e+00, 1.000000e+06, 1.000000e+06, 1.938297e+00, 1.119142e+00, 1.746933e+00],
	[1.705305e+00, 1.000000e+06, 1.000000e+06, 1.938297e+00, 1.119142e+00, 1.746933e+00],
	[1.060107e+00, 1.000000e+06, 1.000000e+06, 1.128976e+00, 1.067729e+00, 1.323809e+00],
	[1.060107e+00, 1.000000e+06, 1.000000e+06, 1.128976e+00, 1.067729e+00, 1.323809e+00],
	[1.060107e+00, 1.000000e+06, 1.000000e+06, 1.128976e+00, 1.067729e+00, 1.323809e+00],
	[1.060107e+00, 1.000000e+06, 1.000000e+06, 1.128976e+00, 1.067729e+00, 1.323809e+00],
	[1.516046e+00, 1.000000e+06, 2.640691e+00, 1.212398e+00, 1.027242e+00, 1.930891e+00],
	[1.516046e+00, 1.000000e+06, 2.640691e+00, 1.212398e+00, 1.027242e+00, 1.930891e+00],
	[1.516046e+00, 1.000000e+06, 2.640691e+00, 1.212398e+00, 1.027242e+00, 1.930891e+00],
	[1.516046e+00, 1.000000e+06, 2.640691e+00, 1.212398e+00, 1.027242e+00, 1.930891e+00],
	[9.891126e-01, 1.944487e+00, 2.749926e+00, 7.984709e-01, 6.690042e-01, 1.186573e+00],
	[9.891126e-01, 1.944487e+00, 2.749926e+00, 7.984709e-01, 6.690042e-01, 1.186573e+00],
	[9.891126e-01, 1.944487e+00, 2.749926e+00, 7.984709e-01, 6.690042e-01, 1.186573e+00],
	[9.891126e-01, 1.944487e+00, 2.749926e+00, 7.984709e-01, 6.690042e-01, 1.186573e+00],
	[9.120191e-01, 2.016486e+00, 1.000000e+06, 1.280492e+00, 9.301905e-01, 1.612174e+00],
	[9.120191e-01, 2.016486e+00, 1.000000e+06, 1.280492e+00, 9.301905e-01, 1.612174e+00],
	[9.120191e-01, 2.016486e+00, 1.000000e+06, 1.280492e+00, 9.301905e-01, 1.612174e+00],
	[9.120191e-01, 2.016486e+00, 1.000000e+06, 1.280492e+00, 9.301905e-01, 1.612174e+00],
	[0, 1.000000e+06, 1.000000e+06, 1.661168e+00, 1.138300e+00, 3.022917e+00],
	[0, 1.000000e+06, 1.000000e+06, 1.661168e+00, 1.138300e+00, 3.022917e+00],
	[0, 1.000000e+06, 1.000000e+06, 1.661168e+00, 1.138300e+00, 3.022917e+00],
	[0, 1.000000e+06, 1.000000e+06, 1.661168e+00, 1.138300e+00, 3.022917e+00],
	[0, 1.000000e+06, 0, 0, 0, 0],
	[0, 1.000000e+06, 0, 0, 0, 0],
	[0, 1.000000e+06, 0, 0, 0, 0],
	[0, 1.000000e+06, 0, 0, 0, 0],
	[0, 2.509784e+00, 0, 0, 0, 0],
	[0, 2.509784e+00, 0, 0, 0, 0],
	[0, 2.509784e+00, 0, 0, 0, 0],
	[0, 2.509784e+00, 0, 0, 0, 0],
	[0, 2.651110e+00, 0, 0, 0, 0],
	[0, 2.651110e+00, 0, 0, 0, 0],
	[0, 2.651110e+00, 0, 0, 0, 0],
	[0, 2.651110e+00, 0, 0, 0, 0],
	[0, 0, 0, 0, 0, 0],
	[0, 0, 0, 0, 0, 0],
	[0, 0, 0, 0, 0, 0],
	[0, 0, 0, 0, 0, 0],
	[0, 0, 0, 0, 0, 0],
	[0, 0, 0, 0, 0, 0],
	[0, 0, 0, 0, 0, 0],
	[0, 0, 0, 0, 0, 0],
	[0, 0, 0, 0, 0, 0],
	[0, 0, 0, 0, 0, 0],
	[0, 0, 0, 0, 0, 0],
	[0, 0, 0, 0, 0, 0],
	[0, 0, 0, 0, 0, 0],
	[0, 0, 0, 0, 0, 0],
	[0, 0, 0, 0, 0, 0],
	[0, 0, 0, 0, 0, 0] ]
