48 368 526 998 1026 1460 2029 3252 3386 4199
SHOE
ACT	10
SHIFT	96
demand [
	[0, 0, 0, 0, 0, 0, 0, 0, 0, 0],
	[0, 0, 0, 0, 0, 0, 0, 0, 0, 0],
	[0, 0, 0, 0, 0, 0, 0, 0, 0, 0],
	[0, 0, 0, 0, 0, 0, 0, 0, 0, 0],
	[0, 0, 0, 0, 0, 0, 0, 0, 0, 0],
	[0, 0, 0, 0, 0, 0, 0, 0, 0, 0],
	[0, 0, 0, 0, 0, 0, 0, 0, 0, 0],
	[0, 0, 0, 0, 0, 0, 0, 0, 0, 0],
	[0, 0, 0, 0, 0, 0, 0, 0, 0, 0],
	[0, 0, 0, 0, 0, 0, 0, 0, 0, 0],
	[0, 0, 0, 0, 0, 0, 0, 0, 0, 0],
	[0, 0, 0, 0, 0, 0, 0, 0, 0, 0],
	[0, 0, 0, 0, 0, 0, 0, 0, 0, 0],
	[0, 0, 0, 0, 0, 0, 0, 0, 0, 0],
	[0, 0, 0, 0, 0, 0, 0, 0, 0, 0],
	[0, 0, 0, 0, 0, 0, 0, 0, 0, 0],
	[0, 0, 0, 0, 0, 0, 0, 0, 0, 0],
	[0, 0, 0, 0, 0, 0, 0, 0, 0, 0],
	[0, 0, 0, 0, 0, 0, 0, 0, 0, 0],
	[0, 0, 0, 0, 0, 0, 0, 0, 0, 0],
	[0, 0, 0, 0, 0, 0, 0, 0, 0, 0],
	[0, 0, 0, 0, 0, 0, 0, 0, 0, 0],
	[0, 0, 0, 0, 0, 0, 0, 0, 0, 0],
	[0, 0, 0, 0, 0, 0, 0, 0, 0, 0],
	[0, 0, 0, 0, 0, 0, 0, 0, 0, 0],
	[0, 0, 0, 0, 0, 0, 0, 0, 0, 0],
	[0, 0, 0, 0, 0, 0, 0, 0, 0, 0],
	[0, 0, 0, 0, 0, 0, 0, 0, 0, 0],
	[0, 0, 0, 0, 0, 0, 0, 0, 0, 0],
	[0, 0, 0, 0, 0, 0, 0, 0, 0, 0],
	[0, 0, 0, 0, 0, 0, 0, 0, 0, 0],
	[0, 0, 0, 0, 0, 0, 0, 0, 0, 0],
	[0, 0, 0, 1.00, 0, 0, 0, 0, 0, 0],
	[0, 0, 0, 1.00, 0, 0, 0, 0, 0, 0],
	[0, 0, 0, 1.00, 0, 0, 0, 0, 0, 0],
	[0, 0, 0, 1.00, 0, 0, 0, 0, 0, 0],
	[0, 0, 1.00, 1.00, 0, 0, 0, 1.00, 1.00, 0],
	[0, 0, 1.00, 1.00, 0, 0, 0, 1.00, 1.00, 0],
	[0, 0, 1.00, 1.00, 0, 0, 0, 1.00, 1.00, 0],
	[0, 0, 1.00, 1.00, 0, 0, 0, 1.00, 1.00, 0],
	[0, 1.00, 1.50, 1.00, 1.00, 1.75, 0, 1.00, 1.00, 1.00],
	[0, 1.00, 1.50, 1.00, 1.00, 1.75, 0, 1.00, 1.00, 1.00],
	[0, 1.00, 1.50, 1.00, 1.00, 1.75, 0, 1.00, 1.00, 1.00],
	[0, 1.00, 1.50, 1.00, 1.00, 1.75, 0, 1.00, 1.00, 1.00],
	[1.00, 1.00, 2.25, 1.25, 1.00, 2.25, 1.00, 3.50, 1.50, 1.00],
	[1.00, 1.00, 2.25, 1.25, 1.00, 2.25, 1.00, 3.50, 1.50, 1.00],
	[1.00, 1.00, 2.25, 1.25, 1.00, 2.25, 1.00, 3.50, 1.50, 1.00],
	[1.00, 1.00, 2.25, 1.25, 1.00, 2.25, 1.00, 3.50, 1.50, 1.00],
	[0, 0, 2.75, 1.75, 0, 2.25, 1.00, 5.50, 2.50, 1.00],
	[0, 0, 2.75, 1.75, 0, 2.25, 1.00, 5.50, 2.50, 1.00],
	[0, 0, 2.75, 1.75, 0, 2.25, 1.00, 5.50, 2.50, 1.00],
	[0, 0, 2.75, 1.75, 0, 2.25, 1.00, 5.50, 2.50, 1.00],
	[1.25, 1.00, 2.75, 1.75, 0, 2.25, 1.25, 6.25, 2.75, 1.00],
	[1.25, 1.00, 2.75, 1.75, 0, 2.25, 1.25, 6.25, 2.75, 1.00],
	[1.25, 1.00, 2.75, 1.75, 0, 2.25, 1.25, 6.25, 2.75, 1.00],
	[1.25, 1.00, 2.75, 1.75, 0, 2.25, 1.25, 6.25, 2.75, 1.00],
	[1.25, 1.00, 2.75, 1.75, 1.00, 2.50, 1.25, 6.25, 2.75, 0],
	[1.25, 1.00, 2.75, 1.75, 1.00, 2.50, 1.25, 6.25, 2.75, 0],
	[1.25, 1.00, 2.75, 1.75, 1.00, 2.50, 1.25, 6.25, 2.75, 0],
	[1.25, 1.00, 2.75, 1.75, 1.00, 2.50, 1.25, 6.25, 2.75, 0],
	[1.25, 1.00, 2.75, 1.75, 1.00, 2.50, 1.25, 5.50, 2.25, 1.00],
	[1.25, 1.00, 2.75, 1.75, 1.00, 2.50, 1.25, 5.50, 2.25, 1.00],
	[1.25, 1.00, 2.75, 1.75, 1.00, 2.50, 1.25, 5.50, 2.25, 1.00],
	[1.25, 1.00, 2.75, 1.75, 1.00, 2.50, 1.25, 5.50, 2.25, 1.00],
	[0, 0, 2.50, 1.50, 1.00, 2.25, 1.00, 3.25, 1.25, 1.00],
	[0, 0, 2.50, 1.50, 1.00, 2.25, 1.00, 3.25, 1.25, 1.00],
	[0, 0, 2.50, 1.50, 1.00, 2.25, 1.00, 3.25, 1.25, 1.00],
	[0, 0, 2.50, 1.50, 1.00, 2.25, 1.00, 3.25, 1.25, 1.00],
	[0, 0, 2.50, 0, 0, 0, 0, 0, 1.75, 1.00],
	[0, 0, 2.50, 0, 0, 0, 0, 0, 1.75, 1.00],
	[0, 0, 2.50, 0, 0, 0, 0, 0, 1.75, 1.00],
	[0, 0, 2.50, 0, 0, 0, 0, 0, 1.75, 1.00],
	[0, 0, 3.00, 0, 0, 0, 0, 0, 2.50, 1.00],
	[0, 0, 3.00, 0, 0, 0, 0, 0, 2.50, 1.00],
	[0, 0, 3.00, 0, 0, 0, 0, 0, 2.50, 1.00],
	[0, 0, 3.00, 0, 0, 0, 0, 0, 2.50, 1.00],
	[0, 0, 2.75, 0, 0, 0, 0, 0, 1.50, 1.00],
	[0, 0, 2.75, 0, 0, 0, 0, 0, 1.50, 1.00],
	[0, 0, 2.75, 0, 0, 0, 0, 0, 1.50, 1.00],
	[0, 0, 2.75, 0, 0, 0, 0, 0, 1.50, 1.00],
	[0, 0, 0, 0, 0, 0, 0, 0, 0, 1.00],
	[0, 0, 0, 0, 0, 0, 0, 0, 0, 1.00],
	[0, 0, 0, 0, 0, 0, 0, 0, 0, 1.00],
	[0, 0, 0, 0, 0, 0, 0, 0, 0, 1.00],
	[0, 0, 0, 0, 0, 0, 0, 0, 0, 0],
	[0, 0, 0, 0, 0, 0, 0, 0, 0, 0],
	[0, 0, 0, 0, 0, 0, 0, 0, 0, 0],
	[0, 0, 0, 0, 0, 0, 0, 0, 0, 0],
	[0, 0, 0, 0, 0, 0, 0, 0, 0, 0],
	[0, 0, 0, 0, 0, 0, 0, 0, 0, 0],
	[0, 0, 0, 0, 0, 0, 0, 0, 0, 0],
	[0, 0, 0, 0, 0, 0, 0, 0, 0, 0],
	[0, 0, 0, 0, 0, 0, 0, 0, 0, 0],
	[0, 0, 0, 0, 0, 0, 0, 0, 0, 0],
	[0, 0, 0, 0, 0, 0, 0, 0, 0, 0],
	[0, 0, 0, 0, 0, 0, 0, 0, 0, 0] ]
overcost [
	[0, 0, 0, 0, 0, 0, 0, 0, 0, 0],
	[0, 0, 0, 0, 0, 0, 0, 0, 0, 0],
	[0, 0, 0, 0, 0, 0, 0, 0, 0, 0],
	[0, 0, 0, 0, 0, 0, 0, 0, 0, 0],
	[0, 0, 0, 0, 0, 0, 0, 0, 0, 0],
	[0, 0, 0, 0, 0, 0, 0, 0, 0, 0],
	[0, 0, 0, 0, 0, 0, 0, 0, 0, 0],
	[0, 0, 0, 0, 0, 0, 0, 0, 0, 0],
	[0, 0, 0, 0, 0, 0, 0, 0, 0, 0],
	[0, 0, 0, 0, 0, 0, 0, 0, 0, 0],
	[0, 0, 0, 0, 0, 0, 0, 0, 0, 0],
	[0, 0, 0, 0, 0, 0, 0, 0, 0, 0],
	[0, 0, 0, 0, 0, 0, 0, 0, 0, 0],
	[0, 0, 0, 0, 0, 0, 0, 0, 0, 0],
	[0, 0, 0, 0, 0, 0, 0, 0, 0, 0],
	[0, 0, 0, 0, 0, 0, 0, 0, 0, 0],
	[0, 0, 0, 0, 0, 0, 0, 0, 0, 0],
	[0, 0, 0, 0, 0, 0, 0, 0, 0, 0],
	[0, 0, 0, 0, 0, 0, 0, 0, 0, 0],
	[0, 0, 0, 0, 0, 0, 0, 0, 0, 0],
	[0, 0, 0, 0, 0, 0, 0, 0, 0, 0],
	[0, 0, 0, 0, 0, 0, 0, 0, 0, 0],
	[0, 0, 0, 0, 0, 0, 0, 0, 0, 0],
	[0, 0, 0, 0, 0, 0, 0, 0, 0, 0],
	[0, 0, 0, 0, 0, 0, 0, 0, 0, 0],
	[0, 0, 0, 0, 0, 0, 0, 0, 0, 0],
	[0, 0, 0, 0, 0, 0, 0, 0, 0, 0],
	[0, 0, 0, 0, 0, 0, 0, 0, 0, 0],
	[0, 0, 0, 0, 0, 0, 0, 0, 0, 0],
	[0, 0, 0, 0, 0, 0, 0, 0, 0, 0],
	[0, 0, 0, 0, 0, 0, 0, 0, 0, 0],
	[0, 0, 0, 0, 0, 0, 0, 0, 0, 0],
	[0, 0, 0, 1.047221e+01, 0, 0, 0, 0, 0, 0],
	[0, 0, 0, 1.047221e+01, 0, 0, 0, 0, 0, 0],
	[0, 0, 0, 1.047221e+01, 0, 0, 0, 0, 0, 0],
	[0, 0, 0, 1.047221e+01, 0, 0, 0, 0, 0, 0],
	[0, 0, 1.897150e+00, 5.977001e+00, 0, 0, 0, 8.001950e+00, 7.995951e+00, 0],
	[0, 0, 1.897150e+00, 5.977001e+00, 0, 0, 0, 8.001950e+00, 7.995951e+00, 0],
	[0, 0, 1.897150e+00, 5.977001e+00, 0, 0, 0, 8.001950e+00, 7.995951e+00, 0],
	[0, 0, 1.897150e+00, 5.977001e+00, 0, 0, 0, 8.001950e+00, 7.995951e+00, 0],
	[0, 9.571415e+00, 1.752882e+00, 3.806506e+00, 7.581326e+00, 1.764901e+00, 0, 5.843226e+00, 7.941019e+00, 9.006781e+00],
	[0, 9.571415e+00, 1.752882e+00, 3.806506e+00, 7.581326e+00, 1.764901e+00, 0, 5.843226e+00, 7.941019e+00, 9.006781e+00],
	[0, 9.571415e+00, 1.752882e+00, 3.806506e+00, 7.581326e+00, 1.764901e+00, 0, 5.843226e+00, 7.941019e+00, 9.006781e+00],
	[0, 9.571415e+00, 1.752882e+00, 3.806506e+00, 7.581326e+00, 1.764901e+00, 0, 5.843226e+00, 7.941019e+00, 9.006781e+00],
	[2.079067e+00, 8.463541e+00, 1.115368e+00, 1.520471e+00, 4.550932e+00, 1.404401e+00, 2.146486e+00, 6.490812e-01, 1.666684e+00, 8.741305e+00],
	[2.079067e+00, 8.463541e+00, 1.115368e+00, 1.520471e+00, 4.550932e+00, 1.404401e+00, 2.146486e+00, 6.490812e-01, 1.666684e+00, 8.741305e+00],
	[2.079067e+00, 8.463541e+00, 1.115368e+00, 1.520471e+00, 4.550932e+00, 1.404401e+00, 2.146486e+00, 6.490812e-01, 1.666684e+00, 8.741305e+00],
	[2.079067e+00, 8.463541e+00, 1.115368e+00, 1.520471e+00, 4.550932e+00, 1.404401e+00, 2.146486e+00, 6.490812e-01, 1.666684e+00, 8.741305e+00],
	[0, 0, 1.477080e+00, 2.032531e+00, 0, 1.232823e+00, 1.752963e+00, 4.901725e-01, 1.197192e+00, 5.180686e+00],
	[0, 0, 1.477080e+00, 2.032531e+00, 0, 1.232823e+00, 1.752963e+00, 4.901725e-01, 1.197192e+00, 5.180686e+00],
	[0, 0, 1.477080e+00, 2.032531e+00, 0, 1.232823e+00, 1.752963e+00, 4.901725e-01, 1.197192e+00, 5.180686e+00],
	[0, 0, 1.477080e+00, 2.032531e+00, 0, 1.232823e+00, 1.752963e+00, 4.901725e-01, 1.197192e+00, 5.180686e+00],
	[2.207708e+00, 5.323846e+00, 1.102569e+00, 1.625594e+00, 0, 9.941625e-01, 2.367456e+00, 5.598514e-01, 9.753603e-01, 4.447332e+00],
	[2.207708e+00, 5.323846e+00, 1.102569e+00, 1.625594e+00, 0, 9.941625e-01, 2.367456e+00, 5.598514e-01, 9.753603e-01, 4.447332e+00],
	[2.207708e+00, 5.323846e+00, 1.102569e+00, 1.625594e+00, 0, 9.941625e-01, 2.367456e+00, 5.598514e-01, 9.753603e-01, 4.447332e+00],
	[2.207708e+00, 5.323846e+00, 1.102569e+00, 1.625594e+00, 0, 9.941625e-01, 2.367456e+00, 5.598514e-01, 9.753603e-01, 4.447332e+00],
	[2.113789e+00, 5.296620e+00, 9.660627e-01, 1.509420e+00, 2.757918e+00, 1.434530e+00, 2.292997e+00, 4.492556e-01, 9.160886e-01, 0],
	[2.113789e+00, 5.296620e+00, 9.660627e-01, 1.509420e+00, 2.757918e+00, 1.434530e+00, 2.292997e+00, 4.492556e-01, 9.160886e-01, 0],
	[2.113789e+00, 5.296620e+00, 9.660627e-01, 1.509420e+00, 2.757918e+00, 1.434530e+00, 2.292997e+00, 4.492556e-01, 9.160886e-01, 0],
	[2.113789e+00, 5.296620e+00, 9.660627e-01, 1.509420e+00, 2.757918e+00, 1.434530e+00, 2.292997e+00, 4.492556e-01, 9.160886e-01, 0],
	[2.109353e+00, 6.340891e+00, 1.052129e+00, 1.756891e+00, 3.179745e+00, 1.239896e+00, 2.256089e+00, 5.930665e-01, 9.012530e-01, 5.802283e+00],
	[2.109353e+00, 6.340891e+00, 1.052129e+00, 1.756891e+00, 3.179745e+00, 1.239896e+00, 2.256089e+00, 5.930665e-01, 9.012530e-01, 5.802283e+00],
	[2.109353e+00, 6.340891e+00, 1.052129e+00, 1.756891e+00, 3.179745e+00, 1.239896e+00, 2.256089e+00, 5.930665e-01, 9.012530e-01, 5.802283e+00],
	[2.109353e+00, 6.340891e+00, 1.052129e+00, 1.756891e+00, 3.179745e+00, 1.239896e+00, 2.256089e+00, 5.930665e-01, 9.012530e-01, 5.802283e+00],
	[0, 0, 1.571565e+00, 2.337479e+00, 4.695934e+00, 1.142521e+00, 2.065770e+00, 7.573667e-01, 1.667326e+00, 8.927106e+00],
	[0, 0, 1.571565e+00, 2.337479e+00, 4.695934e+00, 1.142521e+00, 2.065770e+00, 7.573667e-01, 1.667326e+00, 8.927106e+00],
	[0, 0, 1.571565e+00, 2.337479e+00, 4.695934e+00, 1.142521e+00, 2.065770e+00, 7.573667e-01, 1.667326e+00, 8.927106e+00],
	[0, 0, 1.571565e+00, 2.337479e+00, 4.695934e+00, 1.142521e+00, 2.065770e+00, 7.573667e-01, 1.667326e+00, 8.927106e+00],
	[0, 0, 1.085952e+00, 0, 0, 0, 0, 0, 1.621031e+00, 8.266729e+00],
	[0, 0, 1.085952e+00, 0, 0, 0, 0, 0, 1.621031e+00, 8.266729e+00],
	[0, 0, 1.085952e+00, 0, 0, 0, 0, 0, 1.621031e+00, 8.266729e+00],
	[0, 0, 1.085952e+00, 0, 0, 0, 0, 0, 1.621031e+00, 8.266729e+00],
	[0, 0, 1.197606e+00, 0, 0, 0, 0, 0, 8.866002e-01, 5.455133e+00],
	[0, 0, 1.197606e+00, 0, 0, 0, 0, 0, 8.866002e-01, 5.455133e+00],
	[0, 0, 1.197606e+00, 0, 0, 0, 0, 0, 8.866002e-01, 5.455133e+00],
	[0, 0, 1.197606e+00, 0, 0, 0, 0, 0, 8.866002e-01, 5.455133e+00],
	[0, 0, 9.384788e-01, 0, 0, 0, 0, 0, 1.383536e+00, 8.824448e+00],
	[0, 0, 9.384788e-01, 0, 0, 0, 0, 0, 1.383536e+00, 8.824448e+00],
	[0, 0, 9.384788e-01, 0, 0, 0, 0, 0, 1.383536e+00, 8.824448e+00],
	[0, 0, 9.384788e-01, 0, 0, 0, 0, 0, 1.383536e+00, 8.824448e+00],
	[0, 0, 0, 0, 0, 0, 0, 0, 0, 8.532554e+00],
	[0, 0, 0, 0, 0, 0, 0, 0, 0, 8.532554e+00],
	[0, 0, 0, 0, 0, 0, 0, 0, 0, 8.532554e+00],
	[0, 0, 0, 0, 0, 0, 0, 0, 0, 8.532554e+00],
	[0, 0, 0, 0, 0, 0, 0, 0, 0, 0],
	[0, 0, 0, 0, 0, 0, 0, 0, 0, 0],
	[0, 0, 0, 0, 0, 0, 0, 0, 0, 0],
	[0, 0, 0, 0, 0, 0, 0, 0, 0, 0],
	[0, 0, 0, 0, 0, 0, 0, 0, 0, 0],
	[0, 0, 0, 0, 0, 0, 0, 0, 0, 0],
	[0, 0, 0, 0, 0, 0, 0, 0, 0, 0],
	[0, 0, 0, 0, 0, 0, 0, 0, 0, 0],
	[0, 0, 0, 0, 0, 0, 0, 0, 0, 0],
	[0, 0, 0, 0, 0, 0, 0, 0, 0, 0],
	[0, 0, 0, 0, 0, 0, 0, 0, 0, 0],
	[0, 0, 0, 0, 0, 0, 0, 0, 0, 0] ]
undercost [
	[0, 0, 0, 0, 0, 0, 0, 0, 0, 0],
	[0, 0, 0, 0, 0, 0, 0, 0, 0, 0],
	[0, 0, 0, 0, 0, 0, 0, 0, 0, 0],
	[0, 0, 0, 0, 0, 0, 0, 0, 0, 0],
	[0, 0, 0, 0, 0, 0, 0, 0, 0, 0],
	[0, 0, 0, 0, 0, 0, 0, 0, 0, 0],
	[0, 0, 0, 0, 0, 0, 0, 0, 0, 0],
	[0, 0, 0, 0, 0, 0, 0, 0, 0, 0],
	[0, 0, 0, 0, 0, 0, 0, 0, 0, 0],
	[0, 0, 0, 0, 0, 0, 0, 0, 0, 0],
	[0, 0, 0, 0, 0, 0, 0, 0, 0, 0],
	[0, 0, 0, 0, 0, 0, 0, 0, 0, 0],
	[0, 0, 0, 0, 0, 0, 0, 0, 0, 0],
	[0, 0, 0, 0, 0, 0, 0, 0, 0, 0],
	[0, 0, 0, 0, 0, 0, 0, 0, 0, 0],
	[0, 0, 0, 0, 0, 0, 0, 0, 0, 0],
	[0, 0, 0, 0, 0, 0, 0, 0, 0, 0],
	[0, 0, 0, 0, 0, 0, 0, 0, 0, 0],
	[0, 0, 0, 0, 0, 0, 0, 0, 0, 0],
	[0, 0, 0, 0, 0, 0, 0, 0, 0, 0],
	[0, 0, 0, 0, 0, 0, 0, 0, 0, 0],
	[0, 0, 0, 0, 0, 0, 0, 0, 0, 0],
	[0, 0, 0, 0, 0, 0, 0, 0, 0, 0],
	[0, 0, 0, 0, 0, 0, 0, 0, 0, 0],
	[0, 0, 0, 0, 0, 0, 0, 0, 0, 0],
	[0, 0, 0, 0, 0, 0, 0, 0, 0, 0],
	[0, 0, 0, 0, 0, 0, 0, 0, 0, 0],
	[0, 0, 0, 0, 0, 0, 0, 0, 0, 0],
	[0, 0, 0, 0, 0, 0, 0, 0, 0, 0],
	[0, 0, 0, 0, 0, 0, 0, 0, 0, 0],
	[0, 0, 0, 0, 0, 0, 0, 0, 0, 0],
	[0, 0, 0, 0, 0, 0, 0, 0, 0, 0],
	[0, 0, 0, 1.000000e+06, 0, 0, 0, 0, 0, 0],
	[0, 0, 0, 1.000000e+06, 0, 0, 0, 0, 0, 0],
	[0, 0, 0, 1.000000e+06, 0, 0, 0, 0, 0, 0],
	[0, 0, 0, 1.000000e+06, 0, 0, 0, 0, 0, 0],
	[0, 0, 1.000000e+06, 1.000000e+06, 0, 0, 0, 1.000000e+06, 1.000000e+06, 0],
	[0, 0, 1.000000e+06, 1.000000e+06, 0, 0, 0, 1.000000e+06, 1.000000e+06, 0],
	[0, 0, 1.000000e+06, 1.000000e+06, 0, 0, 0, 1.000000e+06, 1.000000e+06, 0],
	[0, 0, 1.000000e+06, 1.000000e+06, 0, 0, 0, 1.000000e+06, 1.000000e+06, 0],
	[0, 1.000000e+06, 1.000000e+06, 1.000000e+06, 1.000000e+06, 1.000000e+06, 0, 1.000000e+06, 1.000000e+06, 1.000000e+06],
	[0, 1.000000e+06, 1.000000e+06, 1.000000e+06, 1.000000e+06, 1.000000e+06, 0, 1.000000e+06, 1.000000e+06, 1.000000e+06],
	[0, 1.000000e+06, 1.000000e+06, 1.000000e+06, 1.000000e+06, 1.000000e+06, 0, 1.000000e+06, 1.000000e+06, 1.000000e+06],
	[0, 1.000000e+06, 1.000000e+06, 1.000000e+06, 1.000000e+06, 1.000000e+06, 0, 1.000000e+06, 1.000000e+06, 1.000000e+06],
	[1.000000e+06, 1.000000e+06, 2.697827e+00, 1.000000e+06, 1.000000e+06, 1.985840e+00, 1.000000e+06, 1.374964e+00, 1.000000e+06, 1.000000e+06],
	[1.000000e+06, 1.000000e+06, 2.697827e+00, 1.000000e+06, 1.000000e+06, 1.985840e+00, 1.000000e+06, 1.374964e+00, 1.000000e+06, 1.000000e+06],
	[1.000000e+06, 1.000000e+06, 2.697827e+00, 1.000000e+06, 1.000000e+06, 1.985840e+00, 1.000000e+06, 1.374964e+00, 1.000000e+06, 1.000000e+06],
	[1.000000e+06, 1.000000e+06, 2.697827e+00, 1.000000e+06, 1.000000e+06, 1.985840e+00, 1.000000e+06, 1.374964e+00, 1.000000e+06, 1.000000e+06],
	[0, 0, 1.394383e+00, 1.000000e+06, 0, 2.203384e+00, 1.000000e+06, 7.575748e-01, 1.333171e+00, 1.000000e+06],
	[0, 0, 1.394383e+00, 1.000000e+06, 0, 2.203384e+00, 1.000000e+06, 7.575748e-01, 1.333171e+00, 1.000000e+06],
	[0, 0, 1.394383e+00, 1.000000e+06, 0, 2.203384e+00, 1.000000e+06, 7.575748e-01, 1.333171e+00, 1.000000e+06],
	[0, 0, 1.394383e+00, 1.000000e+06, 0, 2.203384e+00, 1.000000e+06, 7.575748e-01, 1.333171e+00, 1.000000e+06],
	[1.000000e+06, 1.000000e+06, 1.873332e+00, 1.000000e+06, 0, 2.524010e+00, 1.000000e+06, 5.201160e-01, 1.340290e+00, 1.000000e+06],
	[1.000000e+06, 1.000000e+06, 1.873332e+00, 1.000000e+06, 0, 2.524010e+00, 1.000000e+06, 5.201160e-01, 1.340290e+00, 1.000000e+06],
	[1.000000e+06, 1.000000e+06, 1.873332e+00, 1.000000e+06, 0, 2.524010e+00, 1.000000e+06, 5.201160e-01, 1.340290e+00, 1.000000e+06],
	[1.000000e+06, 1.000000e+06, 1.873332e+00, 1.000000e+06, 0, 2.524010e+00, 1.000000e+06, 5.201160e-01, 1.340290e+00, 1.000000e+06],
	[1.000000e+06, 1.000000e+06, 2.048333e+00, 1.000000e+06, 1.000000e+06, 1.523144e+00, 1.000000e+06, 6.433343e-01, 1.416437e+00, 0],
	[1.000000e+06, 1.000000e+06, 2.048333e+00, 1.000000e+06, 1.000000e+06, 1.523144e+00, 1.000000e+06, 6.433343e-01, 1.416437e+00, 0],
	[1.000000e+06, 1.000000e+06, 2.048333e+00, 1.000000e+06, 1.000000e+06, 1.523144e+00, 1.000000e+06, 6.433343e-01, 1.416437e+00, 0],
	[1.000000e+06, 1.000000e+06, 2.048333e+00, 1.000000e+06, 1.000000e+06, 1.523144e+00, 1.000000e+06, 6.433343e-01, 1.416437e+00, 0],
	[1.000000e+06, 1.000000e+06, 1.941857e+00, 1.000000e+06, 1.000000e+06, 1.784321e+00, 1.000000e+06, 6.415168e-01, 2.097314e+00, 1.000000e+06],
	[1.000000e+06, 1.000000e+06, 1.941857e+00, 1.000000e+06, 1.000000e+06, 1.784321e+00, 1.000000e+06, 6.415168e-01, 2.097314e+00, 1.000000e+06],
	[1.000000e+06, 1.000000e+06, 1.941857e+00, 1.000000e+06, 1.000000e+06, 1.784321e+00, 1.000000e+06, 6.415168e-01, 2.097314e+00, 1.000000e+06],
	[1.000000e+06, 1.000000e+06, 1.941857e+00, 1.000000e+06, 1.000000e+06, 1.784321e+00, 1.000000e+06, 6.415168e-01, 2.097314e+00, 1.000000e+06],
	[0, 0, 1.629106e+00, 1.000000e+06, 1.000000e+06, 2.341721e+00, 1.000000e+06, 1.421791e+00, 1.000000e+06, 1.000000e+06],
	[0, 0, 1.629106e+00, 1.000000e+06, 1.000000e+06, 2.341721e+00, 1.000000e+06, 1.421791e+00, 1.000000e+06, 1.000000e+06],
	[0, 0, 1.629106e+00, 1.000000e+06, 1.000000e+06, 2.341721e+00, 1.000000e+06, 1.421791e+00, 1.000000e+06, 1.000000e+06],
	[0, 0, 1.629106e+00, 1.000000e+06, 1.000000e+06, 2.341721e+00, 1.000000e+06, 1.421791e+00, 1.000000e+06, 1.000000e+06],
	[0, 0, 2.267507e+00, 0, 0, 0, 0, 0, 1.000000e+06, 1.000000e+06],
	[0, 0, 2.267507e+00, 0, 0, 0, 0, 0, 1.000000e+06, 1.000000e+06],
	[0, 0, 2.267507e+00, 0, 0, 0, 0, 0, 1.000000e+06, 1.000000e+06],
	[0, 0, 2.267507e+00, 0, 0, 0, 0, 0, 1.000000e+06, 1.000000e+06],
	[0, 0, 1.468238e+00, 0, 0, 0, 0, 0, 1.746131e+00, 1.000000e+06],
	[0, 0, 1.468238e+00, 0, 0, 0, 0, 0, 1.746131e+00, 1.000000e+06],
	[0, 0, 1.468238e+00, 0, 0, 0, 0, 0, 1.746131e+00, 1.000000e+06],
	[0, 0, 1.468238e+00, 0, 0, 0, 0, 0, 1.746131e+00, 1.000000e+06],
	[0, 0, 2.096818e+00, 0, 0, 0, 0, 0, 1.000000e+06, 1.000000e+06],
	[0, 0, 2.096818e+00, 0, 0, 0, 0, 0, 1.000000e+06, 1.000000e+06],
	[0, 0, 2.096818e+00, 0, 0, 0, 0, 0, 1.000000e+06, 1.000000e+06],
	[0, 0, 2.096818e+00, 0, 0, 0, 0, 0, 1.000000e+06, 1.000000e+06],
	[0, 0, 0, 0, 0, 0, 0, 0, 0, 1.000000e+06],
	[0, 0, 0, 0, 0, 0, 0, 0, 0, 1.000000e+06],
	[0, 0, 0, 0, 0, 0, 0, 0, 0, 1.000000e+06],
	[0, 0, 0, 0, 0, 0, 0, 0, 0, 1.000000e+06],
	[0, 0, 0, 0, 0, 0, 0, 0, 0, 0],
	[0, 0, 0, 0, 0, 0, 0, 0, 0, 0],
	[0, 0, 0, 0, 0, 0, 0, 0, 0, 0],
	[0, 0, 0, 0, 0, 0, 0, 0, 0, 0],
	[0, 0, 0, 0, 0, 0, 0, 0, 0, 0],
	[0, 0, 0, 0, 0, 0, 0, 0, 0, 0],
	[0, 0, 0, 0, 0, 0, 0, 0, 0, 0],
	[0, 0, 0, 0, 0, 0, 0, 0, 0, 0],
	[0, 0, 0, 0, 0, 0, 0, 0, 0, 0],
	[0, 0, 0, 0, 0, 0, 0, 0, 0, 0],
	[0, 0, 0, 0, 0, 0, 0, 0, 0, 0],
	[0, 0, 0, 0, 0, 0, 0, 0, 0, 0] ]
