1135 1198 1299 1539 1728 1759 2768 3092 3095
SHOE
ACT	9
SHIFT	96
demand [
	[0, 0, 0, 0, 0, 0, 0, 0, 0],
	[0, 0, 0, 0, 0, 0, 0, 0, 0],
	[0, 0, 0, 0, 0, 0, 0, 0, 0],
	[0, 0, 0, 0, 0, 0, 0, 0, 0],
	[0, 0, 0, 0, 0, 0, 0, 0, 0],
	[0, 0, 0, 0, 0, 0, 0, 0, 0],
	[0, 0, 0, 0, 0, 0, 0, 0, 0],
	[0, 0, 0, 0, 0, 0, 0, 0, 0],
	[0, 0, 0, 0, 0, 0, 0, 0, 0],
	[0, 0, 0, 0, 0, 0, 0, 0, 0],
	[0, 0, 0, 0, 0, 0, 0, 0, 0],
	[0, 0, 0, 0, 0, 0, 0, 0, 0],
	[0, 0, 0, 0, 0, 0, 0, 0, 0],
	[0, 0, 0, 0, 0, 0, 0, 0, 0],
	[0, 0, 0, 0, 0, 0, 0, 0, 0],
	[0, 0, 0, 0, 0, 0, 0, 0, 0],
	[0, 0, 0, 0, 0, 0, 0, 0, 0],
	[0, 0, 0, 0, 0, 0, 0, 0, 0],
	[0, 0, 0, 0, 0, 0, 0, 0, 0],
	[0, 0, 0, 0, 0, 0, 0, 0, 0],
	[0, 0, 0, 0, 0, 0, 0, 0, 0],
	[0, 0, 0, 0, 0, 0, 0, 0, 0],
	[0, 0, 0, 0, 0, 0, 0, 0, 0],
	[0, 0, 0, 0, 0, 0, 0, 0, 0],
	[0, 0, 0, 0, 0, 0, 0, 0, 0],
	[0, 0, 0, 0, 0, 0, 0, 0, 0],
	[0, 0, 0, 0, 0, 0, 0, 0, 0],
	[0, 0, 0, 0, 0, 0, 0, 0, 0],
	[0, 0, 0, 0, 0, 0, 0, 0, 0],
	[0, 0, 0, 0, 0, 0, 0, 0, 0],
	[0, 0, 0, 0, 0, 0, 0, 0, 0],
	[0, 0, 0, 0, 0, 0, 0, 0, 0],
	[0, 0, 0, 1.25, 0, 0, 0, 0, 1.00],
	[0, 0, 0, 1.25, 0, 0, 0, 0, 1.00],
	[0, 0, 0, 1.25, 0, 0, 0, 0, 1.00],
	[0, 0, 0, 1.25, 0, 0, 0, 0, 1.00],
	[0, 1.00, 3.00, 2.00, 1.00, 1.00, 0, 0, 0],
	[0, 1.00, 3.00, 2.00, 1.00, 1.00, 0, 0, 0],
	[0, 1.00, 3.00, 2.00, 1.00, 1.00, 0, 0, 0],
	[0, 1.00, 3.00, 2.00, 1.00, 1.00, 0, 0, 0],
	[1.25, 1.00, 3.50, 2.50, 0, 1.00, 1.00, 1.00, 1.00],
	[1.25, 1.00, 3.50, 2.50, 0, 1.00, 1.00, 1.00, 1.00],
	[1.25, 1.00, 3.50, 2.50, 0, 1.00, 1.00, 1.00, 1.00],
	[1.25, 1.00, 3.50, 2.50, 0, 1.00, 1.00, 1.00, 1.00],
	[1.75, 1.00, 4.50, 3.50, 1.00, 1.00, 1.00, 1.00, 1.00],
	[1.75, 1.00, 4.50, 3.50, 1.00, 1.00, 1.00, 1.00, 1.00],
	[1.75, 1.00, 4.50, 3.50, 1.00, 1.00, 1.00, 1.00, 1.00],
	[1.75, 1.00, 4.50, 3.50, 1.00, 1.00, 1.00, 1.00, 1.00],
	[1.75, 0, 4.50, 3.75, 1.00, 1.00, 1.00, 0, 1.00],
	[1.75, 0, 4.50, 3.75, 1.00, 1.00, 1.00, 0, 1.00],
	[1.75, 0, 4.50, 3.75, 1.00, 1.00, 1.00, 0, 1.00],
	[1.75, 0, 4.50, 3.75, 1.00, 1.00, 1.00, 0, 1.00],
	[2.00, 1.00, 4.75, 3.75, 1.00, 1.25, 1.00, 0, 1.00],
	[2.00, 1.00, 4.75, 3.75, 1.00, 1.25, 1.00, 0, 1.00],
	[2.00, 1.00, 4.75, 3.75, 1.00, 1.25, 1.00, 0, 1.00],
	[2.00, 1.00, 4.75, 3.75, 1.00, 1.25, 1.00, 0, 1.00],
	[2.00, 0, 4.75, 4.00, 1.00, 1.25, 1.00, 0, 1.00],
	[2.00, 0, 4.75, 4.00, 1.00, 1.25, 1.00, 0, 1.00],
	[2.00, 0, 4.75, 4.00, 1.00, 1.25, 1.00, 0, 1.00],
	[2.00, 0, 4.75, 4.00, 1.00, 1.25, 1.00, 0, 1.00],
	[2.00, 1.00, 5.00, 4.00, 1.00, 1.25, 1.00, 1.00, 1.00],
	[2.00, 1.00, 5.00, 4.00, 1.00, 1.25, 1.00, 1.00, 1.00],
	[2.00, 1.00, 5.00, 4.00, 1.00, 1.25, 1.00, 1.00, 1.00],
	[2.00, 1.00, 5.00, 4.00, 1.00, 1.25, 1.00, 1.00, 1.00],
	[1.75, 0, 4.50, 3.50, 1.00, 1.00, 1.00, 1.00, 1.00],
	[1.75, 0, 4.50, 3.50, 1.00, 1.00, 1.00, 1.00, 1.00],
	[1.75, 0, 4.50, 3.50, 1.00, 1.00, 1.00, 1.00, 1.00],
	[1.75, 0, 4.50, 3.50, 1.00, 1.00, 1.00, 1.00, 1.00],
	[1.75, 1.00, 0, 0, 1.00, 1.00, 0, 1.00, 0],
	[1.75, 1.00, 0, 0, 1.00, 1.00, 0, 1.00, 0],
	[1.75, 1.00, 0, 0, 1.00, 1.00, 0, 1.00, 0],
	[1.75, 1.00, 0, 0, 1.00, 1.00, 0, 1.00, 0],
	[2.00, 1.00, 0, 0, 1.25, 1.25, 0, 1.00, 1.00],
	[2.00, 1.00, 0, 0, 1.25, 1.25, 0, 1.00, 1.00],
	[2.00, 1.00, 0, 0, 1.25, 1.25, 0, 1.00, 1.00],
	[2.00, 1.00, 0, 0, 1.25, 1.25, 0, 1.00, 1.00],
	[2.25, 0, 0, 0, 1.00, 1.25, 0, 0, 0],
	[2.25, 0, 0, 0, 1.00, 1.25, 0, 0, 0],
	[2.25, 0, 0, 0, 1.00, 1.25, 0, 0, 0],
	[2.25, 0, 0, 0, 1.00, 1.25, 0, 0, 0],
	[0, 0, 0, 0, 0, 0, 0, 0, 0],
	[0, 0, 0, 0, 0, 0, 0, 0, 0],
	[0, 0, 0, 0, 0, 0, 0, 0, 0],
	[0, 0, 0, 0, 0, 0, 0, 0, 0],
	[0, 0, 0, 0, 0, 0, 0, 0, 0],
	[0, 0, 0, 0, 0, 0, 0, 0, 0],
	[0, 0, 0, 0, 0, 0, 0, 0, 0],
	[0, 0, 0, 0, 0, 0, 0, 0, 0],
	[0, 0, 0, 0, 0, 0, 0, 0, 0],
	[0, 0, 0, 0, 0, 0, 0, 0, 0],
	[0, 0, 0, 0, 0, 0, 0, 0, 0],
	[0, 0, 0, 0, 0, 0, 0, 0, 0],
	[0, 0, 0, 0, 0, 0, 0, 0, 0],
	[0, 0, 0, 0, 0, 0, 0, 0, 0],
	[0, 0, 0, 0, 0, 0, 0, 0, 0],
	[0, 0, 0, 0, 0, 0, 0, 0, 0] ]
overcost [
	[0, 0, 0, 0, 0, 0, 0, 0, 0],
	[0, 0, 0, 0, 0, 0, 0, 0, 0],
	[0, 0, 0, 0, 0, 0, 0, 0, 0],
	[0, 0, 0, 0, 0, 0, 0, 0, 0],
	[0, 0, 0, 0, 0, 0, 0, 0, 0],
	[0, 0, 0, 0, 0, 0, 0, 0, 0],
	[0, 0, 0, 0, 0, 0, 0, 0, 0],
	[0, 0, 0, 0, 0, 0, 0, 0, 0],
	[0, 0, 0, 0, 0, 0, 0, 0, 0],
	[0, 0, 0, 0, 0, 0, 0, 0, 0],
	[0, 0, 0, 0, 0, 0, 0, 0, 0],
	[0, 0, 0, 0, 0, 0, 0, 0, 0],
	[0, 0, 0, 0, 0, 0, 0, 0, 0],
	[0, 0, 0, 0, 0, 0, 0, 0, 0],
	[0, 0, 0, 0, 0, 0, 0, 0, 0],
	[0, 0, 0, 0, 0, 0, 0, 0, 0],
	[0, 0, 0, 0, 0, 0, 0, 0, 0],
	[0, 0, 0, 0, 0, 0, 0, 0, 0],
	[0, 0, 0, 0, 0, 0, 0, 0, 0],
	[0, 0, 0, 0, 0, 0, 0, 0, 0],
	[0, 0, 0, 0, 0, 0, 0, 0, 0],
	[0, 0, 0, 0, 0, 0, 0, 0, 0],
	[0, 0, 0, 0, 0, 0, 0, 0, 0],
	[0, 0, 0, 0, 0, 0, 0, 0, 0],
	[0, 0, 0, 0, 0, 0, 0, 0, 0],
	[0, 0, 0, 0, 0, 0, 0, 0, 0],
	[0, 0, 0, 0, 0, 0, 0, 0, 0],
	[0, 0, 0, 0, 0, 0, 0, 0, 0],
	[0, 0, 0, 0, 0, 0, 0, 0, 0],
	[0, 0, 0, 0, 0, 0, 0, 0, 0],
	[0, 0, 0, 0, 0, 0, 0, 0, 0],
	[0, 0, 0, 0, 0, 0, 0, 0, 0],
	[0, 0, 0, 2.405898e+00, 0, 0, 0, 0, 1.006679e+01],
	[0, 0, 0, 2.405898e+00, 0, 0, 0, 0, 1.006679e+01],
	[0, 0, 0, 2.405898e+00, 0, 0, 0, 0, 1.006679e+01],
	[0, 0, 0, 2.405898e+00, 0, 0, 0, 0, 1.006679e+01],
	[0, 9.078168e+00, 1.164132e+00, 1.103053e+00, 6.084131e+00, 5.600630e+00, 0, 0, 0],
	[0, 9.078168e+00, 1.164132e+00, 1.103053e+00, 6.084131e+00, 5.600630e+00, 0, 0, 0],
	[0, 9.078168e+00, 1.164132e+00, 1.103053e+00, 6.084131e+00, 5.600630e+00, 0, 0, 0],
	[0, 9.078168e+00, 1.164132e+00, 1.103053e+00, 6.084131e+00, 5.600630e+00, 0, 0, 0],
	[2.318063e+00, 8.767610e+00, 9.940383e-01, 1.002172e+00, 0, 4.404471e+00, 1.052473e+01, 9.068320e+00, 6.301619e+00],
	[2.318063e+00, 8.767610e+00, 9.940383e-01, 1.002172e+00, 0, 4.404471e+00, 1.052473e+01, 9.068320e+00, 6.301619e+00],
	[2.318063e+00, 8.767610e+00, 9.940383e-01, 1.002172e+00, 0, 4.404471e+00, 1.052473e+01, 9.068320e+00, 6.301619e+00],
	[2.318063e+00, 8.767610e+00, 9.940383e-01, 1.002172e+00, 0, 4.404471e+00, 1.052473e+01, 9.068320e+00, 6.301619e+00],
	[1.753845e+00, 4.661263e+00, 8.358587e-01, 9.577720e-01, 2.729977e+00, 2.446478e+00, 7.127766e+00, 6.414266e+00, 3.982922e+00],
	[1.753845e+00, 4.661263e+00, 8.358587e-01, 9.577720e-01, 2.729977e+00, 2.446478e+00, 7.127766e+00, 6.414266e+00, 3.982922e+00],
	[1.753845e+00, 4.661263e+00, 8.358587e-01, 9.577720e-01, 2.729977e+00, 2.446478e+00, 7.127766e+00, 6.414266e+00, 3.982922e+00],
	[1.753845e+00, 4.661263e+00, 8.358587e-01, 9.577720e-01, 2.729977e+00, 2.446478e+00, 7.127766e+00, 6.414266e+00, 3.982922e+00],
	[1.390053e+00, 0, 7.041779e-01, 1.008271e+00, 2.073609e+00, 1.798880e+00, 3.718148e+00, 0, 2.986363e+00],
	[1.390053e+00, 0, 7.041779e-01, 1.008271e+00, 2.073609e+00, 1.798880e+00, 3.718148e+00, 0, 2.986363e+00],
	[1.390053e+00, 0, 7.041779e-01, 1.008271e+00, 2.073609e+00, 1.798880e+00, 3.718148e+00, 0, 2.986363e+00],
	[1.390053e+00, 0, 7.041779e-01, 1.008271e+00, 2.073609e+00, 1.798880e+00, 3.718148e+00, 0, 2.986363e+00],
	[1.744133e+00, 2.477569e+00, 7.938554e-01, 7.343769e-01, 1.749135e+00, 2.333176e+00, 2.844009e+00, 0, 2.620274e+00],
	[1.744133e+00, 2.477569e+00, 7.938554e-01, 7.343769e-01, 1.749135e+00, 2.333176e+00, 2.844009e+00, 0, 2.620274e+00],
	[1.744133e+00, 2.477569e+00, 7.938554e-01, 7.343769e-01, 1.749135e+00, 2.333176e+00, 2.844009e+00, 0, 2.620274e+00],
	[1.744133e+00, 2.477569e+00, 7.938554e-01, 7.343769e-01, 1.749135e+00, 2.333176e+00, 2.844009e+00, 0, 2.620274e+00],
	[1.649773e+00, 0, 6.684376e-01, 9.844074e-01, 1.666539e+00, 2.242808e+00, 2.792128e+00, 0, 2.517626e+00],
	[1.649773e+00, 0, 6.684376e-01, 9.844074e-01, 1.666539e+00, 2.242808e+00, 2.792128e+00, 0, 2.517626e+00],
	[1.649773e+00, 0, 6.684376e-01, 9.844074e-01, 1.666539e+00, 2.242808e+00, 2.792128e+00, 0, 2.517626e+00],
	[1.649773e+00, 0, 6.684376e-01, 9.844074e-01, 1.666539e+00, 2.242808e+00, 2.792128e+00, 0, 2.517626e+00],
	[1.580666e+00, 3.064191e+00, 7.514419e-01, 8.661486e-01, 1.782514e+00, 2.329817e+00, 4.206878e+00, 5.252223e+00, 2.803217e+00],
	[1.580666e+00, 3.064191e+00, 7.514419e-01, 8.661486e-01, 1.782514e+00, 2.329817e+00, 4.206878e+00, 5.252223e+00, 2.803217e+00],
	[1.580666e+00, 3.064191e+00, 7.514419e-01, 8.661486e-01, 1.782514e+00, 2.329817e+00, 4.206878e+00, 5.252223e+00, 2.803217e+00],
	[1.580666e+00, 3.064191e+00, 7.514419e-01, 8.661486e-01, 1.782514e+00, 2.329817e+00, 4.206878e+00, 5.252223e+00, 2.803217e+00],
	[1.611870e+00, 0, 5.576240e-01, 7.131850e-01, 2.707053e+00, 2.371382e+00, 8.104594e+00, 6.586337e+00, 3.993820e+00],
	[1.611870e+00, 0, 5.576240e-01, 7.131850e-01, 2.707053e+00, 2.371382e+00, 8.104594e+00, 6.586337e+00, 3.993820e+00],
	[1.611870e+00, 0, 5.576240e-01, 7.131850e-01, 2.707053e+00, 2.371382e+00, 8.104594e+00, 6.586337e+00, 3.993820e+00],
	[1.611870e+00, 0, 5.576240e-01, 7.131850e-01, 2.707053e+00, 2.371382e+00, 8.104594e+00, 6.586337e+00, 3.993820e+00],
	[1.227550e+00, 4.236759e+00, 0, 0, 2.273464e+00, 1.972837e+00, 0, 6.084892e+00, 0],
	[1.227550e+00, 4.236759e+00, 0, 0, 2.273464e+00, 1.972837e+00, 0, 6.084892e+00, 0],
	[1.227550e+00, 4.236759e+00, 0, 0, 2.273464e+00, 1.972837e+00, 0, 6.084892e+00, 0],
	[1.227550e+00, 4.236759e+00, 0, 0, 2.273464e+00, 1.972837e+00, 0, 6.084892e+00, 0],
	[1.150771e+00, 2.709611e+00, 0, 0, 2.239677e+00, 2.021463e+00, 0, 5.031653e+00, 2.534206e+00],
	[1.150771e+00, 2.709611e+00, 0, 0, 2.239677e+00, 2.021463e+00, 0, 5.031653e+00, 2.534206e+00],
	[1.150771e+00, 2.709611e+00, 0, 0, 2.239677e+00, 2.021463e+00, 0, 5.031653e+00, 2.534206e+00],
	[1.150771e+00, 2.709611e+00, 0, 0, 2.239677e+00, 2.021463e+00, 0, 5.031653e+00, 2.534206e+00],
	[1.502249e+00, 0, 0, 0, 1.607342e+00, 2.248433e+00, 0, 0, 0],
	[1.502249e+00, 0, 0, 0, 1.607342e+00, 2.248433e+00, 0, 0, 0],
	[1.502249e+00, 0, 0, 0, 1.607342e+00, 2.248433e+00, 0, 0, 0],
	[1.502249e+00, 0, 0, 0, 1.607342e+00, 2.248433e+00, 0, 0, 0],
	[0, 0, 0, 0, 0, 0, 0, 0, 0],
	[0, 0, 0, 0, 0, 0, 0, 0, 0],
	[0, 0, 0, 0, 0, 0, 0, 0, 0],
	[0, 0, 0, 0, 0, 0, 0, 0, 0],
	[0, 0, 0, 0, 0, 0, 0, 0, 0],
	[0, 0, 0, 0, 0, 0, 0, 0, 0],
	[0, 0, 0, 0, 0, 0, 0, 0, 0],
	[0, 0, 0, 0, 0, 0, 0, 0, 0],
	[0, 0, 0, 0, 0, 0, 0, 0, 0],
	[0, 0, 0, 0, 0, 0, 0, 0, 0],
	[0, 0, 0, 0, 0, 0, 0, 0, 0],
	[0, 0, 0, 0, 0, 0, 0, 0, 0],
	[0, 0, 0, 0, 0, 0, 0, 0, 0],
	[0, 0, 0, 0, 0, 0, 0, 0, 0],
	[0, 0, 0, 0, 0, 0, 0, 0, 0],
	[0, 0, 0, 0, 0, 0, 0, 0, 0] ]
undercost [
	[0, 0, 0, 0, 0, 0, 0, 0, 0],
	[0, 0, 0, 0, 0, 0, 0, 0, 0],
	[0, 0, 0, 0, 0, 0, 0, 0, 0],
	[0, 0, 0, 0, 0, 0, 0, 0, 0],
	[0, 0, 0, 0, 0, 0, 0, 0, 0],
	[0, 0, 0, 0, 0, 0, 0, 0, 0],
	[0, 0, 0, 0, 0, 0, 0, 0, 0],
	[0, 0, 0, 0, 0, 0, 0, 0, 0],
	[0, 0, 0, 0, 0, 0, 0, 0, 0],
	[0, 0, 0, 0, 0, 0, 0, 0, 0],
	[0, 0, 0, 0, 0, 0, 0, 0, 0],
	[0, 0, 0, 0, 0, 0, 0, 0, 0],
	[0, 0, 0, 0, 0, 0, 0, 0, 0],
	[0, 0, 0, 0, 0, 0, 0, 0, 0],
	[0, 0, 0, 0, 0, 0, 0, 0, 0],
	[0, 0, 0, 0, 0, 0, 0, 0, 0],
	[0, 0, 0, 0, 0, 0, 0, 0, 0],
	[0, 0, 0, 0, 0, 0, 0, 0, 0],
	[0, 0, 0, 0, 0, 0, 0, 0, 0],
	[0, 0, 0, 0, 0, 0, 0, 0, 0],
	[0, 0, 0, 0, 0, 0, 0, 0, 0],
	[0, 0, 0, 0, 0, 0, 0, 0, 0],
	[0, 0, 0, 0, 0, 0, 0, 0, 0],
	[0, 0, 0, 0, 0, 0, 0, 0, 0],
	[0, 0, 0, 0, 0, 0, 0, 0, 0],
	[0, 0, 0, 0, 0, 0, 0, 0, 0],
	[0, 0, 0, 0, 0, 0, 0, 0, 0],
	[0, 0, 0, 0, 0, 0, 0, 0, 0],
	[0, 0, 0, 0, 0, 0, 0, 0, 0],
	[0, 0, 0, 0, 0, 0, 0, 0, 0],
	[0, 0, 0, 0, 0, 0, 0, 0, 0],
	[0, 0, 0, 0, 0, 0, 0, 0, 0],
	[0, 0, 0, 1.000000e+06, 0, 0, 0, 0, 1.000000e+06],
	[0, 0, 0, 1.000000e+06, 0, 0, 0, 0, 1.000000e+06],
	[0, 0, 0, 1.000000e+06, 0, 0, 0, 0, 1.000000e+06],
	[0, 0, 0, 1.000000e+06, 0, 0, 0, 0, 1.000000e+06],
	[0, 1.000000e+06, 1.203930e+00, 2.966759e+00, 1.000000e+06, 1.000000e+06, 0, 0, 0],
	[0, 1.000000e+06, 1.203930e+00, 2.966759e+00, 1.000000e+06, 1.000000e+06, 0, 0, 0],
	[0, 1.000000e+06, 1.203930e+00, 2.966759e+00, 1.000000e+06, 1.000000e+06, 0, 0, 0],
	[0, 1.000000e+06, 1.203930e+00, 2.966759e+00, 1.000000e+06, 1.000000e+06, 0, 0, 0],
	[1.000000e+06, 1.000000e+06, 1.027359e+00, 2.093418e+00, 0, 1.000000e+06, 1.000000e+06, 1.000000e+06, 1.000000e+06],
	[1.000000e+06, 1.000000e+06, 1.027359e+00, 2.093418e+00, 0, 1.000000e+06, 1.000000e+06, 1.000000e+06, 1.000000e+06],
	[1.000000e+06, 1.000000e+06, 1.027359e+00, 2.093418e+00, 0, 1.000000e+06, 1.000000e+06, 1.000000e+06, 1.000000e+06],
	[1.000000e+06, 1.000000e+06, 1.027359e+00, 2.093418e+00, 0, 1.000000e+06, 1.000000e+06, 1.000000e+06, 1.000000e+06],
	[1.000000e+06, 1.000000e+06, 7.194837e-01, 1.137105e+00, 1.000000e+06, 1.000000e+06, 1.000000e+06, 1.000000e+06, 1.000000e+06],
	[1.000000e+06, 1.000000e+06, 7.194837e-01, 1.137105e+00, 1.000000e+06, 1.000000e+06, 1.000000e+06, 1.000000e+06, 1.000000e+06],
	[1.000000e+06, 1.000000e+06, 7.194837e-01, 1.137105e+00, 1.000000e+06, 1.000000e+06, 1.000000e+06, 1.000000e+06, 1.000000e+06],
	[1.000000e+06, 1.000000e+06, 7.194837e-01, 1.137105e+00, 1.000000e+06, 1.000000e+06, 1.000000e+06, 1.000000e+06, 1.000000e+06],
	[1.000000e+06, 0, 8.693697e-01, 9.167968e-01, 1.000000e+06, 1.000000e+06, 1.000000e+06, 0, 1.000000e+06],
	[1.000000e+06, 0, 8.693697e-01, 9.167968e-01, 1.000000e+06, 1.000000e+06, 1.000000e+06, 0, 1.000000e+06],
	[1.000000e+06, 0, 8.693697e-01, 9.167968e-01, 1.000000e+06, 1.000000e+06, 1.000000e+06, 0, 1.000000e+06],
	[1.000000e+06, 0, 8.693697e-01, 9.167968e-01, 1.000000e+06, 1.000000e+06, 1.000000e+06, 0, 1.000000e+06],
	[1.886264e+00, 1.000000e+06, 6.763865e-01, 1.243912e+00, 1.000000e+06, 1.000000e+06, 1.000000e+06, 0, 1.000000e+06],
	[1.886264e+00, 1.000000e+06, 6.763865e-01, 1.243912e+00, 1.000000e+06, 1.000000e+06, 1.000000e+06, 0, 1.000000e+06],
	[1.886264e+00, 1.000000e+06, 6.763865e-01, 1.243912e+00, 1.000000e+06, 1.000000e+06, 1.000000e+06, 0, 1.000000e+06],
	[1.886264e+00, 1.000000e+06, 6.763865e-01, 1.243912e+00, 1.000000e+06, 1.000000e+06, 1.000000e+06, 0, 1.000000e+06],
	[2.018780e+00, 0, 8.206385e-01, 8.113304e-01, 1.000000e+06, 1.000000e+06, 1.000000e+06, 0, 1.000000e+06],
	[2.018780e+00, 0, 8.206385e-01, 8.113304e-01, 1.000000e+06, 1.000000e+06, 1.000000e+06, 0, 1.000000e+06],
	[2.018780e+00, 0, 8.206385e-01, 8.113304e-01, 1.000000e+06, 1.000000e+06, 1.000000e+06, 0, 1.000000e+06],
	[2.018780e+00, 0, 8.206385e-01, 8.113304e-01, 1.000000e+06, 1.000000e+06, 1.000000e+06, 0, 1.000000e+06],
	[2.127884e+00, 1.000000e+06, 6.470528e-01, 9.529947e-01, 1.000000e+06, 1.000000e+06, 1.000000e+06, 1.000000e+06, 1.000000e+06],
	[2.127884e+00, 1.000000e+06, 6.470528e-01, 9.529947e-01, 1.000000e+06, 1.000000e+06, 1.000000e+06, 1.000000e+06, 1.000000e+06],
	[2.127884e+00, 1.000000e+06, 6.470528e-01, 9.529947e-01, 1.000000e+06, 1.000000e+06, 1.000000e+06, 1.000000e+06, 1.000000e+06],
	[2.127884e+00, 1.000000e+06, 6.470528e-01, 9.529947e-01, 1.000000e+06, 1.000000e+06, 1.000000e+06, 1.000000e+06, 1.000000e+06],
	[1.000000e+06, 0, 1.042528e+00, 1.434242e+00, 1.000000e+06, 1.000000e+06, 1.000000e+06, 1.000000e+06, 1.000000e+06],
	[1.000000e+06, 0, 1.042528e+00, 1.434242e+00, 1.000000e+06, 1.000000e+06, 1.000000e+06, 1.000000e+06, 1.000000e+06],
	[1.000000e+06, 0, 1.042528e+00, 1.434242e+00, 1.000000e+06, 1.000000e+06, 1.000000e+06, 1.000000e+06, 1.000000e+06],
	[1.000000e+06, 0, 1.042528e+00, 1.434242e+00, 1.000000e+06, 1.000000e+06, 1.000000e+06, 1.000000e+06, 1.000000e+06],
	[1.000000e+06, 1.000000e+06, 0, 0, 1.000000e+06, 1.000000e+06, 0, 1.000000e+06, 0],
	[1.000000e+06, 1.000000e+06, 0, 0, 1.000000e+06, 1.000000e+06, 0, 1.000000e+06, 0],
	[1.000000e+06, 1.000000e+06, 0, 0, 1.000000e+06, 1.000000e+06, 0, 1.000000e+06, 0],
	[1.000000e+06, 1.000000e+06, 0, 0, 1.000000e+06, 1.000000e+06, 0, 1.000000e+06, 0],
	[2.741277e+00, 1.000000e+06, 0, 0, 1.000000e+06, 1.000000e+06, 0, 1.000000e+06, 1.000000e+06],
	[2.741277e+00, 1.000000e+06, 0, 0, 1.000000e+06, 1.000000e+06, 0, 1.000000e+06, 1.000000e+06],
	[2.741277e+00, 1.000000e+06, 0, 0, 1.000000e+06, 1.000000e+06, 0, 1.000000e+06, 1.000000e+06],
	[2.741277e+00, 1.000000e+06, 0, 0, 1.000000e+06, 1.000000e+06, 0, 1.000000e+06, 1.000000e+06],
	[1.740751e+00, 0, 0, 0, 1.000000e+06, 1.000000e+06, 0, 0, 0],
	[1.740751e+00, 0, 0, 0, 1.000000e+06, 1.000000e+06, 0, 0, 0],
	[1.740751e+00, 0, 0, 0, 1.000000e+06, 1.000000e+06, 0, 0, 0],
	[1.740751e+00, 0, 0, 0, 1.000000e+06, 1.000000e+06, 0, 0, 0],
	[0, 0, 0, 0, 0, 0, 0, 0, 0],
	[0, 0, 0, 0, 0, 0, 0, 0, 0],
	[0, 0, 0, 0, 0, 0, 0, 0, 0],
	[0, 0, 0, 0, 0, 0, 0, 0, 0],
	[0, 0, 0, 0, 0, 0, 0, 0, 0],
	[0, 0, 0, 0, 0, 0, 0, 0, 0],
	[0, 0, 0, 0, 0, 0, 0, 0, 0],
	[0, 0, 0, 0, 0, 0, 0, 0, 0],
	[0, 0, 0, 0, 0, 0, 0, 0, 0],
	[0, 0, 0, 0, 0, 0, 0, 0, 0],
	[0, 0, 0, 0, 0, 0, 0, 0, 0],
	[0, 0, 0, 0, 0, 0, 0, 0, 0],
	[0, 0, 0, 0, 0, 0, 0, 0, 0],
	[0, 0, 0, 0, 0, 0, 0, 0, 0],
	[0, 0, 0, 0, 0, 0, 0, 0, 0],
	[0, 0, 0, 0, 0, 0, 0, 0, 0] ]
