1361 1950 3172 3484
SHOE
ACT	4
SHIFT	96
demand [
	[0, 0, 0, 0],
	[0, 0, 0, 0],
	[0, 0, 0, 0],
	[0, 0, 0, 0],
	[0, 0, 0, 0],
	[0, 0, 0, 0],
	[0, 0, 0, 0],
	[0, 0, 0, 0],
	[0, 0, 0, 0],
	[0, 0, 0, 0],
	[0, 0, 0, 0],
	[0, 0, 0, 0],
	[0, 0, 0, 0],
	[0, 0, 0, 0],
	[0, 0, 0, 0],
	[0, 0, 0, 0],
	[0, 0, 0, 0],
	[0, 0, 0, 0],
	[0, 0, 0, 0],
	[0, 0, 0, 0],
	[0, 0, 0, 0],
	[0, 0, 0, 0],
	[0, 0, 0, 0],
	[0, 0, 0, 0],
	[0, 0, 0, 0],
	[0, 0, 0, 0],
	[0, 0, 0, 0],
	[0, 0, 0, 0],
	[0, 0, 0, 0],
	[0, 0, 0, 0],
	[0, 0, 0, 0],
	[0, 0, 0, 0],
	[0, 0, 0, 0],
	[0, 0, 0, 0],
	[0, 0, 0, 0],
	[0, 0, 0, 0],
	[1.75, 1.00, 1.00, 1.00],
	[1.75, 1.00, 1.00, 1.00],
	[1.75, 1.00, 1.00, 1.00],
	[1.75, 1.00, 1.00, 1.00],
	[2.00, 1.00, 1.00, 1.00],
	[2.00, 1.00, 1.00, 1.00],
	[2.00, 1.00, 1.00, 1.00],
	[2.00, 1.00, 1.00, 1.00],
	[2.75, 0, 0, 1.50],
	[2.75, 0, 0, 1.50],
	[2.75, 0, 0, 1.50],
	[2.75, 0, 0, 1.50],
	[2.75, 1.00, 1.25, 2.00],
	[2.75, 1.00, 1.25, 2.00],
	[2.75, 1.00, 1.25, 2.00],
	[2.75, 1.00, 1.25, 2.00],
	[3.00, 1.00, 1.25, 2.25],
	[3.00, 1.00, 1.25, 2.25],
	[3.00, 1.00, 1.25, 2.25],
	[3.00, 1.00, 1.25, 2.25],
	[3.00, 1.00, 1.25, 2.25],
	[3.00, 1.00, 1.25, 2.25],
	[3.00, 1.00, 1.25, 2.25],
	[3.00, 1.00, 1.25, 2.25],
	[3.00, 1.00, 1.25, 2.00],
	[3.00, 1.00, 1.25, 2.00],
	[3.00, 1.00, 1.25, 2.00],
	[3.00, 1.00, 1.25, 2.00],
	[2.75, 1.00, 1.00, 1.50],
	[2.75, 1.00, 1.00, 1.50],
	[2.75, 1.00, 1.00, 1.50],
	[2.75, 1.00, 1.00, 1.50],
	[3.00, 1.00, 1.00, 1.75],
	[3.00, 1.00, 1.00, 1.75],
	[3.00, 1.00, 1.00, 1.75],
	[3.00, 1.00, 1.00, 1.75],
	[3.25, 1.00, 1.25, 2.25],
	[3.25, 1.00, 1.25, 2.25],
	[3.25, 1.00, 1.25, 2.25],
	[3.25, 1.00, 1.25, 2.25],
	[3.25, 1.00, 1.00, 1.75],
	[3.25, 1.00, 1.00, 1.75],
	[3.25, 1.00, 1.00, 1.75],
	[3.25, 1.00, 1.00, 1.75],
	[0, 0, 0, 0],
	[0, 0, 0, 0],
	[0, 0, 0, 0],
	[0, 0, 0, 0],
	[0, 0, 0, 0],
	[0, 0, 0, 0],
	[0, 0, 0, 0],
	[0, 0, 0, 0],
	[0, 0, 0, 0],
	[0, 0, 0, 0],
	[0, 0, 0, 0],
	[0, 0, 0, 0],
	[0, 0, 0, 0],
	[0, 0, 0, 0],
	[0, 0, 0, 0],
	[0, 0, 0, 0] ]
overcost [
	[0, 0, 0, 0],
	[0, 0, 0, 0],
	[0, 0, 0, 0],
	[0, 0, 0, 0],
	[0, 0, 0, 0],
	[0, 0, 0, 0],
	[0, 0, 0, 0],
	[0, 0, 0, 0],
	[0, 0, 0, 0],
	[0, 0, 0, 0],
	[0, 0, 0, 0],
	[0, 0, 0, 0],
	[0, 0, 0, 0],
	[0, 0, 0, 0],
	[0, 0, 0, 0],
	[0, 0, 0, 0],
	[0, 0, 0, 0],
	[0, 0, 0, 0],
	[0, 0, 0, 0],
	[0, 0, 0, 0],
	[0, 0, 0, 0],
	[0, 0, 0, 0],
	[0, 0, 0, 0],
	[0, 0, 0, 0],
	[0, 0, 0, 0],
	[0, 0, 0, 0],
	[0, 0, 0, 0],
	[0, 0, 0, 0],
	[0, 0, 0, 0],
	[0, 0, 0, 0],
	[0, 0, 0, 0],
	[0, 0, 0, 0],
	[0, 0, 0, 0],
	[0, 0, 0, 0],
	[0, 0, 0, 0],
	[0, 0, 0, 0],
	[2.175887e+00, 7.670944e+00, 8.653614e+00, 1.023526e+01],
	[2.175887e+00, 7.670944e+00, 8.653614e+00, 1.023526e+01],
	[2.175887e+00, 7.670944e+00, 8.653614e+00, 1.023526e+01],
	[2.175887e+00, 7.670944e+00, 8.653614e+00, 1.023526e+01],
	[1.620165e+00, 5.881758e+00, 6.052770e+00, 5.552856e+00],
	[1.620165e+00, 5.881758e+00, 6.052770e+00, 5.552856e+00],
	[1.620165e+00, 5.881758e+00, 6.052770e+00, 5.552856e+00],
	[1.620165e+00, 5.881758e+00, 6.052770e+00, 5.552856e+00],
	[1.535141e+00, 0, 0, 1.922812e+00],
	[1.535141e+00, 0, 0, 1.922812e+00],
	[1.535141e+00, 0, 0, 1.922812e+00],
	[1.535141e+00, 0, 0, 1.922812e+00],
	[1.127987e+00, 2.350650e+00, 2.244775e+00, 1.508120e+00],
	[1.127987e+00, 2.350650e+00, 2.244775e+00, 1.508120e+00],
	[1.127987e+00, 2.350650e+00, 2.244775e+00, 1.508120e+00],
	[1.127987e+00, 2.350650e+00, 2.244775e+00, 1.508120e+00],
	[1.405053e+00, 1.969075e+00, 1.807295e+00, 1.562386e+00],
	[1.405053e+00, 1.969075e+00, 1.807295e+00, 1.562386e+00],
	[1.405053e+00, 1.969075e+00, 1.807295e+00, 1.562386e+00],
	[1.405053e+00, 1.969075e+00, 1.807295e+00, 1.562386e+00],
	[1.239850e+00, 1.889823e+00, 1.703214e+00, 1.460680e+00],
	[1.239850e+00, 1.889823e+00, 1.703214e+00, 1.460680e+00],
	[1.239850e+00, 1.889823e+00, 1.703214e+00, 1.460680e+00],
	[1.239850e+00, 1.889823e+00, 1.703214e+00, 1.460680e+00],
	[1.082296e+00, 2.211722e+00, 2.146303e+00, 1.412548e+00],
	[1.082296e+00, 2.211722e+00, 2.146303e+00, 1.412548e+00],
	[1.082296e+00, 2.211722e+00, 2.146303e+00, 1.412548e+00],
	[1.082296e+00, 2.211722e+00, 2.146303e+00, 1.412548e+00],
	[1.209470e+00, 3.462630e+00, 2.943974e+00, 2.162890e+00],
	[1.209470e+00, 3.462630e+00, 2.943974e+00, 2.162890e+00],
	[1.209470e+00, 3.462630e+00, 2.943974e+00, 2.162890e+00],
	[1.209470e+00, 3.462630e+00, 2.943974e+00, 2.162890e+00],
	[1.436184e+00, 2.951078e+00, 2.310296e+00, 2.004638e+00],
	[1.436184e+00, 2.951078e+00, 2.310296e+00, 2.004638e+00],
	[1.436184e+00, 2.951078e+00, 2.310296e+00, 2.004638e+00],
	[1.436184e+00, 2.951078e+00, 2.310296e+00, 2.004638e+00],
	[1.256168e+00, 1.874259e+00, 1.870440e+00, 1.596616e+00],
	[1.256168e+00, 1.874259e+00, 1.870440e+00, 1.596616e+00],
	[1.256168e+00, 1.874259e+00, 1.870440e+00, 1.596616e+00],
	[1.256168e+00, 1.874259e+00, 1.870440e+00, 1.596616e+00],
	[1.018839e+00, 2.671651e+00, 2.267141e+00, 1.819237e+00],
	[1.018839e+00, 2.671651e+00, 2.267141e+00, 1.819237e+00],
	[1.018839e+00, 2.671651e+00, 2.267141e+00, 1.819237e+00],
	[1.018839e+00, 2.671651e+00, 2.267141e+00, 1.819237e+00],
	[0, 0, 0, 0],
	[0, 0, 0, 0],
	[0, 0, 0, 0],
	[0, 0, 0, 0],
	[0, 0, 0, 0],
	[0, 0, 0, 0],
	[0, 0, 0, 0],
	[0, 0, 0, 0],
	[0, 0, 0, 0],
	[0, 0, 0, 0],
	[0, 0, 0, 0],
	[0, 0, 0, 0],
	[0, 0, 0, 0],
	[0, 0, 0, 0],
	[0, 0, 0, 0],
	[0, 0, 0, 0] ]
undercost [
	[0, 0, 0, 0],
	[0, 0, 0, 0],
	[0, 0, 0, 0],
	[0, 0, 0, 0],
	[0, 0, 0, 0],
	[0, 0, 0, 0],
	[0, 0, 0, 0],
	[0, 0, 0, 0],
	[0, 0, 0, 0],
	[0, 0, 0, 0],
	[0, 0, 0, 0],
	[0, 0, 0, 0],
	[0, 0, 0, 0],
	[0, 0, 0, 0],
	[0, 0, 0, 0],
	[0, 0, 0, 0],
	[0, 0, 0, 0],
	[0, 0, 0, 0],
	[0, 0, 0, 0],
	[0, 0, 0, 0],
	[0, 0, 0, 0],
	[0, 0, 0, 0],
	[0, 0, 0, 0],
	[0, 0, 0, 0],
	[0, 0, 0, 0],
	[0, 0, 0, 0],
	[0, 0, 0, 0],
	[0, 0, 0, 0],
	[0, 0, 0, 0],
	[0, 0, 0, 0],
	[0, 0, 0, 0],
	[0, 0, 0, 0],
	[0, 0, 0, 0],
	[0, 0, 0, 0],
	[0, 0, 0, 0],
	[0, 0, 0, 0],
	[1.000000e+06, 1.000000e+06, 1.000000e+06, 1.000000e+06],
	[1.000000e+06, 1.000000e+06, 1.000000e+06, 1.000000e+06],
	[1.000000e+06, 1.000000e+06, 1.000000e+06, 1.000000e+06],
	[1.000000e+06, 1.000000e+06, 1.000000e+06, 1.000000e+06],
	[3.209799e+00, 1.000000e+06, 1.000000e+06, 1.000000e+06],
	[3.209799e+00, 1.000000e+06, 1.000000e+06, 1.000000e+06],
	[3.209799e+00, 1.000000e+06, 1.000000e+06, 1.000000e+06],
	[3.209799e+00, 1.000000e+06, 1.000000e+06, 1.000000e+06],
	[1.729935e+00, 0, 0, 1.000000e+06],
	[1.729935e+00, 0, 0, 1.000000e+06],
	[1.729935e+00, 0, 0, 1.000000e+06],
	[1.729935e+00, 0, 0, 1.000000e+06],
	[2.243471e+00, 1.000000e+06, 1.000000e+06, 2.602746e+00],
	[2.243471e+00, 1.000000e+06, 1.000000e+06, 2.602746e+00],
	[2.243471e+00, 1.000000e+06, 1.000000e+06, 2.602746e+00],
	[2.243471e+00, 1.000000e+06, 1.000000e+06, 2.602746e+00],
	[1.568477e+00, 1.000000e+06, 1.000000e+06, 1.941393e+00],
	[1.568477e+00, 1.000000e+06, 1.000000e+06, 1.941393e+00],
	[1.568477e+00, 1.000000e+06, 1.000000e+06, 1.941393e+00],
	[1.568477e+00, 1.000000e+06, 1.000000e+06, 1.941393e+00],
	[1.775437e+00, 1.000000e+06, 1.000000e+06, 2.080087e+00],
	[1.775437e+00, 1.000000e+06, 1.000000e+06, 2.080087e+00],
	[1.775437e+00, 1.000000e+06, 1.000000e+06, 2.080087e+00],
	[1.775437e+00, 1.000000e+06, 1.000000e+06, 2.080087e+00],
	[1.976580e+00, 1.000000e+06, 1.000000e+06, 2.743935e+00],
	[1.976580e+00, 1.000000e+06, 1.000000e+06, 2.743935e+00],
	[1.976580e+00, 1.000000e+06, 1.000000e+06, 2.743935e+00],
	[1.976580e+00, 1.000000e+06, 1.000000e+06, 2.743935e+00],
	[2.148231e+00, 1.000000e+06, 1.000000e+06, 1.000000e+06],
	[2.148231e+00, 1.000000e+06, 1.000000e+06, 1.000000e+06],
	[2.148231e+00, 1.000000e+06, 1.000000e+06, 1.000000e+06],
	[2.148231e+00, 1.000000e+06, 1.000000e+06, 1.000000e+06],
	[1.536948e+00, 1.000000e+06, 1.000000e+06, 1.000000e+06],
	[1.536948e+00, 1.000000e+06, 1.000000e+06, 1.000000e+06],
	[1.536948e+00, 1.000000e+06, 1.000000e+06, 1.000000e+06],
	[1.536948e+00, 1.000000e+06, 1.000000e+06, 1.000000e+06],
	[1.494312e+00, 1.000000e+06, 1.000000e+06, 1.901461e+00],
	[1.494312e+00, 1.000000e+06, 1.000000e+06, 1.901461e+00],
	[1.494312e+00, 1.000000e+06, 1.000000e+06, 1.901461e+00],
	[1.494312e+00, 1.000000e+06, 1.000000e+06, 1.901461e+00],
	[1.793455e+00, 1.000000e+06, 1.000000e+06, 1.000000e+06],
	[1.793455e+00, 1.000000e+06, 1.000000e+06, 1.000000e+06],
	[1.793455e+00, 1.000000e+06, 1.000000e+06, 1.000000e+06],
	[1.793455e+00, 1.000000e+06, 1.000000e+06, 1.000000e+06],
	[0, 0, 0, 0],
	[0, 0, 0, 0],
	[0, 0, 0, 0],
	[0, 0, 0, 0],
	[0, 0, 0, 0],
	[0, 0, 0, 0],
	[0, 0, 0, 0],
	[0, 0, 0, 0],
	[0, 0, 0, 0],
	[0, 0, 0, 0],
	[0, 0, 0, 0],
	[0, 0, 0, 0],
	[0, 0, 0, 0],
	[0, 0, 0, 0],
	[0, 0, 0, 0],
	[0, 0, 0, 0] ]
