175 810 2994
SHOE
ACT	3
SHIFT	96
demand [
	[0, 0, 0],
	[0, 0, 0],
	[0, 0, 0],
	[0, 0, 0],
	[0, 0, 0],
	[0, 0, 0],
	[0, 0, 0],
	[0, 0, 0],
	[0, 0, 0],
	[0, 0, 0],
	[0, 0, 0],
	[0, 0, 0],
	[0, 0, 0],
	[0, 0, 0],
	[0, 0, 0],
	[0, 0, 0],
	[0, 0, 0],
	[0, 0, 0],
	[0, 0, 0],
	[0, 0, 0],
	[0, 0, 0],
	[0, 0, 0],
	[0, 0, 0],
	[0, 0, 0],
	[0, 0, 0],
	[0, 0, 0],
	[0, 0, 0],
	[0, 0, 0],
	[0, 0, 0],
	[0, 0, 0],
	[0, 0, 0],
	[0, 0, 0],
	[0, 0, 0],
	[0, 0, 0],
	[0, 0, 0],
	[0, 0, 0],
	[1.00, 0, 0],
	[1.00, 0, 0],
	[1.00, 0, 0],
	[1.00, 0, 0],
	[1.25, 1.00, 1.00],
	[1.25, 1.00, 1.00],
	[1.25, 1.00, 1.00],
	[1.25, 1.00, 1.00],
	[1.50, 0, 0],
	[1.50, 0, 0],
	[1.50, 0, 0],
	[1.50, 0, 0],
	[1.75, 1.00, 1.00],
	[1.75, 1.00, 1.00],
	[1.75, 1.00, 1.00],
	[1.75, 1.00, 1.00],
	[1.75, 1.00, 1.00],
	[1.75, 1.00, 1.00],
	[1.75, 1.00, 1.00],
	[1.75, 1.00, 1.00],
	[1.75, 1.00, 1.00],
	[1.75, 1.00, 1.00],
	[1.75, 1.00, 1.00],
	[1.75, 1.00, 1.00],
	[2.00, 1.00, 1.00],
	[2.00, 1.00, 1.00],
	[2.00, 1.00, 1.00],
	[2.00, 1.00, 1.00],
	[1.75, 1.00, 1.00],
	[1.75, 1.00, 1.00],
	[1.75, 1.00, 1.00],
	[1.75, 1.00, 1.00],
	[1.75, 1.00, 0],
	[1.75, 1.00, 0],
	[1.75, 1.00, 0],
	[1.75, 1.00, 0],
	[2.00, 1.00, 0],
	[2.00, 1.00, 0],
	[2.00, 1.00, 0],
	[2.00, 1.00, 0],
	[2.00, 1.00, 0],
	[2.00, 1.00, 0],
	[2.00, 1.00, 0],
	[2.00, 1.00, 0],
	[1.50, 0, 0],
	[1.50, 0, 0],
	[1.50, 0, 0],
	[1.50, 0, 0],
	[0, 0, 0],
	[0, 0, 0],
	[0, 0, 0],
	[0, 0, 0],
	[0, 0, 0],
	[0, 0, 0],
	[0, 0, 0],
	[0, 0, 0],
	[0, 0, 0],
	[0, 0, 0],
	[0, 0, 0],
	[0, 0, 0] ]
overcost [
	[0, 0, 0],
	[0, 0, 0],
	[0, 0, 0],
	[0, 0, 0],
	[0, 0, 0],
	[0, 0, 0],
	[0, 0, 0],
	[0, 0, 0],
	[0, 0, 0],
	[0, 0, 0],
	[0, 0, 0],
	[0, 0, 0],
	[0, 0, 0],
	[0, 0, 0],
	[0, 0, 0],
	[0, 0, 0],
	[0, 0, 0],
	[0, 0, 0],
	[0, 0, 0],
	[0, 0, 0],
	[0, 0, 0],
	[0, 0, 0],
	[0, 0, 0],
	[0, 0, 0],
	[0, 0, 0],
	[0, 0, 0],
	[0, 0, 0],
	[0, 0, 0],
	[0, 0, 0],
	[0, 0, 0],
	[0, 0, 0],
	[0, 0, 0],
	[0, 0, 0],
	[0, 0, 0],
	[0, 0, 0],
	[0, 0, 0],
	[3.242604e+00, 0, 0],
	[3.242604e+00, 0, 0],
	[3.242604e+00, 0, 0],
	[3.242604e+00, 0, 0],
	[2.745607e+00, 6.622459e+00, 8.803484e+00],
	[2.745607e+00, 6.622459e+00, 8.803484e+00],
	[2.745607e+00, 6.622459e+00, 8.803484e+00],
	[2.745607e+00, 6.622459e+00, 8.803484e+00],
	[1.403077e+00, 0, 0],
	[1.403077e+00, 0, 0],
	[1.403077e+00, 0, 0],
	[1.403077e+00, 0, 0],
	[1.749735e+00, 2.543736e+00, 4.344040e+00],
	[1.749735e+00, 2.543736e+00, 4.344040e+00],
	[1.749735e+00, 2.543736e+00, 4.344040e+00],
	[1.749735e+00, 2.543736e+00, 4.344040e+00],
	[1.434661e+00, 2.125934e+00, 3.919905e+00],
	[1.434661e+00, 2.125934e+00, 3.919905e+00],
	[1.434661e+00, 2.125934e+00, 3.919905e+00],
	[1.434661e+00, 2.125934e+00, 3.919905e+00],
	[1.309218e+00, 2.050416e+00, 3.837306e+00],
	[1.309218e+00, 2.050416e+00, 3.837306e+00],
	[1.309218e+00, 2.050416e+00, 3.837306e+00],
	[1.309218e+00, 2.050416e+00, 3.837306e+00],
	[1.968819e+00, 2.478561e+00, 4.359047e+00],
	[1.968819e+00, 2.478561e+00, 4.359047e+00],
	[1.968819e+00, 2.478561e+00, 4.359047e+00],
	[1.968819e+00, 2.478561e+00, 4.359047e+00],
	[2.018332e+00, 3.922146e+00, 5.922980e+00],
	[2.018332e+00, 3.922146e+00, 5.922980e+00],
	[2.018332e+00, 3.922146e+00, 5.922980e+00],
	[2.018332e+00, 3.922146e+00, 5.922980e+00],
	[1.620661e+00, 3.351169e+00, 0],
	[1.620661e+00, 3.351169e+00, 0],
	[1.620661e+00, 3.351169e+00, 0],
	[1.620661e+00, 3.351169e+00, 0],
	[1.561514e+00, 2.150763e+00, 0],
	[1.561514e+00, 2.150763e+00, 0],
	[1.561514e+00, 2.150763e+00, 0],
	[1.561514e+00, 2.150763e+00, 0],
	[1.411933e+00, 3.231268e+00, 0],
	[1.411933e+00, 3.231268e+00, 0],
	[1.411933e+00, 3.231268e+00, 0],
	[1.411933e+00, 3.231268e+00, 0],
	[2.169083e+00, 0, 0],
	[2.169083e+00, 0, 0],
	[2.169083e+00, 0, 0],
	[2.169083e+00, 0, 0],
	[0, 0, 0],
	[0, 0, 0],
	[0, 0, 0],
	[0, 0, 0],
	[0, 0, 0],
	[0, 0, 0],
	[0, 0, 0],
	[0, 0, 0],
	[0, 0, 0],
	[0, 0, 0],
	[0, 0, 0],
	[0, 0, 0] ]
undercost [
	[0, 0, 0],
	[0, 0, 0],
	[0, 0, 0],
	[0, 0, 0],
	[0, 0, 0],
	[0, 0, 0],
	[0, 0, 0],
	[0, 0, 0],
	[0, 0, 0],
	[0, 0, 0],
	[0, 0, 0],
	[0, 0, 0],
	[0, 0, 0],
	[0, 0, 0],
	[0, 0, 0],
	[0, 0, 0],
	[0, 0, 0],
	[0, 0, 0],
	[0, 0, 0],
	[0, 0, 0],
	[0, 0, 0],
	[0, 0, 0],
	[0, 0, 0],
	[0, 0, 0],
	[0, 0, 0],
	[0, 0, 0],
	[0, 0, 0],
	[0, 0, 0],
	[0, 0, 0],
	[0, 0, 0],
	[0, 0, 0],
	[0, 0, 0],
	[0, 0, 0],
	[0, 0, 0],
	[0, 0, 0],
	[0, 0, 0],
	[1.000000e+06, 0, 0],
	[1.000000e+06, 0, 0],
	[1.000000e+06, 0, 0],
	[1.000000e+06, 0, 0],
	[1.000000e+06, 1.000000e+06, 1.000000e+06],
	[1.000000e+06, 1.000000e+06, 1.000000e+06],
	[1.000000e+06, 1.000000e+06, 1.000000e+06],
	[1.000000e+06, 1.000000e+06, 1.000000e+06],
	[1.000000e+06, 0, 0],
	[1.000000e+06, 0, 0],
	[1.000000e+06, 0, 0],
	[1.000000e+06, 0, 0],
	[1.000000e+06, 1.000000e+06, 1.000000e+06],
	[1.000000e+06, 1.000000e+06, 1.000000e+06],
	[1.000000e+06, 1.000000e+06, 1.000000e+06],
	[1.000000e+06, 1.000000e+06, 1.000000e+06],
	[1.000000e+06, 1.000000e+06, 1.000000e+06],
	[1.000000e+06, 1.000000e+06, 1.000000e+06],
	[1.000000e+06, 1.000000e+06, 1.000000e+06],
	[1.000000e+06, 1.000000e+06, 1.000000e+06],
	[1.000000e+06, 1.000000e+06, 1.000000e+06],
	[1.000000e+06, 1.000000e+06, 1.000000e+06],
	[1.000000e+06, 1.000000e+06, 1.000000e+06],
	[1.000000e+06, 1.000000e+06, 1.000000e+06],
	[2.128451e+00, 1.000000e+06, 1.000000e+06],
	[2.128451e+00, 1.000000e+06, 1.000000e+06],
	[2.128451e+00, 1.000000e+06, 1.000000e+06],
	[2.128451e+00, 1.000000e+06, 1.000000e+06],
	[1.000000e+06, 1.000000e+06, 1.000000e+06],
	[1.000000e+06, 1.000000e+06, 1.000000e+06],
	[1.000000e+06, 1.000000e+06, 1.000000e+06],
	[1.000000e+06, 1.000000e+06, 1.000000e+06],
	[1.000000e+06, 1.000000e+06, 0],
	[1.000000e+06, 1.000000e+06, 0],
	[1.000000e+06, 1.000000e+06, 0],
	[1.000000e+06, 1.000000e+06, 0],
	[2.709618e+00, 1.000000e+06, 0],
	[2.709618e+00, 1.000000e+06, 0],
	[2.709618e+00, 1.000000e+06, 0],
	[2.709618e+00, 1.000000e+06, 0],
	[2.946483e+00, 1.000000e+06, 0],
	[2.946483e+00, 1.000000e+06, 0],
	[2.946483e+00, 1.000000e+06, 0],
	[2.946483e+00, 1.000000e+06, 0],
	[1.000000e+06, 0, 0],
	[1.000000e+06, 0, 0],
	[1.000000e+06, 0, 0],
	[1.000000e+06, 0, 0],
	[0, 0, 0],
	[0, 0, 0],
	[0, 0, 0],
	[0, 0, 0],
	[0, 0, 0],
	[0, 0, 0],
	[0, 0, 0],
	[0, 0, 0],
	[0, 0, 0],
	[0, 0, 0],
	[0, 0, 0],
	[0, 0, 0] ]
