4182 4310
SHOE
ACT	2
SHIFT	96
demand [
	[0, 0],
	[0, 0],
	[0, 0],
	[0, 0],
	[0, 0],
	[0, 0],
	[0, 0],
	[0, 0],
	[0, 0],
	[0, 0],
	[0, 0],
	[0, 0],
	[0, 0],
	[0, 0],
	[0, 0],
	[0, 0],
	[0, 0],
	[0, 0],
	[0, 0],
	[0, 0],
	[0, 0],
	[0, 0],
	[0, 0],
	[0, 0],
	[0, 0],
	[0, 0],
	[0, 0],
	[0, 0],
	[0, 0],
	[0, 0],
	[0, 0],
	[0, 0],
	[0, 1.00],
	[0, 1.00],
	[0, 1.00],
	[0, 1.00],
	[0, 1.00],
	[0, 1.00],
	[0, 1.00],
	[0, 1.00],
	[0, 1.00],
	[0, 1.00],
	[0, 1.00],
	[0, 1.00],
	[2.00, 1.00],
	[2.00, 1.00],
	[2.00, 1.00],
	[2.00, 1.00],
	[2.50, 1.00],
	[2.50, 1.00],
	[2.50, 1.00],
	[2.50, 1.00],
	[2.50, 1.00],
	[2.50, 1.00],
	[2.50, 1.00],
	[2.50, 1.00],
	[2.75, 1.00],
	[2.75, 1.00],
	[2.75, 1.00],
	[2.75, 1.00],
	[2.50, 1.00],
	[2.50, 1.00],
	[2.50, 1.00],
	[2.50, 1.00],
	[2.00, 0],
	[2.00, 0],
	[2.00, 0],
	[2.00, 0],
	[0, 1.00],
	[0, 1.00],
	[0, 1.00],
	[0, 1.00],
	[0, 1.00],
	[0, 1.00],
	[0, 1.00],
	[0, 1.00],
	[0, 0],
	[0, 0],
	[0, 0],
	[0, 0],
	[0, 0],
	[0, 0],
	[0, 0],
	[0, 0],
	[0, 0],
	[0, 0],
	[0, 0],
	[0, 0],
	[0, 0],
	[0, 0],
	[0, 0],
	[0, 0],
	[0, 0],
	[0, 0],
	[0, 0],
	[0, 0] ]
overcost [
	[0, 0],
	[0, 0],
	[0, 0],
	[0, 0],
	[0, 0],
	[0, 0],
	[0, 0],
	[0, 0],
	[0, 0],
	[0, 0],
	[0, 0],
	[0, 0],
	[0, 0],
	[0, 0],
	[0, 0],
	[0, 0],
	[0, 0],
	[0, 0],
	[0, 0],
	[0, 0],
	[0, 0],
	[0, 0],
	[0, 0],
	[0, 0],
	[0, 0],
	[0, 0],
	[0, 0],
	[0, 0],
	[0, 0],
	[0, 0],
	[0, 0],
	[0, 0],
	[0, 8.797756e+00],
	[0, 8.797756e+00],
	[0, 8.797756e+00],
	[0, 8.797756e+00],
	[0, 7.195160e+00],
	[0, 7.195160e+00],
	[0, 7.195160e+00],
	[0, 7.195160e+00],
	[0, 6.325877e+00],
	[0, 6.325877e+00],
	[0, 6.325877e+00],
	[0, 6.325877e+00],
	[1.298508e+00, 4.945701e+00],
	[1.298508e+00, 4.945701e+00],
	[1.298508e+00, 4.945701e+00],
	[1.298508e+00, 4.945701e+00],
	[1.225206e+00, 4.535260e+00],
	[1.225206e+00, 4.535260e+00],
	[1.225206e+00, 4.535260e+00],
	[1.225206e+00, 4.535260e+00],
	[7.974702e-01, 4.326408e+00],
	[7.974702e-01, 4.326408e+00],
	[7.974702e-01, 4.326408e+00],
	[7.974702e-01, 4.326408e+00],
	[1.181862e+00, 4.294681e+00],
	[1.181862e+00, 4.294681e+00],
	[1.181862e+00, 4.294681e+00],
	[1.181862e+00, 4.294681e+00],
	[1.009341e+00, 4.387069e+00],
	[1.009341e+00, 4.387069e+00],
	[1.009341e+00, 4.387069e+00],
	[1.009341e+00, 4.387069e+00],
	[1.376699e+00, 0],
	[1.376699e+00, 0],
	[1.376699e+00, 0],
	[1.376699e+00, 0],
	[0, 4.685215e+00],
	[0, 4.685215e+00],
	[0, 4.685215e+00],
	[0, 4.685215e+00],
	[0, 4.083780e+00],
	[0, 4.083780e+00],
	[0, 4.083780e+00],
	[0, 4.083780e+00],
	[0, 0],
	[0, 0],
	[0, 0],
	[0, 0],
	[0, 0],
	[0, 0],
	[0, 0],
	[0, 0],
	[0, 0],
	[0, 0],
	[0, 0],
	[0, 0],
	[0, 0],
	[0, 0],
	[0, 0],
	[0, 0],
	[0, 0],
	[0, 0],
	[0, 0],
	[0, 0] ]
undercost [
	[0, 0],
	[0, 0],
	[0, 0],
	[0, 0],
	[0, 0],
	[0, 0],
	[0, 0],
	[0, 0],
	[0, 0],
	[0, 0],
	[0, 0],
	[0, 0],
	[0, 0],
	[0, 0],
	[0, 0],
	[0, 0],
	[0, 0],
	[0, 0],
	[0, 0],
	[0, 0],
	[0, 0],
	[0, 0],
	[0, 0],
	[0, 0],
	[0, 0],
	[0, 0],
	[0, 0],
	[0, 0],
	[0, 0],
	[0, 0],
	[0, 0],
	[0, 0],
	[0, 1.000000e+06],
	[0, 1.000000e+06],
	[0, 1.000000e+06],
	[0, 1.000000e+06],
	[0, 1.000000e+06],
	[0, 1.000000e+06],
	[0, 1.000000e+06],
	[0, 1.000000e+06],
	[0, 1.000000e+06],
	[0, 1.000000e+06],
	[0, 1.000000e+06],
	[0, 1.000000e+06],
	[2.254470e+00, 1.000000e+06],
	[2.254470e+00, 1.000000e+06],
	[2.254470e+00, 1.000000e+06],
	[2.254470e+00, 1.000000e+06],
	[1.461550e+00, 1.000000e+06],
	[1.461550e+00, 1.000000e+06],
	[1.461550e+00, 1.000000e+06],
	[1.461550e+00, 1.000000e+06],
	[2.023037e+00, 1.000000e+06],
	[2.023037e+00, 1.000000e+06],
	[2.023037e+00, 1.000000e+06],
	[2.023037e+00, 1.000000e+06],
	[1.223752e+00, 1.000000e+06],
	[1.223752e+00, 1.000000e+06],
	[1.223752e+00, 1.000000e+06],
	[1.223752e+00, 1.000000e+06],
	[1.749048e+00, 1.000000e+06],
	[1.749048e+00, 1.000000e+06],
	[1.749048e+00, 1.000000e+06],
	[1.749048e+00, 1.000000e+06],
	[2.145655e+00, 0],
	[2.145655e+00, 0],
	[2.145655e+00, 0],
	[2.145655e+00, 0],
	[0, 1.000000e+06],
	[0, 1.000000e+06],
	[0, 1.000000e+06],
	[0, 1.000000e+06],
	[0, 1.000000e+06],
	[0, 1.000000e+06],
	[0, 1.000000e+06],
	[0, 1.000000e+06],
	[0, 0],
	[0, 0],
	[0, 0],
	[0, 0],
	[0, 0],
	[0, 0],
	[0, 0],
	[0, 0],
	[0, 0],
	[0, 0],
	[0, 0],
	[0, 0],
	[0, 0],
	[0, 0],
	[0, 0],
	[0, 0],
	[0, 0],
	[0, 0],
	[0, 0],
	[0, 0] ]
