2 214
SHOE
ACT	2
SHIFT	96
demand [
	[0, 0],
	[0, 0],
	[0, 0],
	[0, 0],
	[0, 0],
	[0, 0],
	[0, 0],
	[0, 0],
	[0, 0],
	[0, 0],
	[0, 0],
	[0, 0],
	[0, 0],
	[0, 0],
	[0, 0],
	[0, 0],
	[0, 0],
	[0, 0],
	[0, 0],
	[0, 0],
	[0, 0],
	[0, 0],
	[0, 0],
	[0, 0],
	[0, 0],
	[0, 0],
	[0, 0],
	[0, 0],
	[0, 0],
	[0, 0],
	[0, 0],
	[0, 0],
	[0, 0],
	[0, 0],
	[0, 0],
	[0, 0],
	[0, 0],
	[0, 0],
	[0, 0],
	[0, 0],
	[0, 1.00],
	[0, 1.00],
	[0, 1.00],
	[0, 1.00],
	[1.25, 1.25],
	[1.25, 1.25],
	[1.25, 1.25],
	[1.25, 1.25],
	[1.25, 1.50],
	[1.25, 1.50],
	[1.25, 1.50],
	[1.25, 1.50],
	[1.25, 1.75],
	[1.25, 1.75],
	[1.25, 1.75],
	[1.25, 1.75],
	[1.25, 1.75],
	[1.25, 1.75],
	[1.25, 1.75],
	[1.25, 1.75],
	[1.25, 1.75],
	[1.25, 1.75],
	[1.25, 1.75],
	[1.25, 1.75],
	[1.25, 1.25],
	[1.25, 1.25],
	[1.25, 1.25],
	[1.25, 1.25],
	[0, 0],
	[0, 0],
	[0, 0],
	[0, 0],
	[0, 0],
	[0, 0],
	[0, 0],
	[0, 0],
	[0, 0],
	[0, 0],
	[0, 0],
	[0, 0],
	[0, 0],
	[0, 0],
	[0, 0],
	[0, 0],
	[0, 0],
	[0, 0],
	[0, 0],
	[0, 0],
	[0, 0],
	[0, 0],
	[0, 0],
	[0, 0],
	[0, 0],
	[0, 0],
	[0, 0],
	[0, 0] ]
overcost [
	[0, 0],
	[0, 0],
	[0, 0],
	[0, 0],
	[0, 0],
	[0, 0],
	[0, 0],
	[0, 0],
	[0, 0],
	[0, 0],
	[0, 0],
	[0, 0],
	[0, 0],
	[0, 0],
	[0, 0],
	[0, 0],
	[0, 0],
	[0, 0],
	[0, 0],
	[0, 0],
	[0, 0],
	[0, 0],
	[0, 0],
	[0, 0],
	[0, 0],
	[0, 0],
	[0, 0],
	[0, 0],
	[0, 0],
	[0, 0],
	[0, 0],
	[0, 0],
	[0, 0],
	[0, 0],
	[0, 0],
	[0, 0],
	[0, 0],
	[0, 0],
	[0, 0],
	[0, 0],
	[0, 3.639044e+00],
	[0, 3.639044e+00],
	[0, 3.639044e+00],
	[0, 3.639044e+00],
	[2.467851e+00, 1.700281e+00],
	[2.467851e+00, 1.700281e+00],
	[2.467851e+00, 1.700281e+00],
	[2.467851e+00, 1.700281e+00],
	[2.070041e+00, 1.726663e+00],
	[2.070041e+00, 1.726663e+00],
	[2.070041e+00, 1.726663e+00],
	[2.070041e+00, 1.726663e+00],
	[1.784246e+00, 2.125624e+00],
	[1.784246e+00, 2.125624e+00],
	[1.784246e+00, 2.125624e+00],
	[1.784246e+00, 2.125624e+00],
	[1.699455e+00, 2.012728e+00],
	[1.699455e+00, 2.012728e+00],
	[1.699455e+00, 2.012728e+00],
	[1.699455e+00, 2.012728e+00],
	[1.669966e+00, 2.149033e+00],
	[1.669966e+00, 2.149033e+00],
	[1.669966e+00, 2.149033e+00],
	[1.669966e+00, 2.149033e+00],
	[2.376523e+00, 1.619979e+00],
	[2.376523e+00, 1.619979e+00],
	[2.376523e+00, 1.619979e+00],
	[2.376523e+00, 1.619979e+00],
	[0, 0],
	[0, 0],
	[0, 0],
	[0, 0],
	[0, 0],
	[0, 0],
	[0, 0],
	[0, 0],
	[0, 0],
	[0, 0],
	[0, 0],
	[0, 0],
	[0, 0],
	[0, 0],
	[0, 0],
	[0, 0],
	[0, 0],
	[0, 0],
	[0, 0],
	[0, 0],
	[0, 0],
	[0, 0],
	[0, 0],
	[0, 0],
	[0, 0],
	[0, 0],
	[0, 0],
	[0, 0] ]
undercost [
	[0, 0],
	[0, 0],
	[0, 0],
	[0, 0],
	[0, 0],
	[0, 0],
	[0, 0],
	[0, 0],
	[0, 0],
	[0, 0],
	[0, 0],
	[0, 0],
	[0, 0],
	[0, 0],
	[0, 0],
	[0, 0],
	[0, 0],
	[0, 0],
	[0, 0],
	[0, 0],
	[0, 0],
	[0, 0],
	[0, 0],
	[0, 0],
	[0, 0],
	[0, 0],
	[0, 0],
	[0, 0],
	[0, 0],
	[0, 0],
	[0, 0],
	[0, 0],
	[0, 0],
	[0, 0],
	[0, 0],
	[0, 0],
	[0, 0],
	[0, 0],
	[0, 0],
	[0, 0],
	[0, 1.000000e+06],
	[0, 1.000000e+06],
	[0, 1.000000e+06],
	[0, 1.000000e+06],
	[1.000000e+06, 1.000000e+06],
	[1.000000e+06, 1.000000e+06],
	[1.000000e+06, 1.000000e+06],
	[1.000000e+06, 1.000000e+06],
	[1.000000e+06, 1.000000e+06],
	[1.000000e+06, 1.000000e+06],
	[1.000000e+06, 1.000000e+06],
	[1.000000e+06, 1.000000e+06],
	[1.000000e+06, 1.000000e+06],
	[1.000000e+06, 1.000000e+06],
	[1.000000e+06, 1.000000e+06],
	[1.000000e+06, 1.000000e+06],
	[1.000000e+06, 1.000000e+06],
	[1.000000e+06, 1.000000e+06],
	[1.000000e+06, 1.000000e+06],
	[1.000000e+06, 1.000000e+06],
	[1.000000e+06, 1.000000e+06],
	[1.000000e+06, 1.000000e+06],
	[1.000000e+06, 1.000000e+06],
	[1.000000e+06, 1.000000e+06],
	[1.000000e+06, 1.000000e+06],
	[1.000000e+06, 1.000000e+06],
	[1.000000e+06, 1.000000e+06],
	[1.000000e+06, 1.000000e+06],
	[0, 0],
	[0, 0],
	[0, 0],
	[0, 0],
	[0, 0],
	[0, 0],
	[0, 0],
	[0, 0],
	[0, 0],
	[0, 0],
	[0, 0],
	[0, 0],
	[0, 0],
	[0, 0],
	[0, 0],
	[0, 0],
	[0, 0],
	[0, 0],
	[0, 0],
	[0, 0],
	[0, 0],
	[0, 0],
	[0, 0],
	[0, 0],
	[0, 0],
	[0, 0],
	[0, 0],
	[0, 0] ]
