59 429 1852 2931 3604 4162
SHOE
ACT	6
SHIFT	96
demand [
	[0, 0, 0, 0, 0, 0],
	[0, 0, 0, 0, 0, 0],
	[0, 0, 0, 0, 0, 0],
	[0, 0, 0, 0, 0, 0],
	[0, 0, 0, 0, 0, 0],
	[0, 0, 0, 0, 0, 0],
	[0, 0, 0, 0, 0, 0],
	[0, 0, 0, 0, 0, 0],
	[0, 0, 0, 0, 0, 0],
	[0, 0, 0, 0, 0, 0],
	[0, 0, 0, 0, 0, 0],
	[0, 0, 0, 0, 0, 0],
	[0, 0, 0, 0, 0, 0],
	[0, 0, 0, 0, 0, 0],
	[0, 0, 0, 0, 0, 0],
	[0, 0, 0, 0, 0, 0],
	[0, 0, 0, 0, 0, 0],
	[0, 0, 0, 0, 0, 0],
	[0, 0, 0, 0, 0, 0],
	[0, 0, 0, 0, 0, 0],
	[0, 0, 0, 0, 0, 0],
	[0, 0, 0, 0, 0, 0],
	[0, 0, 0, 0, 0, 0],
	[0, 0, 0, 0, 0, 0],
	[0, 0, 0, 0, 0, 0],
	[0, 0, 0, 0, 0, 0],
	[0, 0, 0, 0, 0, 0],
	[0, 0, 0, 0, 0, 0],
	[0, 0, 0, 0, 0, 0],
	[0, 0, 0, 0, 0, 0],
	[0, 0, 0, 0, 0, 0],
	[0, 0, 0, 0, 0, 0],
	[0, 1.00, 0, 0, 0, 0],
	[0, 1.00, 0, 0, 0, 0],
	[0, 1.00, 0, 0, 0, 0],
	[0, 1.00, 0, 0, 0, 0],
	[0, 0, 1.25, 0, 1.00, 1.00],
	[0, 0, 1.25, 0, 1.00, 1.00],
	[0, 0, 1.25, 0, 1.00, 1.00],
	[0, 0, 1.25, 0, 1.00, 1.00],
	[1.00, 1.00, 1.50, 1.00, 1.00, 1.00],
	[1.00, 1.00, 1.50, 1.00, 1.00, 1.00],
	[1.00, 1.00, 1.50, 1.00, 1.00, 1.00],
	[1.00, 1.00, 1.50, 1.00, 1.00, 1.00],
	[0, 1.50, 2.25, 1.00, 1.00, 1.00],
	[0, 1.50, 2.25, 1.00, 1.00, 1.00],
	[0, 1.50, 2.25, 1.00, 1.00, 1.00],
	[0, 1.50, 2.25, 1.00, 1.00, 1.00],
	[1.00, 1.50, 2.50, 1.00, 1.00, 1.00],
	[1.00, 1.50, 2.50, 1.00, 1.00, 1.00],
	[1.00, 1.50, 2.50, 1.00, 1.00, 1.00],
	[1.00, 1.50, 2.50, 1.00, 1.00, 1.00],
	[1.00, 1.50, 2.50, 1.00, 1.25, 1.00],
	[1.00, 1.50, 2.50, 1.00, 1.25, 1.00],
	[1.00, 1.50, 2.50, 1.00, 1.25, 1.00],
	[1.00, 1.50, 2.50, 1.00, 1.25, 1.00],
	[1.00, 1.75, 2.50, 1.00, 1.25, 1.00],
	[1.00, 1.75, 2.50, 1.00, 1.25, 1.00],
	[1.00, 1.75, 2.50, 1.00, 1.25, 1.00],
	[1.00, 1.75, 2.50, 1.00, 1.25, 1.00],
	[1.00, 1.75, 2.75, 1.00, 1.00, 0],
	[1.00, 1.75, 2.75, 1.00, 1.00, 0],
	[1.00, 1.75, 2.75, 1.00, 1.00, 0],
	[1.00, 1.75, 2.75, 1.00, 1.00, 0],
	[1.00, 1.50, 2.25, 1.00, 1.00, 1.00],
	[1.00, 1.50, 2.25, 1.00, 1.00, 1.00],
	[1.00, 1.50, 2.25, 1.00, 1.00, 1.00],
	[1.00, 1.50, 2.25, 1.00, 1.00, 1.00],
	[1.00, 1.50, 0, 1.00, 1.00, 1.00],
	[1.00, 1.50, 0, 1.00, 1.00, 1.00],
	[1.00, 1.50, 0, 1.00, 1.00, 1.00],
	[1.00, 1.50, 0, 1.00, 1.00, 1.00],
	[0, 1.75, 0, 1.00, 1.00, 1.00],
	[0, 1.75, 0, 1.00, 1.00, 1.00],
	[0, 1.75, 0, 1.00, 1.00, 1.00],
	[0, 1.75, 0, 1.00, 1.00, 1.00],
	[1.00, 1.75, 0, 1.00, 1.00, 1.00],
	[1.00, 1.75, 0, 1.00, 1.00, 1.00],
	[1.00, 1.75, 0, 1.00, 1.00, 1.00],
	[1.00, 1.75, 0, 1.00, 1.00, 1.00],
	[0, 0, 0, 1.00, 0, 0],
	[0, 0, 0, 1.00, 0, 0],
	[0, 0, 0, 1.00, 0, 0],
	[0, 0, 0, 1.00, 0, 0],
	[0, 0, 0, 0, 0, 0],
	[0, 0, 0, 0, 0, 0],
	[0, 0, 0, 0, 0, 0],
	[0, 0, 0, 0, 0, 0],
	[0, 0, 0, 0, 0, 0],
	[0, 0, 0, 0, 0, 0],
	[0, 0, 0, 0, 0, 0],
	[0, 0, 0, 0, 0, 0],
	[0, 0, 0, 0, 0, 0],
	[0, 0, 0, 0, 0, 0],
	[0, 0, 0, 0, 0, 0],
	[0, 0, 0, 0, 0, 0] ]
overcost [
	[0, 0, 0, 0, 0, 0],
	[0, 0, 0, 0, 0, 0],
	[0, 0, 0, 0, 0, 0],
	[0, 0, 0, 0, 0, 0],
	[0, 0, 0, 0, 0, 0],
	[0, 0, 0, 0, 0, 0],
	[0, 0, 0, 0, 0, 0],
	[0, 0, 0, 0, 0, 0],
	[0, 0, 0, 0, 0, 0],
	[0, 0, 0, 0, 0, 0],
	[0, 0, 0, 0, 0, 0],
	[0, 0, 0, 0, 0, 0],
	[0, 0, 0, 0, 0, 0],
	[0, 0, 0, 0, 0, 0],
	[0, 0, 0, 0, 0, 0],
	[0, 0, 0, 0, 0, 0],
	[0, 0, 0, 0, 0, 0],
	[0, 0, 0, 0, 0, 0],
	[0, 0, 0, 0, 0, 0],
	[0, 0, 0, 0, 0, 0],
	[0, 0, 0, 0, 0, 0],
	[0, 0, 0, 0, 0, 0],
	[0, 0, 0, 0, 0, 0],
	[0, 0, 0, 0, 0, 0],
	[0, 0, 0, 0, 0, 0],
	[0, 0, 0, 0, 0, 0],
	[0, 0, 0, 0, 0, 0],
	[0, 0, 0, 0, 0, 0],
	[0, 0, 0, 0, 0, 0],
	[0, 0, 0, 0, 0, 0],
	[0, 0, 0, 0, 0, 0],
	[0, 0, 0, 0, 0, 0],
	[0, 7.402716e+00, 0, 0, 0, 0],
	[0, 7.402716e+00, 0, 0, 0, 0],
	[0, 7.402716e+00, 0, 0, 0, 0],
	[0, 7.402716e+00, 0, 0, 0, 0],
	[0, 0, 1.558038e+00, 0, 1.059187e+01, 9.045117e+00],
	[0, 0, 1.558038e+00, 0, 1.059187e+01, 9.045117e+00],
	[0, 0, 1.558038e+00, 0, 1.059187e+01, 9.045117e+00],
	[0, 0, 1.558038e+00, 0, 1.059187e+01, 9.045117e+00],
	[7.292609e+00, 2.891239e+00, 1.064317e+00, 1.041260e+01, 1.054048e+01, 9.011553e+00],
	[7.292609e+00, 2.891239e+00, 1.064317e+00, 1.041260e+01, 1.054048e+01, 9.011553e+00],
	[7.292609e+00, 2.891239e+00, 1.064317e+00, 1.041260e+01, 1.054048e+01, 9.011553e+00],
	[7.292609e+00, 2.891239e+00, 1.064317e+00, 1.041260e+01, 1.054048e+01, 9.011553e+00],
	[0, 2.262081e+00, 9.915102e-01, 7.692585e+00, 7.659057e+00, 8.132829e+00],
	[0, 2.262081e+00, 9.915102e-01, 7.692585e+00, 7.659057e+00, 8.132829e+00],
	[0, 2.262081e+00, 9.915102e-01, 7.692585e+00, 7.659057e+00, 8.132829e+00],
	[0, 2.262081e+00, 9.915102e-01, 7.692585e+00, 7.659057e+00, 8.132829e+00],
	[4.883278e+00, 1.641909e+00, 1.063453e+00, 6.306711e+00, 2.511270e+00, 4.899624e+00],
	[4.883278e+00, 1.641909e+00, 1.063453e+00, 6.306711e+00, 2.511270e+00, 4.899624e+00],
	[4.883278e+00, 1.641909e+00, 1.063453e+00, 6.306711e+00, 2.511270e+00, 4.899624e+00],
	[4.883278e+00, 1.641909e+00, 1.063453e+00, 6.306711e+00, 2.511270e+00, 4.899624e+00],
	[4.612817e+00, 1.310738e+00, 8.271454e-01, 5.905240e+00, 2.363136e+00, 4.181520e+00],
	[4.612817e+00, 1.310738e+00, 8.271454e-01, 5.905240e+00, 2.363136e+00, 4.181520e+00],
	[4.612817e+00, 1.310738e+00, 8.271454e-01, 5.905240e+00, 2.363136e+00, 4.181520e+00],
	[4.612817e+00, 1.310738e+00, 8.271454e-01, 5.905240e+00, 2.363136e+00, 4.181520e+00],
	[4.554358e+00, 1.934582e+00, 7.270870e-01, 5.869589e+00, 2.319271e+00, 4.167077e+00],
	[4.554358e+00, 1.934582e+00, 7.270870e-01, 5.869589e+00, 2.319271e+00, 4.167077e+00],
	[4.554358e+00, 1.934582e+00, 7.270870e-01, 5.869589e+00, 2.319271e+00, 4.167077e+00],
	[4.554358e+00, 1.934582e+00, 7.270870e-01, 5.869589e+00, 2.319271e+00, 4.167077e+00],
	[4.735893e+00, 1.979973e+00, 1.102174e+00, 6.428979e+00, 3.354439e+00, 0],
	[4.735893e+00, 1.979973e+00, 1.102174e+00, 6.428979e+00, 3.354439e+00, 0],
	[4.735893e+00, 1.979973e+00, 1.102174e+00, 6.428979e+00, 3.354439e+00, 0],
	[4.735893e+00, 1.979973e+00, 1.102174e+00, 6.428979e+00, 3.354439e+00, 0],
	[5.578415e+00, 2.144708e+00, 8.321497e-01, 8.009860e+00, 9.458160e+00, 8.926436e+00],
	[5.578415e+00, 2.144708e+00, 8.321497e-01, 8.009860e+00, 9.458160e+00, 8.926436e+00],
	[5.578415e+00, 2.144708e+00, 8.321497e-01, 8.009860e+00, 9.458160e+00, 8.926436e+00],
	[5.578415e+00, 2.144708e+00, 8.321497e-01, 8.009860e+00, 9.458160e+00, 8.926436e+00],
	[5.215085e+00, 1.726444e+00, 0, 7.393713e+00, 6.928118e+00, 7.701947e+00],
	[5.215085e+00, 1.726444e+00, 0, 7.393713e+00, 6.928118e+00, 7.701947e+00],
	[5.215085e+00, 1.726444e+00, 0, 7.393713e+00, 6.928118e+00, 7.701947e+00],
	[5.215085e+00, 1.726444e+00, 0, 7.393713e+00, 6.928118e+00, 7.701947e+00],
	[0, 1.619632e+00, 0, 6.149553e+00, 2.691062e+00, 5.067228e+00],
	[0, 1.619632e+00, 0, 6.149553e+00, 2.691062e+00, 5.067228e+00],
	[0, 1.619632e+00, 0, 6.149553e+00, 2.691062e+00, 5.067228e+00],
	[0, 1.619632e+00, 0, 6.149553e+00, 2.691062e+00, 5.067228e+00],
	[4.880824e+00, 1.741579e+00, 0, 7.626960e+00, 9.393957e+00, 8.804318e+00],
	[4.880824e+00, 1.741579e+00, 0, 7.626960e+00, 9.393957e+00, 8.804318e+00],
	[4.880824e+00, 1.741579e+00, 0, 7.626960e+00, 9.393957e+00, 8.804318e+00],
	[4.880824e+00, 1.741579e+00, 0, 7.626960e+00, 9.393957e+00, 8.804318e+00],
	[0, 0, 0, 1.008068e+01, 0, 0],
	[0, 0, 0, 1.008068e+01, 0, 0],
	[0, 0, 0, 1.008068e+01, 0, 0],
	[0, 0, 0, 1.008068e+01, 0, 0],
	[0, 0, 0, 0, 0, 0],
	[0, 0, 0, 0, 0, 0],
	[0, 0, 0, 0, 0, 0],
	[0, 0, 0, 0, 0, 0],
	[0, 0, 0, 0, 0, 0],
	[0, 0, 0, 0, 0, 0],
	[0, 0, 0, 0, 0, 0],
	[0, 0, 0, 0, 0, 0],
	[0, 0, 0, 0, 0, 0],
	[0, 0, 0, 0, 0, 0],
	[0, 0, 0, 0, 0, 0],
	[0, 0, 0, 0, 0, 0] ]
undercost [
	[0, 0, 0, 0, 0, 0],
	[0, 0, 0, 0, 0, 0],
	[0, 0, 0, 0, 0, 0],
	[0, 0, 0, 0, 0, 0],
	[0, 0, 0, 0, 0, 0],
	[0, 0, 0, 0, 0, 0],
	[0, 0, 0, 0, 0, 0],
	[0, 0, 0, 0, 0, 0],
	[0, 0, 0, 0, 0, 0],
	[0, 0, 0, 0, 0, 0],
	[0, 0, 0, 0, 0, 0],
	[0, 0, 0, 0, 0, 0],
	[0, 0, 0, 0, 0, 0],
	[0, 0, 0, 0, 0, 0],
	[0, 0, 0, 0, 0, 0],
	[0, 0, 0, 0, 0, 0],
	[0, 0, 0, 0, 0, 0],
	[0, 0, 0, 0, 0, 0],
	[0, 0, 0, 0, 0, 0],
	[0, 0, 0, 0, 0, 0],
	[0, 0, 0, 0, 0, 0],
	[0, 0, 0, 0, 0, 0],
	[0, 0, 0, 0, 0, 0],
	[0, 0, 0, 0, 0, 0],
	[0, 0, 0, 0, 0, 0],
	[0, 0, 0, 0, 0, 0],
	[0, 0, 0, 0, 0, 0],
	[0, 0, 0, 0, 0, 0],
	[0, 0, 0, 0, 0, 0],
	[0, 0, 0, 0, 0, 0],
	[0, 0, 0, 0, 0, 0],
	[0, 0, 0, 0, 0, 0],
	[0, 1.000000e+06, 0, 0, 0, 0],
	[0, 1.000000e+06, 0, 0, 0, 0],
	[0, 1.000000e+06, 0, 0, 0, 0],
	[0, 1.000000e+06, 0, 0, 0, 0],
	[0, 0, 1.000000e+06, 0, 1.000000e+06, 1.000000e+06],
	[0, 0, 1.000000e+06, 0, 1.000000e+06, 1.000000e+06],
	[0, 0, 1.000000e+06, 0, 1.000000e+06, 1.000000e+06],
	[0, 0, 1.000000e+06, 0, 1.000000e+06, 1.000000e+06],
	[1.000000e+06, 1.000000e+06, 1.000000e+06, 1.000000e+06, 1.000000e+06, 1.000000e+06],
	[1.000000e+06, 1.000000e+06, 1.000000e+06, 1.000000e+06, 1.000000e+06, 1.000000e+06],
	[1.000000e+06, 1.000000e+06, 1.000000e+06, 1.000000e+06, 1.000000e+06, 1.000000e+06],
	[1.000000e+06, 1.000000e+06, 1.000000e+06, 1.000000e+06, 1.000000e+06, 1.000000e+06],
	[0, 1.000000e+06, 1.762801e+00, 1.000000e+06, 1.000000e+06, 1.000000e+06],
	[0, 1.000000e+06, 1.762801e+00, 1.000000e+06, 1.000000e+06, 1.000000e+06],
	[0, 1.000000e+06, 1.762801e+00, 1.000000e+06, 1.000000e+06, 1.000000e+06],
	[0, 1.000000e+06, 1.762801e+00, 1.000000e+06, 1.000000e+06, 1.000000e+06],
	[1.000000e+06, 1.000000e+06, 1.323956e+00, 1.000000e+06, 1.000000e+06, 1.000000e+06],
	[1.000000e+06, 1.000000e+06, 1.323956e+00, 1.000000e+06, 1.000000e+06, 1.000000e+06],
	[1.000000e+06, 1.000000e+06, 1.323956e+00, 1.000000e+06, 1.000000e+06, 1.000000e+06],
	[1.000000e+06, 1.000000e+06, 1.323956e+00, 1.000000e+06, 1.000000e+06, 1.000000e+06],
	[1.000000e+06, 1.000000e+06, 1.633282e+00, 1.000000e+06, 1.000000e+06, 1.000000e+06],
	[1.000000e+06, 1.000000e+06, 1.633282e+00, 1.000000e+06, 1.000000e+06, 1.000000e+06],
	[1.000000e+06, 1.000000e+06, 1.633282e+00, 1.000000e+06, 1.000000e+06, 1.000000e+06],
	[1.000000e+06, 1.000000e+06, 1.633282e+00, 1.000000e+06, 1.000000e+06, 1.000000e+06],
	[1.000000e+06, 1.000000e+06, 1.764677e+00, 1.000000e+06, 1.000000e+06, 1.000000e+06],
	[1.000000e+06, 1.000000e+06, 1.764677e+00, 1.000000e+06, 1.000000e+06, 1.000000e+06],
	[1.000000e+06, 1.000000e+06, 1.764677e+00, 1.000000e+06, 1.000000e+06, 1.000000e+06],
	[1.000000e+06, 1.000000e+06, 1.764677e+00, 1.000000e+06, 1.000000e+06, 1.000000e+06],
	[1.000000e+06, 1.000000e+06, 1.018696e+00, 1.000000e+06, 1.000000e+06, 0],
	[1.000000e+06, 1.000000e+06, 1.018696e+00, 1.000000e+06, 1.000000e+06, 0],
	[1.000000e+06, 1.000000e+06, 1.018696e+00, 1.000000e+06, 1.000000e+06, 0],
	[1.000000e+06, 1.000000e+06, 1.018696e+00, 1.000000e+06, 1.000000e+06, 0],
	[1.000000e+06, 1.000000e+06, 1.980699e+00, 1.000000e+06, 1.000000e+06, 1.000000e+06],
	[1.000000e+06, 1.000000e+06, 1.980699e+00, 1.000000e+06, 1.000000e+06, 1.000000e+06],
	[1.000000e+06, 1.000000e+06, 1.980699e+00, 1.000000e+06, 1.000000e+06, 1.000000e+06],
	[1.000000e+06, 1.000000e+06, 1.980699e+00, 1.000000e+06, 1.000000e+06, 1.000000e+06],
	[1.000000e+06, 1.000000e+06, 0, 1.000000e+06, 1.000000e+06, 1.000000e+06],
	[1.000000e+06, 1.000000e+06, 0, 1.000000e+06, 1.000000e+06, 1.000000e+06],
	[1.000000e+06, 1.000000e+06, 0, 1.000000e+06, 1.000000e+06, 1.000000e+06],
	[1.000000e+06, 1.000000e+06, 0, 1.000000e+06, 1.000000e+06, 1.000000e+06],
	[0, 1.000000e+06, 0, 1.000000e+06, 1.000000e+06, 1.000000e+06],
	[0, 1.000000e+06, 0, 1.000000e+06, 1.000000e+06, 1.000000e+06],
	[0, 1.000000e+06, 0, 1.000000e+06, 1.000000e+06, 1.000000e+06],
	[0, 1.000000e+06, 0, 1.000000e+06, 1.000000e+06, 1.000000e+06],
	[1.000000e+06, 1.000000e+06, 0, 1.000000e+06, 1.000000e+06, 1.000000e+06],
	[1.000000e+06, 1.000000e+06, 0, 1.000000e+06, 1.000000e+06, 1.000000e+06],
	[1.000000e+06, 1.000000e+06, 0, 1.000000e+06, 1.000000e+06, 1.000000e+06],
	[1.000000e+06, 1.000000e+06, 0, 1.000000e+06, 1.000000e+06, 1.000000e+06],
	[0, 0, 0, 1.000000e+06, 0, 0],
	[0, 0, 0, 1.000000e+06, 0, 0],
	[0, 0, 0, 1.000000e+06, 0, 0],
	[0, 0, 0, 1.000000e+06, 0, 0],
	[0, 0, 0, 0, 0, 0],
	[0, 0, 0, 0, 0, 0],
	[0, 0, 0, 0, 0, 0],
	[0, 0, 0, 0, 0, 0],
	[0, 0, 0, 0, 0, 0],
	[0, 0, 0, 0, 0, 0],
	[0, 0, 0, 0, 0, 0],
	[0, 0, 0, 0, 0, 0],
	[0, 0, 0, 0, 0, 0],
	[0, 0, 0, 0, 0, 0],
	[0, 0, 0, 0, 0, 0],
	[0, 0, 0, 0, 0, 0] ]
