1681 2647 4299
SHOE
ACT	3
SHIFT	96
demand [
	[0, 0, 0],
	[0, 0, 0],
	[0, 0, 0],
	[0, 0, 0],
	[0, 0, 0],
	[0, 0, 0],
	[0, 0, 0],
	[0, 0, 0],
	[0, 0, 0],
	[0, 0, 0],
	[0, 0, 0],
	[0, 0, 0],
	[0, 0, 0],
	[0, 0, 0],
	[0, 0, 0],
	[0, 0, 0],
	[0, 0, 0],
	[0, 0, 0],
	[0, 0, 0],
	[0, 0, 0],
	[0, 0, 0],
	[0, 0, 0],
	[0, 0, 0],
	[0, 0, 0],
	[0, 0, 0],
	[0, 0, 0],
	[0, 0, 0],
	[0, 0, 0],
	[0, 0, 0],
	[0, 0, 0],
	[0, 0, 0],
	[0, 0, 0],
	[0, 0, 1.00],
	[0, 0, 1.00],
	[0, 0, 1.00],
	[0, 0, 1.00],
	[1.00, 1.00, 1.00],
	[1.00, 1.00, 1.00],
	[1.00, 1.00, 1.00],
	[1.00, 1.00, 1.00],
	[1.00, 1.00, 1.00],
	[1.00, 1.00, 1.00],
	[1.00, 1.00, 1.00],
	[1.00, 1.00, 1.00],
	[1.00, 1.00, 1.00],
	[1.00, 1.00, 1.00],
	[1.00, 1.00, 1.00],
	[1.00, 1.00, 1.00],
	[0, 1.25, 1.00],
	[0, 1.25, 1.00],
	[0, 1.25, 1.00],
	[0, 1.25, 1.00],
	[0, 1.50, 1.00],
	[0, 1.50, 1.00],
	[0, 1.50, 1.00],
	[0, 1.50, 1.00],
	[1.25, 1.50, 1.00],
	[1.25, 1.50, 1.00],
	[1.25, 1.50, 1.00],
	[1.25, 1.50, 1.00],
	[1.00, 1.25, 1.00],
	[1.00, 1.25, 1.00],
	[1.00, 1.25, 1.00],
	[1.00, 1.25, 1.00],
	[1.00, 1.00, 1.00],
	[1.00, 1.00, 1.00],
	[1.00, 1.00, 1.00],
	[1.00, 1.00, 1.00],
	[1.00, 1.00, 1.00],
	[1.00, 1.00, 1.00],
	[1.00, 1.00, 1.00],
	[1.00, 1.00, 1.00],
	[1.25, 0, 1.00],
	[1.25, 0, 1.00],
	[1.25, 0, 1.00],
	[1.25, 0, 1.00],
	[1.00, 0, 0],
	[1.00, 0, 0],
	[1.00, 0, 0],
	[1.00, 0, 0],
	[0, 0, 0],
	[0, 0, 0],
	[0, 0, 0],
	[0, 0, 0],
	[0, 0, 0],
	[0, 0, 0],
	[0, 0, 0],
	[0, 0, 0],
	[0, 0, 0],
	[0, 0, 0],
	[0, 0, 0],
	[0, 0, 0],
	[0, 0, 0],
	[0, 0, 0],
	[0, 0, 0],
	[0, 0, 0] ]
overcost [
	[0, 0, 0],
	[0, 0, 0],
	[0, 0, 0],
	[0, 0, 0],
	[0, 0, 0],
	[0, 0, 0],
	[0, 0, 0],
	[0, 0, 0],
	[0, 0, 0],
	[0, 0, 0],
	[0, 0, 0],
	[0, 0, 0],
	[0, 0, 0],
	[0, 0, 0],
	[0, 0, 0],
	[0, 0, 0],
	[0, 0, 0],
	[0, 0, 0],
	[0, 0, 0],
	[0, 0, 0],
	[0, 0, 0],
	[0, 0, 0],
	[0, 0, 0],
	[0, 0, 0],
	[0, 0, 0],
	[0, 0, 0],
	[0, 0, 0],
	[0, 0, 0],
	[0, 0, 0],
	[0, 0, 0],
	[0, 0, 0],
	[0, 0, 0],
	[0, 0, 7.596397e+00],
	[0, 0, 7.596397e+00],
	[0, 0, 7.596397e+00],
	[0, 0, 7.596397e+00],
	[7.860175e+00, 1.067010e+01, 5.856561e+00],
	[7.860175e+00, 1.067010e+01, 5.856561e+00],
	[7.860175e+00, 1.067010e+01, 5.856561e+00],
	[7.860175e+00, 1.067010e+01, 5.856561e+00],
	[5.806543e+00, 1.038516e+01, 4.922082e+00],
	[5.806543e+00, 1.038516e+01, 4.922082e+00],
	[5.806543e+00, 1.038516e+01, 4.922082e+00],
	[5.806543e+00, 1.038516e+01, 4.922082e+00],
	[3.029017e+00, 3.657712e+00, 3.380718e+00],
	[3.029017e+00, 3.657712e+00, 3.380718e+00],
	[3.029017e+00, 3.657712e+00, 3.380718e+00],
	[3.029017e+00, 3.657712e+00, 3.380718e+00],
	[0, 2.132356e+00, 3.131053e+00],
	[0, 2.132356e+00, 3.131053e+00],
	[0, 2.132356e+00, 3.131053e+00],
	[0, 2.132356e+00, 3.131053e+00],
	[0, 2.287835e+00, 2.904929e+00],
	[0, 2.287835e+00, 2.904929e+00],
	[0, 2.287835e+00, 2.904929e+00],
	[0, 2.287835e+00, 2.904929e+00],
	[2.227156e+00, 2.228830e+00, 2.874749e+00],
	[2.227156e+00, 2.228830e+00, 2.874749e+00],
	[2.227156e+00, 2.228830e+00, 2.874749e+00],
	[2.227156e+00, 2.228830e+00, 2.874749e+00],
	[1.789015e+00, 2.241152e+00, 2.856543e+00],
	[1.789015e+00, 2.241152e+00, 2.856543e+00],
	[1.789015e+00, 2.241152e+00, 2.856543e+00],
	[1.789015e+00, 2.241152e+00, 2.856543e+00],
	[3.156853e+00, 4.217427e+00, 3.394138e+00],
	[3.156853e+00, 4.217427e+00, 3.394138e+00],
	[3.156853e+00, 4.217427e+00, 3.394138e+00],
	[3.156853e+00, 4.217427e+00, 3.394138e+00],
	[2.583409e+00, 2.991017e+00, 3.047641e+00],
	[2.583409e+00, 2.991017e+00, 3.047641e+00],
	[2.583409e+00, 2.991017e+00, 3.047641e+00],
	[2.583409e+00, 2.991017e+00, 3.047641e+00],
	[2.193848e+00, 0, 2.392878e+00],
	[2.193848e+00, 0, 2.392878e+00],
	[2.193848e+00, 0, 2.392878e+00],
	[2.193848e+00, 0, 2.392878e+00],
	[2.246070e+00, 0, 0],
	[2.246070e+00, 0, 0],
	[2.246070e+00, 0, 0],
	[2.246070e+00, 0, 0],
	[0, 0, 0],
	[0, 0, 0],
	[0, 0, 0],
	[0, 0, 0],
	[0, 0, 0],
	[0, 0, 0],
	[0, 0, 0],
	[0, 0, 0],
	[0, 0, 0],
	[0, 0, 0],
	[0, 0, 0],
	[0, 0, 0],
	[0, 0, 0],
	[0, 0, 0],
	[0, 0, 0],
	[0, 0, 0] ]
undercost [
	[0, 0, 0],
	[0, 0, 0],
	[0, 0, 0],
	[0, 0, 0],
	[0, 0, 0],
	[0, 0, 0],
	[0, 0, 0],
	[0, 0, 0],
	[0, 0, 0],
	[0, 0, 0],
	[0, 0, 0],
	[0, 0, 0],
	[0, 0, 0],
	[0, 0, 0],
	[0, 0, 0],
	[0, 0, 0],
	[0, 0, 0],
	[0, 0, 0],
	[0, 0, 0],
	[0, 0, 0],
	[0, 0, 0],
	[0, 0, 0],
	[0, 0, 0],
	[0, 0, 0],
	[0, 0, 0],
	[0, 0, 0],
	[0, 0, 0],
	[0, 0, 0],
	[0, 0, 0],
	[0, 0, 0],
	[0, 0, 0],
	[0, 0, 0],
	[0, 0, 1.000000e+06],
	[0, 0, 1.000000e+06],
	[0, 0, 1.000000e+06],
	[0, 0, 1.000000e+06],
	[1.000000e+06, 1.000000e+06, 1.000000e+06],
	[1.000000e+06, 1.000000e+06, 1.000000e+06],
	[1.000000e+06, 1.000000e+06, 1.000000e+06],
	[1.000000e+06, 1.000000e+06, 1.000000e+06],
	[1.000000e+06, 1.000000e+06, 1.000000e+06],
	[1.000000e+06, 1.000000e+06, 1.000000e+06],
	[1.000000e+06, 1.000000e+06, 1.000000e+06],
	[1.000000e+06, 1.000000e+06, 1.000000e+06],
	[1.000000e+06, 1.000000e+06, 1.000000e+06],
	[1.000000e+06, 1.000000e+06, 1.000000e+06],
	[1.000000e+06, 1.000000e+06, 1.000000e+06],
	[1.000000e+06, 1.000000e+06, 1.000000e+06],
	[0, 1.000000e+06, 1.000000e+06],
	[0, 1.000000e+06, 1.000000e+06],
	[0, 1.000000e+06, 1.000000e+06],
	[0, 1.000000e+06, 1.000000e+06],
	[0, 1.000000e+06, 1.000000e+06],
	[0, 1.000000e+06, 1.000000e+06],
	[0, 1.000000e+06, 1.000000e+06],
	[0, 1.000000e+06, 1.000000e+06],
	[1.000000e+06, 1.000000e+06, 1.000000e+06],
	[1.000000e+06, 1.000000e+06, 1.000000e+06],
	[1.000000e+06, 1.000000e+06, 1.000000e+06],
	[1.000000e+06, 1.000000e+06, 1.000000e+06],
	[1.000000e+06, 1.000000e+06, 1.000000e+06],
	[1.000000e+06, 1.000000e+06, 1.000000e+06],
	[1.000000e+06, 1.000000e+06, 1.000000e+06],
	[1.000000e+06, 1.000000e+06, 1.000000e+06],
	[1.000000e+06, 1.000000e+06, 1.000000e+06],
	[1.000000e+06, 1.000000e+06, 1.000000e+06],
	[1.000000e+06, 1.000000e+06, 1.000000e+06],
	[1.000000e+06, 1.000000e+06, 1.000000e+06],
	[1.000000e+06, 1.000000e+06, 1.000000e+06],
	[1.000000e+06, 1.000000e+06, 1.000000e+06],
	[1.000000e+06, 1.000000e+06, 1.000000e+06],
	[1.000000e+06, 1.000000e+06, 1.000000e+06],
	[1.000000e+06, 0, 1.000000e+06],
	[1.000000e+06, 0, 1.000000e+06],
	[1.000000e+06, 0, 1.000000e+06],
	[1.000000e+06, 0, 1.000000e+06],
	[1.000000e+06, 0, 0],
	[1.000000e+06, 0, 0],
	[1.000000e+06, 0, 0],
	[1.000000e+06, 0, 0],
	[0, 0, 0],
	[0, 0, 0],
	[0, 0, 0],
	[0, 0, 0],
	[0, 0, 0],
	[0, 0, 0],
	[0, 0, 0],
	[0, 0, 0],
	[0, 0, 0],
	[0, 0, 0],
	[0, 0, 0],
	[0, 0, 0],
	[0, 0, 0],
	[0, 0, 0],
	[0, 0, 0],
	[0, 0, 0] ]
