1049 1725 1804 3893
SHOE
ACT	4
SHIFT	96
demand [
	[0, 0, 0, 0],
	[0, 0, 0, 0],
	[0, 0, 0, 0],
	[0, 0, 0, 0],
	[0, 0, 0, 0],
	[0, 0, 0, 0],
	[0, 0, 0, 0],
	[0, 0, 0, 0],
	[0, 0, 0, 0],
	[0, 0, 0, 0],
	[0, 0, 0, 0],
	[0, 0, 0, 0],
	[0, 0, 0, 0],
	[0, 0, 0, 0],
	[0, 0, 0, 0],
	[0, 0, 0, 0],
	[0, 0, 0, 0],
	[0, 0, 0, 0],
	[0, 0, 0, 0],
	[0, 0, 0, 0],
	[0, 0, 0, 0],
	[0, 0, 0, 0],
	[0, 0, 0, 0],
	[0, 0, 0, 0],
	[0, 0, 0, 0],
	[0, 0, 0, 0],
	[0, 0, 0, 0],
	[0, 0, 0, 0],
	[0, 0, 0, 0],
	[0, 0, 0, 0],
	[0, 0, 0, 0],
	[0, 0, 0, 0],
	[0, 0, 0, 0],
	[0, 0, 0, 0],
	[0, 0, 0, 0],
	[0, 0, 0, 0],
	[0, 1.00, 0, 1.00],
	[0, 1.00, 0, 1.00],
	[0, 1.00, 0, 1.00],
	[0, 1.00, 0, 1.00],
	[1.00, 1.00, 1.75, 1.00],
	[1.00, 1.00, 1.75, 1.00],
	[1.00, 1.00, 1.75, 1.00],
	[1.00, 1.00, 1.75, 1.00],
	[1.00, 1.25, 2.50, 1.00],
	[1.00, 1.25, 2.50, 1.00],
	[1.00, 1.25, 2.50, 1.00],
	[1.00, 1.25, 2.50, 1.00],
	[1.00, 1.50, 2.75, 1.00],
	[1.00, 1.50, 2.75, 1.00],
	[1.00, 1.50, 2.75, 1.00],
	[1.00, 1.50, 2.75, 1.00],
	[1.25, 1.50, 2.75, 1.25],
	[1.25, 1.50, 2.75, 1.25],
	[1.25, 1.50, 2.75, 1.25],
	[1.25, 1.50, 2.75, 1.25],
	[1.25, 1.50, 3.00, 1.25],
	[1.25, 1.50, 3.00, 1.25],
	[1.25, 1.50, 3.00, 1.25],
	[1.25, 1.50, 3.00, 1.25],
	[1.25, 1.50, 2.75, 1.00],
	[1.25, 1.50, 2.75, 1.00],
	[1.25, 1.50, 2.75, 1.00],
	[1.25, 1.50, 2.75, 1.00],
	[1.00, 1.25, 2.50, 1.00],
	[1.00, 1.25, 2.50, 1.00],
	[1.00, 1.25, 2.50, 1.00],
	[1.00, 1.25, 2.50, 1.00],
	[1.00, 1.50, 0, 0],
	[1.00, 1.50, 0, 0],
	[1.00, 1.50, 0, 0],
	[1.00, 1.50, 0, 0],
	[1.25, 1.75, 0, 0],
	[1.25, 1.75, 0, 0],
	[1.25, 1.75, 0, 0],
	[1.25, 1.75, 0, 0],
	[1.00, 1.75, 0, 0],
	[1.00, 1.75, 0, 0],
	[1.00, 1.75, 0, 0],
	[1.00, 1.75, 0, 0],
	[0, 0, 0, 0],
	[0, 0, 0, 0],
	[0, 0, 0, 0],
	[0, 0, 0, 0],
	[0, 0, 0, 0],
	[0, 0, 0, 0],
	[0, 0, 0, 0],
	[0, 0, 0, 0],
	[0, 0, 0, 0],
	[0, 0, 0, 0],
	[0, 0, 0, 0],
	[0, 0, 0, 0],
	[0, 0, 0, 0],
	[0, 0, 0, 0],
	[0, 0, 0, 0],
	[0, 0, 0, 0] ]
overcost [
	[0, 0, 0, 0],
	[0, 0, 0, 0],
	[0, 0, 0, 0],
	[0, 0, 0, 0],
	[0, 0, 0, 0],
	[0, 0, 0, 0],
	[0, 0, 0, 0],
	[0, 0, 0, 0],
	[0, 0, 0, 0],
	[0, 0, 0, 0],
	[0, 0, 0, 0],
	[0, 0, 0, 0],
	[0, 0, 0, 0],
	[0, 0, 0, 0],
	[0, 0, 0, 0],
	[0, 0, 0, 0],
	[0, 0, 0, 0],
	[0, 0, 0, 0],
	[0, 0, 0, 0],
	[0, 0, 0, 0],
	[0, 0, 0, 0],
	[0, 0, 0, 0],
	[0, 0, 0, 0],
	[0, 0, 0, 0],
	[0, 0, 0, 0],
	[0, 0, 0, 0],
	[0, 0, 0, 0],
	[0, 0, 0, 0],
	[0, 0, 0, 0],
	[0, 0, 0, 0],
	[0, 0, 0, 0],
	[0, 0, 0, 0],
	[0, 0, 0, 0],
	[0, 0, 0, 0],
	[0, 0, 0, 0],
	[0, 0, 0, 0],
	[0, 3.984482e+00, 0, 9.525677e+00],
	[0, 3.984482e+00, 0, 9.525677e+00],
	[0, 3.984482e+00, 0, 9.525677e+00],
	[0, 3.984482e+00, 0, 9.525677e+00],
	[5.467775e+00, 2.684289e+00, 1.711261e+00, 9.488582e+00],
	[5.467775e+00, 2.684289e+00, 1.711261e+00, 9.488582e+00],
	[5.467775e+00, 2.684289e+00, 1.711261e+00, 9.488582e+00],
	[5.467775e+00, 2.684289e+00, 1.711261e+00, 9.488582e+00],
	[2.878081e+00, 1.449859e+00, 1.250954e+00, 5.177209e+00],
	[2.878081e+00, 1.449859e+00, 1.250954e+00, 5.177209e+00],
	[2.878081e+00, 1.449859e+00, 1.250954e+00, 5.177209e+00],
	[2.878081e+00, 1.449859e+00, 1.250954e+00, 5.177209e+00],
	[1.890491e+00, 1.719532e+00, 1.162636e+00, 2.068432e+00],
	[1.890491e+00, 1.719532e+00, 1.162636e+00, 2.068432e+00],
	[1.890491e+00, 1.719532e+00, 1.162636e+00, 2.068432e+00],
	[1.890491e+00, 1.719532e+00, 1.162636e+00, 2.068432e+00],
	[2.453500e+00, 1.435501e+00, 8.622955e-01, 2.167658e+00],
	[2.453500e+00, 1.435501e+00, 8.622955e-01, 2.167658e+00],
	[2.453500e+00, 1.435501e+00, 8.622955e-01, 2.167658e+00],
	[2.453500e+00, 1.435501e+00, 8.622955e-01, 2.167658e+00],
	[2.351123e+00, 1.341606e+00, 1.193488e+00, 2.111675e+00],
	[2.351123e+00, 1.341606e+00, 1.193488e+00, 2.111675e+00],
	[2.351123e+00, 1.341606e+00, 1.193488e+00, 2.111675e+00],
	[2.351123e+00, 1.341606e+00, 1.193488e+00, 2.111675e+00],
	[2.565995e+00, 1.344658e+00, 7.553502e-01, 2.447434e+00],
	[2.565995e+00, 1.344658e+00, 7.553502e-01, 2.447434e+00],
	[2.565995e+00, 1.344658e+00, 7.553502e-01, 2.447434e+00],
	[2.565995e+00, 1.344658e+00, 7.553502e-01, 2.447434e+00],
	[2.860369e+00, 1.336986e+00, 1.087376e+00, 5.975027e+00],
	[2.860369e+00, 1.336986e+00, 1.087376e+00, 5.975027e+00],
	[2.860369e+00, 1.336986e+00, 1.087376e+00, 5.975027e+00],
	[2.860369e+00, 1.336986e+00, 1.087376e+00, 5.975027e+00],
	[2.332765e+00, 1.711635e+00, 0, 0],
	[2.332765e+00, 1.711635e+00, 0, 0],
	[2.332765e+00, 1.711635e+00, 0, 0],
	[2.332765e+00, 1.711635e+00, 0, 0],
	[2.217889e+00, 1.639863e+00, 0, 0],
	[2.217889e+00, 1.639863e+00, 0, 0],
	[2.217889e+00, 1.639863e+00, 0, 0],
	[2.217889e+00, 1.639863e+00, 0, 0],
	[1.827867e+00, 1.612007e+00, 0, 0],
	[1.827867e+00, 1.612007e+00, 0, 0],
	[1.827867e+00, 1.612007e+00, 0, 0],
	[1.827867e+00, 1.612007e+00, 0, 0],
	[0, 0, 0, 0],
	[0, 0, 0, 0],
	[0, 0, 0, 0],
	[0, 0, 0, 0],
	[0, 0, 0, 0],
	[0, 0, 0, 0],
	[0, 0, 0, 0],
	[0, 0, 0, 0],
	[0, 0, 0, 0],
	[0, 0, 0, 0],
	[0, 0, 0, 0],
	[0, 0, 0, 0],
	[0, 0, 0, 0],
	[0, 0, 0, 0],
	[0, 0, 0, 0],
	[0, 0, 0, 0] ]
undercost [
	[0, 0, 0, 0],
	[0, 0, 0, 0],
	[0, 0, 0, 0],
	[0, 0, 0, 0],
	[0, 0, 0, 0],
	[0, 0, 0, 0],
	[0, 0, 0, 0],
	[0, 0, 0, 0],
	[0, 0, 0, 0],
	[0, 0, 0, 0],
	[0, 0, 0, 0],
	[0, 0, 0, 0],
	[0, 0, 0, 0],
	[0, 0, 0, 0],
	[0, 0, 0, 0],
	[0, 0, 0, 0],
	[0, 0, 0, 0],
	[0, 0, 0, 0],
	[0, 0, 0, 0],
	[0, 0, 0, 0],
	[0, 0, 0, 0],
	[0, 0, 0, 0],
	[0, 0, 0, 0],
	[0, 0, 0, 0],
	[0, 0, 0, 0],
	[0, 0, 0, 0],
	[0, 0, 0, 0],
	[0, 0, 0, 0],
	[0, 0, 0, 0],
	[0, 0, 0, 0],
	[0, 0, 0, 0],
	[0, 0, 0, 0],
	[0, 0, 0, 0],
	[0, 0, 0, 0],
	[0, 0, 0, 0],
	[0, 0, 0, 0],
	[0, 1.000000e+06, 0, 1.000000e+06],
	[0, 1.000000e+06, 0, 1.000000e+06],
	[0, 1.000000e+06, 0, 1.000000e+06],
	[0, 1.000000e+06, 0, 1.000000e+06],
	[1.000000e+06, 1.000000e+06, 1.000000e+06, 1.000000e+06],
	[1.000000e+06, 1.000000e+06, 1.000000e+06, 1.000000e+06],
	[1.000000e+06, 1.000000e+06, 1.000000e+06, 1.000000e+06],
	[1.000000e+06, 1.000000e+06, 1.000000e+06, 1.000000e+06],
	[1.000000e+06, 1.000000e+06, 1.537882e+00, 1.000000e+06],
	[1.000000e+06, 1.000000e+06, 1.537882e+00, 1.000000e+06],
	[1.000000e+06, 1.000000e+06, 1.537882e+00, 1.000000e+06],
	[1.000000e+06, 1.000000e+06, 1.537882e+00, 1.000000e+06],
	[1.000000e+06, 1.000000e+06, 1.342306e+00, 1.000000e+06],
	[1.000000e+06, 1.000000e+06, 1.342306e+00, 1.000000e+06],
	[1.000000e+06, 1.000000e+06, 1.342306e+00, 1.000000e+06],
	[1.000000e+06, 1.000000e+06, 1.342306e+00, 1.000000e+06],
	[1.000000e+06, 1.000000e+06, 1.726155e+00, 1.000000e+06],
	[1.000000e+06, 1.000000e+06, 1.726155e+00, 1.000000e+06],
	[1.000000e+06, 1.000000e+06, 1.726155e+00, 1.000000e+06],
	[1.000000e+06, 1.000000e+06, 1.726155e+00, 1.000000e+06],
	[1.000000e+06, 1.000000e+06, 1.058986e+00, 1.000000e+06],
	[1.000000e+06, 1.000000e+06, 1.058986e+00, 1.000000e+06],
	[1.000000e+06, 1.000000e+06, 1.058986e+00, 1.000000e+06],
	[1.000000e+06, 1.000000e+06, 1.058986e+00, 1.000000e+06],
	[1.000000e+06, 1.000000e+06, 1.866676e+00, 1.000000e+06],
	[1.000000e+06, 1.000000e+06, 1.866676e+00, 1.000000e+06],
	[1.000000e+06, 1.000000e+06, 1.866676e+00, 1.000000e+06],
	[1.000000e+06, 1.000000e+06, 1.866676e+00, 1.000000e+06],
	[1.000000e+06, 1.000000e+06, 1.754435e+00, 1.000000e+06],
	[1.000000e+06, 1.000000e+06, 1.754435e+00, 1.000000e+06],
	[1.000000e+06, 1.000000e+06, 1.754435e+00, 1.000000e+06],
	[1.000000e+06, 1.000000e+06, 1.754435e+00, 1.000000e+06],
	[1.000000e+06, 1.000000e+06, 0, 0],
	[1.000000e+06, 1.000000e+06, 0, 0],
	[1.000000e+06, 1.000000e+06, 0, 0],
	[1.000000e+06, 1.000000e+06, 0, 0],
	[1.000000e+06, 1.000000e+06, 0, 0],
	[1.000000e+06, 1.000000e+06, 0, 0],
	[1.000000e+06, 1.000000e+06, 0, 0],
	[1.000000e+06, 1.000000e+06, 0, 0],
	[1.000000e+06, 1.000000e+06, 0, 0],
	[1.000000e+06, 1.000000e+06, 0, 0],
	[1.000000e+06, 1.000000e+06, 0, 0],
	[1.000000e+06, 1.000000e+06, 0, 0],
	[0, 0, 0, 0],
	[0, 0, 0, 0],
	[0, 0, 0, 0],
	[0, 0, 0, 0],
	[0, 0, 0, 0],
	[0, 0, 0, 0],
	[0, 0, 0, 0],
	[0, 0, 0, 0],
	[0, 0, 0, 0],
	[0, 0, 0, 0],
	[0, 0, 0, 0],
	[0, 0, 0, 0],
	[0, 0, 0, 0],
	[0, 0, 0, 0],
	[0, 0, 0, 0],
	[0, 0, 0, 0] ]
