2144 4320
SHOE
ACT	2
SHIFT	96
demand [
	[0, 0],
	[0, 0],
	[0, 0],
	[0, 0],
	[0, 0],
	[0, 0],
	[0, 0],
	[0, 0],
	[0, 0],
	[0, 0],
	[0, 0],
	[0, 0],
	[0, 0],
	[0, 0],
	[0, 0],
	[0, 0],
	[0, 0],
	[0, 0],
	[0, 0],
	[0, 0],
	[0, 0],
	[0, 0],
	[0, 0],
	[0, 0],
	[0, 0],
	[0, 0],
	[0, 0],
	[0, 0],
	[0, 0],
	[0, 0],
	[0, 0],
	[0, 0],
	[1.00, 0],
	[1.00, 0],
	[1.00, 0],
	[1.00, 0],
	[1.00, 1.00],
	[1.00, 1.00],
	[1.00, 1.00],
	[1.00, 1.00],
	[1.00, 1.00],
	[1.00, 1.00],
	[1.00, 1.00],
	[1.00, 1.00],
	[1.00, 1.00],
	[1.00, 1.00],
	[1.00, 1.00],
	[1.00, 1.00],
	[1.00, 1.00],
	[1.00, 1.00],
	[1.00, 1.00],
	[1.00, 1.00],
	[1.00, 1.00],
	[1.00, 1.00],
	[1.00, 1.00],
	[1.00, 1.00],
	[1.00, 1.00],
	[1.00, 1.00],
	[1.00, 1.00],
	[1.00, 1.00],
	[1.00, 1.00],
	[1.00, 1.00],
	[1.00, 1.00],
	[1.00, 1.00],
	[1.00, 1.00],
	[1.00, 1.00],
	[1.00, 1.00],
	[1.00, 1.00],
	[0, 1.00],
	[0, 1.00],
	[0, 1.00],
	[0, 1.00],
	[0, 0],
	[0, 0],
	[0, 0],
	[0, 0],
	[0, 0],
	[0, 0],
	[0, 0],
	[0, 0],
	[0, 0],
	[0, 0],
	[0, 0],
	[0, 0],
	[0, 0],
	[0, 0],
	[0, 0],
	[0, 0],
	[0, 0],
	[0, 0],
	[0, 0],
	[0, 0],
	[0, 0],
	[0, 0],
	[0, 0],
	[0, 0] ]
overcost [
	[0, 0],
	[0, 0],
	[0, 0],
	[0, 0],
	[0, 0],
	[0, 0],
	[0, 0],
	[0, 0],
	[0, 0],
	[0, 0],
	[0, 0],
	[0, 0],
	[0, 0],
	[0, 0],
	[0, 0],
	[0, 0],
	[0, 0],
	[0, 0],
	[0, 0],
	[0, 0],
	[0, 0],
	[0, 0],
	[0, 0],
	[0, 0],
	[0, 0],
	[0, 0],
	[0, 0],
	[0, 0],
	[0, 0],
	[0, 0],
	[0, 0],
	[0, 0],
	[9.965963e+00, 0],
	[9.965963e+00, 0],
	[9.965963e+00, 0],
	[9.965963e+00, 0],
	[7.399411e+00, 5.742505e+00],
	[7.399411e+00, 5.742505e+00],
	[7.399411e+00, 5.742505e+00],
	[7.399411e+00, 5.742505e+00],
	[6.057559e+00, 4.838542e+00],
	[6.057559e+00, 4.838542e+00],
	[6.057559e+00, 4.838542e+00],
	[6.057559e+00, 4.838542e+00],
	[3.880767e+00, 3.344389e+00],
	[3.880767e+00, 3.344389e+00],
	[3.880767e+00, 3.344389e+00],
	[3.880767e+00, 3.344389e+00],
	[3.229618e+00, 3.002955e+00],
	[3.229618e+00, 3.002955e+00],
	[3.229618e+00, 3.002955e+00],
	[3.229618e+00, 3.002955e+00],
	[2.891429e+00, 2.774950e+00],
	[2.891429e+00, 2.774950e+00],
	[2.891429e+00, 2.774950e+00],
	[2.891429e+00, 2.774950e+00],
	[2.811388e+00, 2.723854e+00],
	[2.811388e+00, 2.723854e+00],
	[2.811388e+00, 2.723854e+00],
	[2.811388e+00, 2.723854e+00],
	[2.918444e+00, 2.736836e+00],
	[2.918444e+00, 2.736836e+00],
	[2.918444e+00, 2.736836e+00],
	[2.918444e+00, 2.736836e+00],
	[3.865727e+00, 3.321079e+00],
	[3.865727e+00, 3.321079e+00],
	[3.865727e+00, 3.321079e+00],
	[3.865727e+00, 3.321079e+00],
	[0, 2.999033e+00],
	[0, 2.999033e+00],
	[0, 2.999033e+00],
	[0, 2.999033e+00],
	[0, 0],
	[0, 0],
	[0, 0],
	[0, 0],
	[0, 0],
	[0, 0],
	[0, 0],
	[0, 0],
	[0, 0],
	[0, 0],
	[0, 0],
	[0, 0],
	[0, 0],
	[0, 0],
	[0, 0],
	[0, 0],
	[0, 0],
	[0, 0],
	[0, 0],
	[0, 0],
	[0, 0],
	[0, 0],
	[0, 0],
	[0, 0] ]
undercost [
	[0, 0],
	[0, 0],
	[0, 0],
	[0, 0],
	[0, 0],
	[0, 0],
	[0, 0],
	[0, 0],
	[0, 0],
	[0, 0],
	[0, 0],
	[0, 0],
	[0, 0],
	[0, 0],
	[0, 0],
	[0, 0],
	[0, 0],
	[0, 0],
	[0, 0],
	[0, 0],
	[0, 0],
	[0, 0],
	[0, 0],
	[0, 0],
	[0, 0],
	[0, 0],
	[0, 0],
	[0, 0],
	[0, 0],
	[0, 0],
	[0, 0],
	[0, 0],
	[1.000000e+06, 0],
	[1.000000e+06, 0],
	[1.000000e+06, 0],
	[1.000000e+06, 0],
	[1.000000e+06, 1.000000e+06],
	[1.000000e+06, 1.000000e+06],
	[1.000000e+06, 1.000000e+06],
	[1.000000e+06, 1.000000e+06],
	[1.000000e+06, 1.000000e+06],
	[1.000000e+06, 1.000000e+06],
	[1.000000e+06, 1.000000e+06],
	[1.000000e+06, 1.000000e+06],
	[1.000000e+06, 1.000000e+06],
	[1.000000e+06, 1.000000e+06],
	[1.000000e+06, 1.000000e+06],
	[1.000000e+06, 1.000000e+06],
	[1.000000e+06, 1.000000e+06],
	[1.000000e+06, 1.000000e+06],
	[1.000000e+06, 1.000000e+06],
	[1.000000e+06, 1.000000e+06],
	[1.000000e+06, 1.000000e+06],
	[1.000000e+06, 1.000000e+06],
	[1.000000e+06, 1.000000e+06],
	[1.000000e+06, 1.000000e+06],
	[1.000000e+06, 1.000000e+06],
	[1.000000e+06, 1.000000e+06],
	[1.000000e+06, 1.000000e+06],
	[1.000000e+06, 1.000000e+06],
	[1.000000e+06, 1.000000e+06],
	[1.000000e+06, 1.000000e+06],
	[1.000000e+06, 1.000000e+06],
	[1.000000e+06, 1.000000e+06],
	[1.000000e+06, 1.000000e+06],
	[1.000000e+06, 1.000000e+06],
	[1.000000e+06, 1.000000e+06],
	[1.000000e+06, 1.000000e+06],
	[0, 1.000000e+06],
	[0, 1.000000e+06],
	[0, 1.000000e+06],
	[0, 1.000000e+06],
	[0, 0],
	[0, 0],
	[0, 0],
	[0, 0],
	[0, 0],
	[0, 0],
	[0, 0],
	[0, 0],
	[0, 0],
	[0, 0],
	[0, 0],
	[0, 0],
	[0, 0],
	[0, 0],
	[0, 0],
	[0, 0],
	[0, 0],
	[0, 0],
	[0, 0],
	[0, 0],
	[0, 0],
	[0, 0],
	[0, 0],
	[0, 0] ]
