1806 2528 2738
SHOE
ACT	3
SHIFT	96
demand [
	[0, 0, 0],
	[0, 0, 0],
	[0, 0, 0],
	[0, 0, 0],
	[0, 0, 0],
	[0, 0, 0],
	[0, 0, 0],
	[0, 0, 0],
	[0, 0, 0],
	[0, 0, 0],
	[0, 0, 0],
	[0, 0, 0],
	[0, 0, 0],
	[0, 0, 0],
	[0, 0, 0],
	[0, 0, 0],
	[0, 0, 0],
	[0, 0, 0],
	[0, 0, 0],
	[0, 0, 0],
	[0, 0, 0],
	[0, 0, 0],
	[0, 0, 0],
	[0, 0, 0],
	[0, 0, 0],
	[0, 0, 0],
	[0, 0, 0],
	[0, 0, 0],
	[0, 0, 0],
	[0, 0, 0],
	[0, 0, 0],
	[0, 0, 0],
	[0, 0, 0],
	[0, 0, 0],
	[0, 0, 0],
	[0, 0, 0],
	[1.00, 0, 0],
	[1.00, 0, 0],
	[1.00, 0, 0],
	[1.00, 0, 0],
	[1.00, 1.00, 1.00],
	[1.00, 1.00, 1.00],
	[1.00, 1.00, 1.00],
	[1.00, 1.00, 1.00],
	[1.00, 1.25, 1.00],
	[1.00, 1.25, 1.00],
	[1.00, 1.25, 1.00],
	[1.00, 1.25, 1.00],
	[1.00, 1.50, 1.00],
	[1.00, 1.50, 1.00],
	[1.00, 1.50, 1.00],
	[1.00, 1.50, 1.00],
	[1.25, 1.75, 1.00],
	[1.25, 1.75, 1.00],
	[1.25, 1.75, 1.00],
	[1.25, 1.75, 1.00],
	[1.25, 1.75, 1.00],
	[1.25, 1.75, 1.00],
	[1.25, 1.75, 1.00],
	[1.25, 1.75, 1.00],
	[1.00, 1.50, 1.00],
	[1.00, 1.50, 1.00],
	[1.00, 1.50, 1.00],
	[1.00, 1.50, 1.00],
	[1.00, 1.25, 1.00],
	[1.00, 1.25, 1.00],
	[1.00, 1.25, 1.00],
	[1.00, 1.25, 1.00],
	[1.00, 1.50, 0],
	[1.00, 1.50, 0],
	[1.00, 1.50, 0],
	[1.00, 1.50, 0],
	[1.25, 0, 0],
	[1.25, 0, 0],
	[1.25, 0, 0],
	[1.25, 0, 0],
	[1.00, 0, 0],
	[1.00, 0, 0],
	[1.00, 0, 0],
	[1.00, 0, 0],
	[0, 0, 0],
	[0, 0, 0],
	[0, 0, 0],
	[0, 0, 0],
	[0, 0, 0],
	[0, 0, 0],
	[0, 0, 0],
	[0, 0, 0],
	[0, 0, 0],
	[0, 0, 0],
	[0, 0, 0],
	[0, 0, 0],
	[0, 0, 0],
	[0, 0, 0],
	[0, 0, 0],
	[0, 0, 0] ]
overcost [
	[0, 0, 0],
	[0, 0, 0],
	[0, 0, 0],
	[0, 0, 0],
	[0, 0, 0],
	[0, 0, 0],
	[0, 0, 0],
	[0, 0, 0],
	[0, 0, 0],
	[0, 0, 0],
	[0, 0, 0],
	[0, 0, 0],
	[0, 0, 0],
	[0, 0, 0],
	[0, 0, 0],
	[0, 0, 0],
	[0, 0, 0],
	[0, 0, 0],
	[0, 0, 0],
	[0, 0, 0],
	[0, 0, 0],
	[0, 0, 0],
	[0, 0, 0],
	[0, 0, 0],
	[0, 0, 0],
	[0, 0, 0],
	[0, 0, 0],
	[0, 0, 0],
	[0, 0, 0],
	[0, 0, 0],
	[0, 0, 0],
	[0, 0, 0],
	[0, 0, 0],
	[0, 0, 0],
	[0, 0, 0],
	[0, 0, 0],
	[8.045441e+00, 0, 0],
	[8.045441e+00, 0, 0],
	[8.045441e+00, 0, 0],
	[8.045441e+00, 0, 0],
	[5.956664e+00, 4.390966e+00, 1.055096e+01],
	[5.956664e+00, 4.390966e+00, 1.055096e+01],
	[5.956664e+00, 4.390966e+00, 1.055096e+01],
	[5.956664e+00, 4.390966e+00, 1.055096e+01],
	[3.060330e+00, 1.968282e+00, 6.726007e+00],
	[3.060330e+00, 1.968282e+00, 6.726007e+00],
	[3.060330e+00, 1.968282e+00, 6.726007e+00],
	[3.060330e+00, 1.968282e+00, 6.726007e+00],
	[1.843516e+00, 1.530651e+00, 3.578741e+00],
	[1.843516e+00, 1.530651e+00, 3.578741e+00],
	[1.843516e+00, 1.530651e+00, 3.578741e+00],
	[1.843516e+00, 1.530651e+00, 3.578741e+00],
	[2.283768e+00, 1.830482e+00, 2.732661e+00],
	[2.283768e+00, 1.830482e+00, 2.732661e+00],
	[2.283768e+00, 1.830482e+00, 2.732661e+00],
	[2.283768e+00, 1.830482e+00, 2.732661e+00],
	[2.196666e+00, 1.713529e+00, 2.696509e+00],
	[2.196666e+00, 1.713529e+00, 2.696509e+00],
	[2.196666e+00, 1.713529e+00, 2.696509e+00],
	[2.196666e+00, 1.713529e+00, 2.696509e+00],
	[1.686894e+00, 1.303404e+00, 3.995368e+00],
	[1.686894e+00, 1.303404e+00, 3.995368e+00],
	[1.686894e+00, 1.303404e+00, 3.995368e+00],
	[1.686894e+00, 1.303404e+00, 3.995368e+00],
	[3.150291e+00, 1.974617e+00, 7.616254e+00],
	[3.150291e+00, 1.974617e+00, 7.616254e+00],
	[3.150291e+00, 1.974617e+00, 7.616254e+00],
	[3.150291e+00, 1.974617e+00, 7.616254e+00],
	[2.562717e+00, 2.186084e+00, 0],
	[2.562717e+00, 2.186084e+00, 0],
	[2.562717e+00, 2.186084e+00, 0],
	[2.562717e+00, 2.186084e+00, 0],
	[2.212846e+00, 0, 0],
	[2.212846e+00, 0, 0],
	[2.212846e+00, 0, 0],
	[2.212846e+00, 0, 0],
	[2.290857e+00, 0, 0],
	[2.290857e+00, 0, 0],
	[2.290857e+00, 0, 0],
	[2.290857e+00, 0, 0],
	[0, 0, 0],
	[0, 0, 0],
	[0, 0, 0],
	[0, 0, 0],
	[0, 0, 0],
	[0, 0, 0],
	[0, 0, 0],
	[0, 0, 0],
	[0, 0, 0],
	[0, 0, 0],
	[0, 0, 0],
	[0, 0, 0],
	[0, 0, 0],
	[0, 0, 0],
	[0, 0, 0],
	[0, 0, 0] ]
undercost [
	[0, 0, 0],
	[0, 0, 0],
	[0, 0, 0],
	[0, 0, 0],
	[0, 0, 0],
	[0, 0, 0],
	[0, 0, 0],
	[0, 0, 0],
	[0, 0, 0],
	[0, 0, 0],
	[0, 0, 0],
	[0, 0, 0],
	[0, 0, 0],
	[0, 0, 0],
	[0, 0, 0],
	[0, 0, 0],
	[0, 0, 0],
	[0, 0, 0],
	[0, 0, 0],
	[0, 0, 0],
	[0, 0, 0],
	[0, 0, 0],
	[0, 0, 0],
	[0, 0, 0],
	[0, 0, 0],
	[0, 0, 0],
	[0, 0, 0],
	[0, 0, 0],
	[0, 0, 0],
	[0, 0, 0],
	[0, 0, 0],
	[0, 0, 0],
	[0, 0, 0],
	[0, 0, 0],
	[0, 0, 0],
	[0, 0, 0],
	[1.000000e+06, 0, 0],
	[1.000000e+06, 0, 0],
	[1.000000e+06, 0, 0],
	[1.000000e+06, 0, 0],
	[1.000000e+06, 1.000000e+06, 1.000000e+06],
	[1.000000e+06, 1.000000e+06, 1.000000e+06],
	[1.000000e+06, 1.000000e+06, 1.000000e+06],
	[1.000000e+06, 1.000000e+06, 1.000000e+06],
	[1.000000e+06, 1.000000e+06, 1.000000e+06],
	[1.000000e+06, 1.000000e+06, 1.000000e+06],
	[1.000000e+06, 1.000000e+06, 1.000000e+06],
	[1.000000e+06, 1.000000e+06, 1.000000e+06],
	[1.000000e+06, 1.000000e+06, 1.000000e+06],
	[1.000000e+06, 1.000000e+06, 1.000000e+06],
	[1.000000e+06, 1.000000e+06, 1.000000e+06],
	[1.000000e+06, 1.000000e+06, 1.000000e+06],
	[1.000000e+06, 1.000000e+06, 1.000000e+06],
	[1.000000e+06, 1.000000e+06, 1.000000e+06],
	[1.000000e+06, 1.000000e+06, 1.000000e+06],
	[1.000000e+06, 1.000000e+06, 1.000000e+06],
	[1.000000e+06, 1.000000e+06, 1.000000e+06],
	[1.000000e+06, 1.000000e+06, 1.000000e+06],
	[1.000000e+06, 1.000000e+06, 1.000000e+06],
	[1.000000e+06, 1.000000e+06, 1.000000e+06],
	[1.000000e+06, 1.000000e+06, 1.000000e+06],
	[1.000000e+06, 1.000000e+06, 1.000000e+06],
	[1.000000e+06, 1.000000e+06, 1.000000e+06],
	[1.000000e+06, 1.000000e+06, 1.000000e+06],
	[1.000000e+06, 1.000000e+06, 1.000000e+06],
	[1.000000e+06, 1.000000e+06, 1.000000e+06],
	[1.000000e+06, 1.000000e+06, 1.000000e+06],
	[1.000000e+06, 1.000000e+06, 1.000000e+06],
	[1.000000e+06, 1.000000e+06, 0],
	[1.000000e+06, 1.000000e+06, 0],
	[1.000000e+06, 1.000000e+06, 0],
	[1.000000e+06, 1.000000e+06, 0],
	[1.000000e+06, 0, 0],
	[1.000000e+06, 0, 0],
	[1.000000e+06, 0, 0],
	[1.000000e+06, 0, 0],
	[1.000000e+06, 0, 0],
	[1.000000e+06, 0, 0],
	[1.000000e+06, 0, 0],
	[1.000000e+06, 0, 0],
	[0, 0, 0],
	[0, 0, 0],
	[0, 0, 0],
	[0, 0, 0],
	[0, 0, 0],
	[0, 0, 0],
	[0, 0, 0],
	[0, 0, 0],
	[0, 0, 0],
	[0, 0, 0],
	[0, 0, 0],
	[0, 0, 0],
	[0, 0, 0],
	[0, 0, 0],
	[0, 0, 0],
	[0, 0, 0] ]
