459 581 835 1223 2568 2725 3043 3984 4243
SHOE
ACT	9
SHIFT	96
demand [
	[0, 0, 0, 0, 0, 0, 0, 0, 0],
	[0, 0, 0, 0, 0, 0, 0, 0, 0],
	[0, 0, 0, 0, 0, 0, 0, 0, 0],
	[0, 0, 0, 0, 0, 0, 0, 0, 0],
	[0, 0, 0, 0, 0, 0, 0, 0, 0],
	[0, 0, 0, 0, 0, 0, 0, 0, 0],
	[0, 0, 0, 0, 0, 0, 0, 0, 0],
	[0, 0, 0, 0, 0, 0, 0, 0, 0],
	[0, 0, 0, 0, 0, 0, 0, 0, 0],
	[0, 0, 0, 0, 0, 0, 0, 0, 0],
	[0, 0, 0, 0, 0, 0, 0, 0, 0],
	[0, 0, 0, 0, 0, 0, 0, 0, 0],
	[0, 0, 0, 0, 0, 0, 0, 0, 0],
	[0, 0, 0, 0, 0, 0, 0, 0, 0],
	[0, 0, 0, 0, 0, 0, 0, 0, 0],
	[0, 0, 0, 0, 0, 0, 0, 0, 0],
	[0, 0, 0, 0, 0, 0, 0, 0, 0],
	[0, 0, 0, 0, 0, 0, 0, 0, 0],
	[0, 0, 0, 0, 0, 0, 0, 0, 0],
	[0, 0, 0, 0, 0, 0, 0, 0, 0],
	[0, 0, 0, 0, 0, 0, 0, 0, 0],
	[0, 0, 0, 0, 0, 0, 0, 0, 0],
	[0, 0, 0, 0, 0, 0, 0, 0, 0],
	[0, 0, 0, 0, 0, 0, 0, 0, 0],
	[0, 0, 0, 0, 0, 0, 0, 0, 0],
	[0, 0, 0, 0, 0, 0, 0, 0, 0],
	[0, 0, 0, 0, 0, 0, 0, 0, 0],
	[0, 0, 0, 0, 0, 0, 0, 0, 0],
	[0, 0, 0, 0, 0, 0, 0, 0, 0],
	[0, 0, 0, 0, 0, 0, 0, 0, 0],
	[0, 0, 0, 0, 0, 0, 0, 0, 0],
	[0, 0, 0, 0, 0, 0, 0, 0, 0],
	[0, 0, 0, 0, 0, 0, 0, 0, 0],
	[0, 0, 0, 0, 0, 0, 0, 0, 0],
	[0, 0, 0, 0, 0, 0, 0, 0, 0],
	[0, 0, 0, 0, 0, 0, 0, 0, 0],
	[1.00, 1.00, 0, 0, 0, 1.00, 1.00, 0, 1.00],
	[1.00, 1.00, 0, 0, 0, 1.00, 1.00, 0, 1.00],
	[1.00, 1.00, 0, 0, 0, 1.00, 1.00, 0, 1.00],
	[1.00, 1.00, 0, 0, 0, 1.00, 1.00, 0, 1.00],
	[1.00, 1.00, 3.50, 1.75, 1.00, 0, 1.00, 1.00, 1.00],
	[1.00, 1.00, 3.50, 1.75, 1.00, 0, 1.00, 1.00, 1.00],
	[1.00, 1.00, 3.50, 1.75, 1.00, 0, 1.00, 1.00, 1.00],
	[1.00, 1.00, 3.50, 1.75, 1.00, 0, 1.00, 1.00, 1.00],
	[0, 1.25, 4.50, 2.50, 1.00, 1.25, 1.00, 1.00, 1.00],
	[0, 1.25, 4.50, 2.50, 1.00, 1.25, 1.00, 1.00, 1.00],
	[0, 1.25, 4.50, 2.50, 1.00, 1.25, 1.00, 1.00, 1.00],
	[0, 1.25, 4.50, 2.50, 1.00, 1.25, 1.00, 1.00, 1.00],
	[1.00, 1.50, 5.00, 2.75, 1.00, 1.50, 1.25, 1.25, 1.00],
	[1.00, 1.50, 5.00, 2.75, 1.00, 1.50, 1.25, 1.25, 1.00],
	[1.00, 1.50, 5.00, 2.75, 1.00, 1.50, 1.25, 1.25, 1.00],
	[1.00, 1.50, 5.00, 2.75, 1.00, 1.50, 1.25, 1.25, 1.00],
	[1.00, 1.50, 5.25, 3.00, 1.00, 1.75, 1.50, 1.50, 1.00],
	[1.00, 1.50, 5.25, 3.00, 1.00, 1.75, 1.50, 1.50, 1.00],
	[1.00, 1.50, 5.25, 3.00, 1.00, 1.75, 1.50, 1.50, 1.00],
	[1.00, 1.50, 5.25, 3.00, 1.00, 1.75, 1.50, 1.50, 1.00],
	[1.00, 1.50, 5.25, 3.00, 1.00, 1.75, 1.50, 1.50, 1.00],
	[1.00, 1.50, 5.25, 3.00, 1.00, 1.75, 1.50, 1.50, 1.00],
	[1.00, 1.50, 5.25, 3.00, 1.00, 1.75, 1.50, 1.50, 1.00],
	[1.00, 1.50, 5.25, 3.00, 1.00, 1.75, 1.50, 1.50, 1.00],
	[1.00, 1.50, 5.25, 3.00, 1.00, 1.50, 1.25, 1.00, 1.00],
	[1.00, 1.50, 5.25, 3.00, 1.00, 1.50, 1.25, 1.00, 1.00],
	[1.00, 1.50, 5.25, 3.00, 1.00, 1.50, 1.25, 1.00, 1.00],
	[1.00, 1.50, 5.25, 3.00, 1.00, 1.50, 1.25, 1.00, 1.00],
	[1.00, 1.25, 4.75, 0, 1.00, 1.00, 1.00, 1.00, 1.00],
	[1.00, 1.25, 4.75, 0, 1.00, 1.00, 1.00, 1.00, 1.00],
	[1.00, 1.25, 4.75, 0, 1.00, 1.00, 1.00, 1.00, 1.00],
	[1.00, 1.25, 4.75, 0, 1.00, 1.00, 1.00, 1.00, 1.00],
	[1.00, 1.25, 0, 0, 1.00, 1.25, 0, 0, 0],
	[1.00, 1.25, 0, 0, 1.00, 1.25, 0, 0, 0],
	[1.00, 1.25, 0, 0, 1.00, 1.25, 0, 0, 0],
	[1.00, 1.25, 0, 0, 1.00, 1.25, 0, 0, 0],
	[0, 1.50, 0, 0, 1.00, 0, 0, 0, 0],
	[0, 1.50, 0, 0, 1.00, 0, 0, 0, 0],
	[0, 1.50, 0, 0, 1.00, 0, 0, 0, 0],
	[0, 1.50, 0, 0, 1.00, 0, 0, 0, 0],
	[0, 1.50, 0, 0, 1.00, 0, 0, 0, 0],
	[0, 1.50, 0, 0, 1.00, 0, 0, 0, 0],
	[0, 1.50, 0, 0, 1.00, 0, 0, 0, 0],
	[0, 1.50, 0, 0, 1.00, 0, 0, 0, 0],
	[0, 0, 0, 0, 0, 0, 0, 0, 0],
	[0, 0, 0, 0, 0, 0, 0, 0, 0],
	[0, 0, 0, 0, 0, 0, 0, 0, 0],
	[0, 0, 0, 0, 0, 0, 0, 0, 0],
	[0, 0, 0, 0, 0, 0, 0, 0, 0],
	[0, 0, 0, 0, 0, 0, 0, 0, 0],
	[0, 0, 0, 0, 0, 0, 0, 0, 0],
	[0, 0, 0, 0, 0, 0, 0, 0, 0],
	[0, 0, 0, 0, 0, 0, 0, 0, 0],
	[0, 0, 0, 0, 0, 0, 0, 0, 0],
	[0, 0, 0, 0, 0, 0, 0, 0, 0],
	[0, 0, 0, 0, 0, 0, 0, 0, 0],
	[0, 0, 0, 0, 0, 0, 0, 0, 0],
	[0, 0, 0, 0, 0, 0, 0, 0, 0],
	[0, 0, 0, 0, 0, 0, 0, 0, 0],
	[0, 0, 0, 0, 0, 0, 0, 0, 0] ]
overcost [
	[0, 0, 0, 0, 0, 0, 0, 0, 0],
	[0, 0, 0, 0, 0, 0, 0, 0, 0],
	[0, 0, 0, 0, 0, 0, 0, 0, 0],
	[0, 0, 0, 0, 0, 0, 0, 0, 0],
	[0, 0, 0, 0, 0, 0, 0, 0, 0],
	[0, 0, 0, 0, 0, 0, 0, 0, 0],
	[0, 0, 0, 0, 0, 0, 0, 0, 0],
	[0, 0, 0, 0, 0, 0, 0, 0, 0],
	[0, 0, 0, 0, 0, 0, 0, 0, 0],
	[0, 0, 0, 0, 0, 0, 0, 0, 0],
	[0, 0, 0, 0, 0, 0, 0, 0, 0],
	[0, 0, 0, 0, 0, 0, 0, 0, 0],
	[0, 0, 0, 0, 0, 0, 0, 0, 0],
	[0, 0, 0, 0, 0, 0, 0, 0, 0],
	[0, 0, 0, 0, 0, 0, 0, 0, 0],
	[0, 0, 0, 0, 0, 0, 0, 0, 0],
	[0, 0, 0, 0, 0, 0, 0, 0, 0],
	[0, 0, 0, 0, 0, 0, 0, 0, 0],
	[0, 0, 0, 0, 0, 0, 0, 0, 0],
	[0, 0, 0, 0, 0, 0, 0, 0, 0],
	[0, 0, 0, 0, 0, 0, 0, 0, 0],
	[0, 0, 0, 0, 0, 0, 0, 0, 0],
	[0, 0, 0, 0, 0, 0, 0, 0, 0],
	[0, 0, 0, 0, 0, 0, 0, 0, 0],
	[0, 0, 0, 0, 0, 0, 0, 0, 0],
	[0, 0, 0, 0, 0, 0, 0, 0, 0],
	[0, 0, 0, 0, 0, 0, 0, 0, 0],
	[0, 0, 0, 0, 0, 0, 0, 0, 0],
	[0, 0, 0, 0, 0, 0, 0, 0, 0],
	[0, 0, 0, 0, 0, 0, 0, 0, 0],
	[0, 0, 0, 0, 0, 0, 0, 0, 0],
	[0, 0, 0, 0, 0, 0, 0, 0, 0],
	[0, 0, 0, 0, 0, 0, 0, 0, 0],
	[0, 0, 0, 0, 0, 0, 0, 0, 0],
	[0, 0, 0, 0, 0, 0, 0, 0, 0],
	[0, 0, 0, 0, 0, 0, 0, 0, 0],
	[8.777920e+00, 6.677215e+00, 0, 0, 0, 1.081944e+01, 8.331582e+00, 0, 5.638631e+00],
	[8.777920e+00, 6.677215e+00, 0, 0, 0, 1.081944e+01, 8.331582e+00, 0, 5.638631e+00],
	[8.777920e+00, 6.677215e+00, 0, 0, 0, 1.081944e+01, 8.331582e+00, 0, 5.638631e+00],
	[8.777920e+00, 6.677215e+00, 0, 0, 0, 1.081944e+01, 8.331582e+00, 0, 5.638631e+00],
	[7.488611e+00, 4.611019e+00, 1.076083e+00, 1.323044e+00, 6.296424e+00, 0, 5.819612e+00, 8.879877e+00, 4.496892e+00],
	[7.488611e+00, 4.611019e+00, 1.076083e+00, 1.323044e+00, 6.296424e+00, 0, 5.819612e+00, 8.879877e+00, 4.496892e+00],
	[7.488611e+00, 4.611019e+00, 1.076083e+00, 1.323044e+00, 6.296424e+00, 0, 5.819612e+00, 8.879877e+00, 4.496892e+00],
	[7.488611e+00, 4.611019e+00, 1.076083e+00, 1.323044e+00, 6.296424e+00, 0, 5.819612e+00, 8.879877e+00, 4.496892e+00],
	[0, 2.437579e+00, 5.742306e-01, 8.566524e-01, 3.597454e+00, 2.850820e+00, 2.339480e+00, 6.718274e+00, 2.610076e+00],
	[0, 2.437579e+00, 5.742306e-01, 8.566524e-01, 3.597454e+00, 2.850820e+00, 2.339480e+00, 6.718274e+00, 2.610076e+00],
	[0, 2.437579e+00, 5.742306e-01, 8.566524e-01, 3.597454e+00, 2.850820e+00, 2.339480e+00, 6.718274e+00, 2.610076e+00],
	[0, 2.437579e+00, 5.742306e-01, 8.566524e-01, 3.597454e+00, 2.850820e+00, 2.339480e+00, 6.718274e+00, 2.610076e+00],
	[2.688306e+00, 2.218513e+00, 7.927629e-01, 8.747463e-01, 2.512233e+00, 1.610786e+00, 1.849279e+00, 2.139953e+00, 2.330504e+00],
	[2.688306e+00, 2.218513e+00, 7.927629e-01, 8.747463e-01, 2.512233e+00, 1.610786e+00, 1.849279e+00, 2.139953e+00, 2.330504e+00],
	[2.688306e+00, 2.218513e+00, 7.927629e-01, 8.747463e-01, 2.512233e+00, 1.610786e+00, 1.849279e+00, 2.139953e+00, 2.330504e+00],
	[2.688306e+00, 2.218513e+00, 7.927629e-01, 8.747463e-01, 2.512233e+00, 1.610786e+00, 1.849279e+00, 2.139953e+00, 2.330504e+00],
	[2.224283e+00, 1.797254e+00, 8.121184e-01, 1.011622e+00, 2.097011e+00, 1.773920e+00, 2.216925e+00, 1.816302e+00, 2.053730e+00],
	[2.224283e+00, 1.797254e+00, 8.121184e-01, 1.011622e+00, 2.097011e+00, 1.773920e+00, 2.216925e+00, 1.816302e+00, 2.053730e+00],
	[2.224283e+00, 1.797254e+00, 8.121184e-01, 1.011622e+00, 2.097011e+00, 1.773920e+00, 2.216925e+00, 1.816302e+00, 2.053730e+00],
	[2.224283e+00, 1.797254e+00, 8.121184e-01, 1.011622e+00, 2.097011e+00, 1.773920e+00, 2.216925e+00, 1.816302e+00, 2.053730e+00],
	[2.172873e+00, 1.676120e+00, 6.584939e-01, 9.204718e-01, 2.006707e+00, 1.683652e+00, 2.103929e+00, 1.782772e+00, 2.011300e+00],
	[2.172873e+00, 1.676120e+00, 6.584939e-01, 9.204718e-01, 2.006707e+00, 1.683652e+00, 2.103929e+00, 1.782772e+00, 2.011300e+00],
	[2.172873e+00, 1.676120e+00, 6.584939e-01, 9.204718e-01, 2.006707e+00, 1.683652e+00, 2.103929e+00, 1.782772e+00, 2.011300e+00],
	[2.172873e+00, 1.676120e+00, 6.584939e-01, 9.204718e-01, 2.006707e+00, 1.683652e+00, 2.103929e+00, 1.782772e+00, 2.011300e+00],
	[2.692397e+00, 1.925725e+00, 5.614453e-01, 8.967708e-01, 2.331074e+00, 1.579739e+00, 1.673630e+00, 2.159015e+00, 1.965629e+00],
	[2.692397e+00, 1.925725e+00, 5.614453e-01, 8.967708e-01, 2.331074e+00, 1.579739e+00, 1.673630e+00, 2.159015e+00, 1.965629e+00],
	[2.692397e+00, 1.925725e+00, 5.614453e-01, 8.967708e-01, 2.331074e+00, 1.579739e+00, 1.673630e+00, 2.159015e+00, 1.965629e+00],
	[2.692397e+00, 1.925725e+00, 5.614453e-01, 8.967708e-01, 2.331074e+00, 1.579739e+00, 1.673630e+00, 2.159015e+00, 1.965629e+00],
	[4.340879e+00, 2.408550e+00, 6.418108e-01, 0, 3.668693e+00, 2.223065e+00, 2.410156e+00, 8.733571e+00, 2.606977e+00],
	[4.340879e+00, 2.408550e+00, 6.418108e-01, 0, 3.668693e+00, 2.223065e+00, 2.410156e+00, 8.733571e+00, 2.606977e+00],
	[4.340879e+00, 2.408550e+00, 6.418108e-01, 0, 3.668693e+00, 2.223065e+00, 2.410156e+00, 8.733571e+00, 2.606977e+00],
	[4.340879e+00, 2.408550e+00, 6.418108e-01, 0, 3.668693e+00, 2.223065e+00, 2.410156e+00, 8.733571e+00, 2.606977e+00],
	[3.667221e+00, 1.822185e+00, 0, 0, 3.115002e+00, 2.160719e+00, 0, 0, 0],
	[3.667221e+00, 1.822185e+00, 0, 0, 3.115002e+00, 2.160719e+00, 0, 0, 0],
	[3.667221e+00, 1.822185e+00, 0, 0, 3.115002e+00, 2.160719e+00, 0, 0, 0],
	[3.667221e+00, 1.822185e+00, 0, 0, 3.115002e+00, 2.160719e+00, 0, 0, 0],
	[0, 1.546437e+00, 0, 0, 1.949951e+00, 0, 0, 0, 0],
	[0, 1.546437e+00, 0, 0, 1.949951e+00, 0, 0, 0, 0],
	[0, 1.546437e+00, 0, 0, 1.949951e+00, 0, 0, 0, 0],
	[0, 1.546437e+00, 0, 0, 1.949951e+00, 0, 0, 0, 0],
	[0, 2.208331e+00, 0, 0, 2.748469e+00, 0, 0, 0, 0],
	[0, 2.208331e+00, 0, 0, 2.748469e+00, 0, 0, 0, 0],
	[0, 2.208331e+00, 0, 0, 2.748469e+00, 0, 0, 0, 0],
	[0, 2.208331e+00, 0, 0, 2.748469e+00, 0, 0, 0, 0],
	[0, 0, 0, 0, 0, 0, 0, 0, 0],
	[0, 0, 0, 0, 0, 0, 0, 0, 0],
	[0, 0, 0, 0, 0, 0, 0, 0, 0],
	[0, 0, 0, 0, 0, 0, 0, 0, 0],
	[0, 0, 0, 0, 0, 0, 0, 0, 0],
	[0, 0, 0, 0, 0, 0, 0, 0, 0],
	[0, 0, 0, 0, 0, 0, 0, 0, 0],
	[0, 0, 0, 0, 0, 0, 0, 0, 0],
	[0, 0, 0, 0, 0, 0, 0, 0, 0],
	[0, 0, 0, 0, 0, 0, 0, 0, 0],
	[0, 0, 0, 0, 0, 0, 0, 0, 0],
	[0, 0, 0, 0, 0, 0, 0, 0, 0],
	[0, 0, 0, 0, 0, 0, 0, 0, 0],
	[0, 0, 0, 0, 0, 0, 0, 0, 0],
	[0, 0, 0, 0, 0, 0, 0, 0, 0],
	[0, 0, 0, 0, 0, 0, 0, 0, 0] ]
undercost [
	[0, 0, 0, 0, 0, 0, 0, 0, 0],
	[0, 0, 0, 0, 0, 0, 0, 0, 0],
	[0, 0, 0, 0, 0, 0, 0, 0, 0],
	[0, 0, 0, 0, 0, 0, 0, 0, 0],
	[0, 0, 0, 0, 0, 0, 0, 0, 0],
	[0, 0, 0, 0, 0, 0, 0, 0, 0],
	[0, 0, 0, 0, 0, 0, 0, 0, 0],
	[0, 0, 0, 0, 0, 0, 0, 0, 0],
	[0, 0, 0, 0, 0, 0, 0, 0, 0],
	[0, 0, 0, 0, 0, 0, 0, 0, 0],
	[0, 0, 0, 0, 0, 0, 0, 0, 0],
	[0, 0, 0, 0, 0, 0, 0, 0, 0],
	[0, 0, 0, 0, 0, 0, 0, 0, 0],
	[0, 0, 0, 0, 0, 0, 0, 0, 0],
	[0, 0, 0, 0, 0, 0, 0, 0, 0],
	[0, 0, 0, 0, 0, 0, 0, 0, 0],
	[0, 0, 0, 0, 0, 0, 0, 0, 0],
	[0, 0, 0, 0, 0, 0, 0, 0, 0],
	[0, 0, 0, 0, 0, 0, 0, 0, 0],
	[0, 0, 0, 0, 0, 0, 0, 0, 0],
	[0, 0, 0, 0, 0, 0, 0, 0, 0],
	[0, 0, 0, 0, 0, 0, 0, 0, 0],
	[0, 0, 0, 0, 0, 0, 0, 0, 0],
	[0, 0, 0, 0, 0, 0, 0, 0, 0],
	[0, 0, 0, 0, 0, 0, 0, 0, 0],
	[0, 0, 0, 0, 0, 0, 0, 0, 0],
	[0, 0, 0, 0, 0, 0, 0, 0, 0],
	[0, 0, 0, 0, 0, 0, 0, 0, 0],
	[0, 0, 0, 0, 0, 0, 0, 0, 0],
	[0, 0, 0, 0, 0, 0, 0, 0, 0],
	[0, 0, 0, 0, 0, 0, 0, 0, 0],
	[0, 0, 0, 0, 0, 0, 0, 0, 0],
	[0, 0, 0, 0, 0, 0, 0, 0, 0],
	[0, 0, 0, 0, 0, 0, 0, 0, 0],
	[0, 0, 0, 0, 0, 0, 0, 0, 0],
	[0, 0, 0, 0, 0, 0, 0, 0, 0],
	[1.000000e+06, 1.000000e+06, 0, 0, 0, 1.000000e+06, 1.000000e+06, 0, 1.000000e+06],
	[1.000000e+06, 1.000000e+06, 0, 0, 0, 1.000000e+06, 1.000000e+06, 0, 1.000000e+06],
	[1.000000e+06, 1.000000e+06, 0, 0, 0, 1.000000e+06, 1.000000e+06, 0, 1.000000e+06],
	[1.000000e+06, 1.000000e+06, 0, 0, 0, 1.000000e+06, 1.000000e+06, 0, 1.000000e+06],
	[1.000000e+06, 1.000000e+06, 1.160325e+00, 1.000000e+06, 1.000000e+06, 0, 1.000000e+06, 1.000000e+06, 1.000000e+06],
	[1.000000e+06, 1.000000e+06, 1.160325e+00, 1.000000e+06, 1.000000e+06, 0, 1.000000e+06, 1.000000e+06, 1.000000e+06],
	[1.000000e+06, 1.000000e+06, 1.160325e+00, 1.000000e+06, 1.000000e+06, 0, 1.000000e+06, 1.000000e+06, 1.000000e+06],
	[1.000000e+06, 1.000000e+06, 1.160325e+00, 1.000000e+06, 1.000000e+06, 0, 1.000000e+06, 1.000000e+06, 1.000000e+06],
	[0, 1.000000e+06, 1.195869e+00, 1.771202e+00, 1.000000e+06, 1.000000e+06, 1.000000e+06, 1.000000e+06, 1.000000e+06],
	[0, 1.000000e+06, 1.195869e+00, 1.771202e+00, 1.000000e+06, 1.000000e+06, 1.000000e+06, 1.000000e+06, 1.000000e+06],
	[0, 1.000000e+06, 1.195869e+00, 1.771202e+00, 1.000000e+06, 1.000000e+06, 1.000000e+06, 1.000000e+06, 1.000000e+06],
	[0, 1.000000e+06, 1.195869e+00, 1.771202e+00, 1.000000e+06, 1.000000e+06, 1.000000e+06, 1.000000e+06, 1.000000e+06],
	[1.000000e+06, 1.000000e+06, 7.524978e-01, 1.456184e+00, 1.000000e+06, 1.000000e+06, 1.000000e+06, 1.000000e+06, 1.000000e+06],
	[1.000000e+06, 1.000000e+06, 7.524978e-01, 1.456184e+00, 1.000000e+06, 1.000000e+06, 1.000000e+06, 1.000000e+06, 1.000000e+06],
	[1.000000e+06, 1.000000e+06, 7.524978e-01, 1.456184e+00, 1.000000e+06, 1.000000e+06, 1.000000e+06, 1.000000e+06, 1.000000e+06],
	[1.000000e+06, 1.000000e+06, 7.524978e-01, 1.456184e+00, 1.000000e+06, 1.000000e+06, 1.000000e+06, 1.000000e+06, 1.000000e+06],
	[1.000000e+06, 1.000000e+06, 6.510349e-01, 1.057987e+00, 1.000000e+06, 1.000000e+06, 1.000000e+06, 1.000000e+06, 1.000000e+06],
	[1.000000e+06, 1.000000e+06, 6.510349e-01, 1.057987e+00, 1.000000e+06, 1.000000e+06, 1.000000e+06, 1.000000e+06, 1.000000e+06],
	[1.000000e+06, 1.000000e+06, 6.510349e-01, 1.057987e+00, 1.000000e+06, 1.000000e+06, 1.000000e+06, 1.000000e+06, 1.000000e+06],
	[1.000000e+06, 1.000000e+06, 6.510349e-01, 1.057987e+00, 1.000000e+06, 1.000000e+06, 1.000000e+06, 1.000000e+06, 1.000000e+06],
	[1.000000e+06, 1.000000e+06, 8.256282e-01, 1.172041e+00, 1.000000e+06, 1.000000e+06, 1.000000e+06, 1.000000e+06, 1.000000e+06],
	[1.000000e+06, 1.000000e+06, 8.256282e-01, 1.172041e+00, 1.000000e+06, 1.000000e+06, 1.000000e+06, 1.000000e+06, 1.000000e+06],
	[1.000000e+06, 1.000000e+06, 8.256282e-01, 1.172041e+00, 1.000000e+06, 1.000000e+06, 1.000000e+06, 1.000000e+06, 1.000000e+06],
	[1.000000e+06, 1.000000e+06, 8.256282e-01, 1.172041e+00, 1.000000e+06, 1.000000e+06, 1.000000e+06, 1.000000e+06, 1.000000e+06],
	[1.000000e+06, 1.000000e+06, 9.367874e-01, 1.205153e+00, 1.000000e+06, 1.000000e+06, 1.000000e+06, 1.000000e+06, 1.000000e+06],
	[1.000000e+06, 1.000000e+06, 9.367874e-01, 1.205153e+00, 1.000000e+06, 1.000000e+06, 1.000000e+06, 1.000000e+06, 1.000000e+06],
	[1.000000e+06, 1.000000e+06, 9.367874e-01, 1.205153e+00, 1.000000e+06, 1.000000e+06, 1.000000e+06, 1.000000e+06, 1.000000e+06],
	[1.000000e+06, 1.000000e+06, 9.367874e-01, 1.205153e+00, 1.000000e+06, 1.000000e+06, 1.000000e+06, 1.000000e+06, 1.000000e+06],
	[1.000000e+06, 1.000000e+06, 1.016891e+00, 0, 1.000000e+06, 1.000000e+06, 1.000000e+06, 1.000000e+06, 1.000000e+06],
	[1.000000e+06, 1.000000e+06, 1.016891e+00, 0, 1.000000e+06, 1.000000e+06, 1.000000e+06, 1.000000e+06, 1.000000e+06],
	[1.000000e+06, 1.000000e+06, 1.016891e+00, 0, 1.000000e+06, 1.000000e+06, 1.000000e+06, 1.000000e+06, 1.000000e+06],
	[1.000000e+06, 1.000000e+06, 1.016891e+00, 0, 1.000000e+06, 1.000000e+06, 1.000000e+06, 1.000000e+06, 1.000000e+06],
	[1.000000e+06, 1.000000e+06, 0, 0, 1.000000e+06, 1.000000e+06, 0, 0, 0],
	[1.000000e+06, 1.000000e+06, 0, 0, 1.000000e+06, 1.000000e+06, 0, 0, 0],
	[1.000000e+06, 1.000000e+06, 0, 0, 1.000000e+06, 1.000000e+06, 0, 0, 0],
	[1.000000e+06, 1.000000e+06, 0, 0, 1.000000e+06, 1.000000e+06, 0, 0, 0],
	[0, 1.000000e+06, 0, 0, 1.000000e+06, 0, 0, 0, 0],
	[0, 1.000000e+06, 0, 0, 1.000000e+06, 0, 0, 0, 0],
	[0, 1.000000e+06, 0, 0, 1.000000e+06, 0, 0, 0, 0],
	[0, 1.000000e+06, 0, 0, 1.000000e+06, 0, 0, 0, 0],
	[0, 1.000000e+06, 0, 0, 1.000000e+06, 0, 0, 0, 0],
	[0, 1.000000e+06, 0, 0, 1.000000e+06, 0, 0, 0, 0],
	[0, 1.000000e+06, 0, 0, 1.000000e+06, 0, 0, 0, 0],
	[0, 1.000000e+06, 0, 0, 1.000000e+06, 0, 0, 0, 0],
	[0, 0, 0, 0, 0, 0, 0, 0, 0],
	[0, 0, 0, 0, 0, 0, 0, 0, 0],
	[0, 0, 0, 0, 0, 0, 0, 0, 0],
	[0, 0, 0, 0, 0, 0, 0, 0, 0],
	[0, 0, 0, 0, 0, 0, 0, 0, 0],
	[0, 0, 0, 0, 0, 0, 0, 0, 0],
	[0, 0, 0, 0, 0, 0, 0, 0, 0],
	[0, 0, 0, 0, 0, 0, 0, 0, 0],
	[0, 0, 0, 0, 0, 0, 0, 0, 0],
	[0, 0, 0, 0, 0, 0, 0, 0, 0],
	[0, 0, 0, 0, 0, 0, 0, 0, 0],
	[0, 0, 0, 0, 0, 0, 0, 0, 0],
	[0, 0, 0, 0, 0, 0, 0, 0, 0],
	[0, 0, 0, 0, 0, 0, 0, 0, 0],
	[0, 0, 0, 0, 0, 0, 0, 0, 0],
	[0, 0, 0, 0, 0, 0, 0, 0, 0] ]
