182 382 725 925 1433 1946 3080 3715 4116
SHOE
ACT	9
SHIFT	96
demand [
	[0, 0, 0, 0, 0, 0, 0, 0, 0],
	[0, 0, 0, 0, 0, 0, 0, 0, 0],
	[0, 0, 0, 0, 0, 0, 0, 0, 0],
	[0, 0, 0, 0, 0, 0, 0, 0, 0],
	[0, 0, 0, 0, 0, 0, 0, 0, 0],
	[0, 0, 0, 0, 0, 0, 0, 0, 0],
	[0, 0, 0, 0, 0, 0, 0, 0, 0],
	[0, 0, 0, 0, 0, 0, 0, 0, 0],
	[0, 0, 0, 0, 0, 0, 0, 0, 0],
	[0, 0, 0, 0, 0, 0, 0, 0, 0],
	[0, 0, 0, 0, 0, 0, 0, 0, 0],
	[0, 0, 0, 0, 0, 0, 0, 0, 0],
	[0, 0, 0, 0, 0, 0, 0, 0, 0],
	[0, 0, 0, 0, 0, 0, 0, 0, 0],
	[0, 0, 0, 0, 0, 0, 0, 0, 0],
	[0, 0, 0, 0, 0, 0, 0, 0, 0],
	[0, 0, 0, 0, 0, 0, 0, 0, 0],
	[0, 0, 0, 0, 0, 0, 0, 0, 0],
	[0, 0, 0, 0, 0, 0, 0, 0, 0],
	[0, 0, 0, 0, 0, 0, 0, 0, 0],
	[0, 0, 0, 0, 0, 0, 0, 0, 0],
	[0, 0, 0, 0, 0, 0, 0, 0, 0],
	[0, 0, 0, 0, 0, 0, 0, 0, 0],
	[0, 0, 0, 0, 0, 0, 0, 0, 0],
	[0, 0, 0, 0, 0, 0, 0, 0, 0],
	[0, 0, 0, 0, 0, 0, 0, 0, 0],
	[0, 0, 0, 0, 0, 0, 0, 0, 0],
	[0, 0, 0, 0, 0, 0, 0, 0, 0],
	[0, 0, 0, 0, 0, 0, 0, 0, 0],
	[0, 0, 0, 0, 0, 0, 0, 0, 0],
	[0, 0, 0, 0, 0, 0, 0, 0, 0],
	[0, 0, 0, 0, 0, 0, 0, 0, 0],
	[0, 0, 0, 0, 0, 1.00, 0, 0, 0],
	[0, 0, 0, 0, 0, 1.00, 0, 0, 0],
	[0, 0, 0, 0, 0, 1.00, 0, 0, 0],
	[0, 0, 0, 0, 0, 1.00, 0, 0, 0],
	[1.00, 1.00, 1.00, 2.75, 1.00, 1.50, 0, 1.00, 0],
	[1.00, 1.00, 1.00, 2.75, 1.00, 1.50, 0, 1.00, 0],
	[1.00, 1.00, 1.00, 2.75, 1.00, 1.50, 0, 1.00, 0],
	[1.00, 1.00, 1.00, 2.75, 1.00, 1.50, 0, 1.00, 0],
	[0, 1.00, 0, 3.25, 1.00, 2.00, 0, 1.00, 1.00],
	[0, 1.00, 0, 3.25, 1.00, 2.00, 0, 1.00, 1.00],
	[0, 1.00, 0, 3.25, 1.00, 2.00, 0, 1.00, 1.00],
	[0, 1.00, 0, 3.25, 1.00, 2.00, 0, 1.00, 1.00],
	[2.00, 1.00, 1.00, 4.25, 1.25, 2.75, 1.00, 1.00, 1.00],
	[2.00, 1.00, 1.00, 4.25, 1.25, 2.75, 1.00, 1.00, 1.00],
	[2.00, 1.00, 1.00, 4.25, 1.25, 2.75, 1.00, 1.00, 1.00],
	[2.00, 1.00, 1.00, 4.25, 1.25, 2.75, 1.00, 1.00, 1.00],
	[2.00, 1.00, 1.25, 4.25, 1.25, 3.00, 1.00, 1.25, 1.00],
	[2.00, 1.00, 1.25, 4.25, 1.25, 3.00, 1.00, 1.25, 1.00],
	[2.00, 1.00, 1.25, 4.25, 1.25, 3.00, 1.00, 1.25, 1.00],
	[2.00, 1.00, 1.25, 4.25, 1.25, 3.00, 1.00, 1.25, 1.00],
	[2.25, 1.00, 1.25, 4.50, 1.25, 3.25, 1.00, 1.50, 1.00],
	[2.25, 1.00, 1.25, 4.50, 1.25, 3.25, 1.00, 1.50, 1.00],
	[2.25, 1.00, 1.25, 4.50, 1.25, 3.25, 1.00, 1.50, 1.00],
	[2.25, 1.00, 1.25, 4.50, 1.25, 3.25, 1.00, 1.50, 1.00],
	[2.25, 0, 1.25, 4.50, 1.25, 3.25, 0, 1.50, 1.00],
	[2.25, 0, 1.25, 4.50, 1.25, 3.25, 0, 1.50, 1.00],
	[2.25, 0, 1.25, 4.50, 1.25, 3.25, 0, 1.50, 1.00],
	[2.25, 0, 1.25, 4.50, 1.25, 3.25, 0, 1.50, 1.00],
	[2.25, 1.00, 1.25, 4.75, 1.50, 3.25, 1.00, 1.25, 1.00],
	[2.25, 1.00, 1.25, 4.75, 1.50, 3.25, 1.00, 1.25, 1.00],
	[2.25, 1.00, 1.25, 4.75, 1.50, 3.25, 1.00, 1.25, 1.00],
	[2.25, 1.00, 1.25, 4.75, 1.50, 3.25, 1.00, 1.25, 1.00],
	[2.00, 1.00, 1.00, 4.50, 1.25, 3.00, 1.00, 1.00, 1.00],
	[2.00, 1.00, 1.00, 4.50, 1.25, 3.00, 1.00, 1.00, 1.00],
	[2.00, 1.00, 1.00, 4.50, 1.25, 3.00, 1.00, 1.00, 1.00],
	[2.00, 1.00, 1.00, 4.50, 1.25, 3.00, 1.00, 1.00, 1.00],
	[2.25, 0, 0, 0, 1.25, 3.00, 1.00, 1.00, 1.00],
	[2.25, 0, 0, 0, 1.25, 3.00, 1.00, 1.00, 1.00],
	[2.25, 0, 0, 0, 1.25, 3.00, 1.00, 1.00, 1.00],
	[2.25, 0, 0, 0, 1.25, 3.00, 1.00, 1.00, 1.00],
	[2.50, 0, 0, 0, 1.50, 0, 1.00, 1.25, 1.00],
	[2.50, 0, 0, 0, 1.50, 0, 1.00, 1.25, 1.00],
	[2.50, 0, 0, 0, 1.50, 0, 1.00, 1.25, 1.00],
	[2.50, 0, 0, 0, 1.50, 0, 1.00, 1.25, 1.00],
	[2.50, 0, 0, 0, 1.50, 0, 0, 1.00, 0],
	[2.50, 0, 0, 0, 1.50, 0, 0, 1.00, 0],
	[2.50, 0, 0, 0, 1.50, 0, 0, 1.00, 0],
	[2.50, 0, 0, 0, 1.50, 0, 0, 1.00, 0],
	[0, 0, 0, 0, 0, 0, 0, 0, 0],
	[0, 0, 0, 0, 0, 0, 0, 0, 0],
	[0, 0, 0, 0, 0, 0, 0, 0, 0],
	[0, 0, 0, 0, 0, 0, 0, 0, 0],
	[0, 0, 0, 0, 0, 0, 0, 0, 0],
	[0, 0, 0, 0, 0, 0, 0, 0, 0],
	[0, 0, 0, 0, 0, 0, 0, 0, 0],
	[0, 0, 0, 0, 0, 0, 0, 0, 0],
	[0, 0, 0, 0, 0, 0, 0, 0, 0],
	[0, 0, 0, 0, 0, 0, 0, 0, 0],
	[0, 0, 0, 0, 0, 0, 0, 0, 0],
	[0, 0, 0, 0, 0, 0, 0, 0, 0],
	[0, 0, 0, 0, 0, 0, 0, 0, 0],
	[0, 0, 0, 0, 0, 0, 0, 0, 0],
	[0, 0, 0, 0, 0, 0, 0, 0, 0],
	[0, 0, 0, 0, 0, 0, 0, 0, 0] ]
overcost [
	[0, 0, 0, 0, 0, 0, 0, 0, 0],
	[0, 0, 0, 0, 0, 0, 0, 0, 0],
	[0, 0, 0, 0, 0, 0, 0, 0, 0],
	[0, 0, 0, 0, 0, 0, 0, 0, 0],
	[0, 0, 0, 0, 0, 0, 0, 0, 0],
	[0, 0, 0, 0, 0, 0, 0, 0, 0],
	[0, 0, 0, 0, 0, 0, 0, 0, 0],
	[0, 0, 0, 0, 0, 0, 0, 0, 0],
	[0, 0, 0, 0, 0, 0, 0, 0, 0],
	[0, 0, 0, 0, 0, 0, 0, 0, 0],
	[0, 0, 0, 0, 0, 0, 0, 0, 0],
	[0, 0, 0, 0, 0, 0, 0, 0, 0],
	[0, 0, 0, 0, 0, 0, 0, 0, 0],
	[0, 0, 0, 0, 0, 0, 0, 0, 0],
	[0, 0, 0, 0, 0, 0, 0, 0, 0],
	[0, 0, 0, 0, 0, 0, 0, 0, 0],
	[0, 0, 0, 0, 0, 0, 0, 0, 0],
	[0, 0, 0, 0, 0, 0, 0, 0, 0],
	[0, 0, 0, 0, 0, 0, 0, 0, 0],
	[0, 0, 0, 0, 0, 0, 0, 0, 0],
	[0, 0, 0, 0, 0, 0, 0, 0, 0],
	[0, 0, 0, 0, 0, 0, 0, 0, 0],
	[0, 0, 0, 0, 0, 0, 0, 0, 0],
	[0, 0, 0, 0, 0, 0, 0, 0, 0],
	[0, 0, 0, 0, 0, 0, 0, 0, 0],
	[0, 0, 0, 0, 0, 0, 0, 0, 0],
	[0, 0, 0, 0, 0, 0, 0, 0, 0],
	[0, 0, 0, 0, 0, 0, 0, 0, 0],
	[0, 0, 0, 0, 0, 0, 0, 0, 0],
	[0, 0, 0, 0, 0, 0, 0, 0, 0],
	[0, 0, 0, 0, 0, 0, 0, 0, 0],
	[0, 0, 0, 0, 0, 0, 0, 0, 0],
	[0, 0, 0, 0, 0, 2.955606e+00, 0, 0, 0],
	[0, 0, 0, 0, 0, 2.955606e+00, 0, 0, 0],
	[0, 0, 0, 0, 0, 2.955606e+00, 0, 0, 0],
	[0, 0, 0, 0, 0, 2.955606e+00, 0, 0, 0],
	[2.328032e+00, 9.590945e+00, 1.057558e+01, 1.235327e+00, 4.452547e+00, 1.218691e+00, 0, 9.318674e+00, 0],
	[2.328032e+00, 9.590945e+00, 1.057558e+01, 1.235327e+00, 4.452547e+00, 1.218691e+00, 0, 9.318674e+00, 0],
	[2.328032e+00, 9.590945e+00, 1.057558e+01, 1.235327e+00, 4.452547e+00, 1.218691e+00, 0, 9.318674e+00, 0],
	[2.328032e+00, 9.590945e+00, 1.057558e+01, 1.235327e+00, 4.452547e+00, 1.218691e+00, 0, 9.318674e+00, 0],
	[0, 9.571415e+00, 0, 1.058725e+00, 3.257093e+00, 1.216622e+00, 0, 9.270723e+00, 9.712515e+00],
	[0, 9.571415e+00, 0, 1.058725e+00, 3.257093e+00, 1.216622e+00, 0, 9.270723e+00, 9.712515e+00],
	[0, 9.571415e+00, 0, 1.058725e+00, 3.257093e+00, 1.216622e+00, 0, 9.270723e+00, 9.712515e+00],
	[0, 9.571415e+00, 0, 1.058725e+00, 3.257093e+00, 1.216622e+00, 0, 9.270723e+00, 9.712515e+00],
	[1.693980e+00, 8.463541e+00, 3.073786e+00, 8.954421e-01, 2.208153e+00, 8.690598e-01, 4.669957e+00, 5.485422e+00, 9.119375e+00],
	[1.693980e+00, 8.463541e+00, 3.073786e+00, 8.954421e-01, 2.208153e+00, 8.690598e-01, 4.669957e+00, 5.485422e+00, 9.119375e+00],
	[1.693980e+00, 8.463541e+00, 3.073786e+00, 8.954421e-01, 2.208153e+00, 8.690598e-01, 4.669957e+00, 5.485422e+00, 9.119375e+00],
	[1.693980e+00, 8.463541e+00, 3.073786e+00, 8.954421e-01, 2.208153e+00, 8.690598e-01, 4.669957e+00, 5.485422e+00, 9.119375e+00],
	[1.146423e+00, 5.910464e+00, 2.210858e+00, 6.351158e-01, 1.906415e+00, 8.973732e-01, 3.478530e+00, 1.682887e+00, 4.847285e+00],
	[1.146423e+00, 5.910464e+00, 2.210858e+00, 6.351158e-01, 1.906415e+00, 8.973732e-01, 3.478530e+00, 1.682887e+00, 4.847285e+00],
	[1.146423e+00, 5.910464e+00, 2.210858e+00, 6.351158e-01, 1.906415e+00, 8.973732e-01, 3.478530e+00, 1.682887e+00, 4.847285e+00],
	[1.146423e+00, 5.910464e+00, 2.210858e+00, 6.351158e-01, 1.906415e+00, 8.973732e-01, 3.478530e+00, 1.682887e+00, 4.847285e+00],
	[1.482525e+00, 5.323846e+00, 1.630463e+00, 7.421197e-01, 1.626338e+00, 1.034777e+00, 3.072927e+00, 1.486788e+00, 3.942710e+00],
	[1.482525e+00, 5.323846e+00, 1.630463e+00, 7.421197e-01, 1.626338e+00, 1.034777e+00, 3.072927e+00, 1.486788e+00, 3.942710e+00],
	[1.482525e+00, 5.323846e+00, 1.630463e+00, 7.421197e-01, 1.626338e+00, 1.034777e+00, 3.072927e+00, 1.486788e+00, 3.942710e+00],
	[1.482525e+00, 5.323846e+00, 1.630463e+00, 7.421197e-01, 1.626338e+00, 1.034777e+00, 3.072927e+00, 1.486788e+00, 3.942710e+00],
	[1.357098e+00, 0, 1.538745e+00, 5.915138e-01, 1.532293e+00, 9.258264e-01, 0, 1.434831e+00, 3.921623e+00],
	[1.357098e+00, 0, 1.538745e+00, 5.915138e-01, 1.532293e+00, 9.258264e-01, 0, 1.434831e+00, 3.921623e+00],
	[1.357098e+00, 0, 1.538745e+00, 5.915138e-01, 1.532293e+00, 9.258264e-01, 0, 1.434831e+00, 3.921623e+00],
	[1.357098e+00, 0, 1.538745e+00, 5.915138e-01, 1.532293e+00, 9.258264e-01, 0, 1.434831e+00, 3.921623e+00],
	[1.325455e+00, 6.340891e+00, 2.148991e+00, 7.533210e-01, 2.252093e+00, 8.696427e-01, 3.389053e+00, 2.347482e+00, 5.592656e+00],
	[1.325455e+00, 6.340891e+00, 2.148991e+00, 7.533210e-01, 2.252093e+00, 8.696427e-01, 3.389053e+00, 2.347482e+00, 5.592656e+00],
	[1.325455e+00, 6.340891e+00, 2.148991e+00, 7.533210e-01, 2.252093e+00, 8.696427e-01, 3.389053e+00, 2.347482e+00, 5.592656e+00],
	[1.325455e+00, 6.340891e+00, 2.148991e+00, 7.533210e-01, 2.252093e+00, 8.696427e-01, 3.389053e+00, 2.347482e+00, 5.592656e+00],
	[1.512763e+00, 9.438561e+00, 3.346767e+00, 9.616031e-01, 2.071343e+00, 1.105305e+00, 4.780707e+00, 6.967900e+00, 9.610704e+00],
	[1.512763e+00, 9.438561e+00, 3.346767e+00, 9.616031e-01, 2.071343e+00, 1.105305e+00, 4.780707e+00, 6.967900e+00, 9.610704e+00],
	[1.512763e+00, 9.438561e+00, 3.346767e+00, 9.616031e-01, 2.071343e+00, 1.105305e+00, 4.780707e+00, 6.967900e+00, 9.610704e+00],
	[1.512763e+00, 9.438561e+00, 3.346767e+00, 9.616031e-01, 2.071343e+00, 1.105305e+00, 4.780707e+00, 6.967900e+00, 9.610704e+00],
	[1.743602e+00, 0, 0, 0, 1.690767e+00, 7.895918e-01, 4.241298e+00, 4.753736e+00, 8.554842e+00],
	[1.743602e+00, 0, 0, 0, 1.690767e+00, 7.895918e-01, 4.241298e+00, 4.753736e+00, 8.554842e+00],
	[1.743602e+00, 0, 0, 0, 1.690767e+00, 7.895918e-01, 4.241298e+00, 4.753736e+00, 8.554842e+00],
	[1.743602e+00, 0, 0, 0, 1.690767e+00, 7.895918e-01, 4.241298e+00, 4.753736e+00, 8.554842e+00],
	[1.515776e+00, 0, 0, 0, 1.808780e+00, 0, 3.095946e+00, 1.760861e+00, 5.140449e+00],
	[1.515776e+00, 0, 0, 0, 1.808780e+00, 0, 3.095946e+00, 1.760861e+00, 5.140449e+00],
	[1.515776e+00, 0, 0, 0, 1.808780e+00, 0, 3.095946e+00, 1.760861e+00, 5.140449e+00],
	[1.515776e+00, 0, 0, 0, 1.808780e+00, 0, 3.095946e+00, 1.760861e+00, 5.140449e+00],
	[1.447177e+00, 0, 0, 0, 1.478365e+00, 0, 0, 6.685376e+00, 0],
	[1.447177e+00, 0, 0, 0, 1.478365e+00, 0, 0, 6.685376e+00, 0],
	[1.447177e+00, 0, 0, 0, 1.478365e+00, 0, 0, 6.685376e+00, 0],
	[1.447177e+00, 0, 0, 0, 1.478365e+00, 0, 0, 6.685376e+00, 0],
	[0, 0, 0, 0, 0, 0, 0, 0, 0],
	[0, 0, 0, 0, 0, 0, 0, 0, 0],
	[0, 0, 0, 0, 0, 0, 0, 0, 0],
	[0, 0, 0, 0, 0, 0, 0, 0, 0],
	[0, 0, 0, 0, 0, 0, 0, 0, 0],
	[0, 0, 0, 0, 0, 0, 0, 0, 0],
	[0, 0, 0, 0, 0, 0, 0, 0, 0],
	[0, 0, 0, 0, 0, 0, 0, 0, 0],
	[0, 0, 0, 0, 0, 0, 0, 0, 0],
	[0, 0, 0, 0, 0, 0, 0, 0, 0],
	[0, 0, 0, 0, 0, 0, 0, 0, 0],
	[0, 0, 0, 0, 0, 0, 0, 0, 0],
	[0, 0, 0, 0, 0, 0, 0, 0, 0],
	[0, 0, 0, 0, 0, 0, 0, 0, 0],
	[0, 0, 0, 0, 0, 0, 0, 0, 0],
	[0, 0, 0, 0, 0, 0, 0, 0, 0] ]
undercost [
	[0, 0, 0, 0, 0, 0, 0, 0, 0],
	[0, 0, 0, 0, 0, 0, 0, 0, 0],
	[0, 0, 0, 0, 0, 0, 0, 0, 0],
	[0, 0, 0, 0, 0, 0, 0, 0, 0],
	[0, 0, 0, 0, 0, 0, 0, 0, 0],
	[0, 0, 0, 0, 0, 0, 0, 0, 0],
	[0, 0, 0, 0, 0, 0, 0, 0, 0],
	[0, 0, 0, 0, 0, 0, 0, 0, 0],
	[0, 0, 0, 0, 0, 0, 0, 0, 0],
	[0, 0, 0, 0, 0, 0, 0, 0, 0],
	[0, 0, 0, 0, 0, 0, 0, 0, 0],
	[0, 0, 0, 0, 0, 0, 0, 0, 0],
	[0, 0, 0, 0, 0, 0, 0, 0, 0],
	[0, 0, 0, 0, 0, 0, 0, 0, 0],
	[0, 0, 0, 0, 0, 0, 0, 0, 0],
	[0, 0, 0, 0, 0, 0, 0, 0, 0],
	[0, 0, 0, 0, 0, 0, 0, 0, 0],
	[0, 0, 0, 0, 0, 0, 0, 0, 0],
	[0, 0, 0, 0, 0, 0, 0, 0, 0],
	[0, 0, 0, 0, 0, 0, 0, 0, 0],
	[0, 0, 0, 0, 0, 0, 0, 0, 0],
	[0, 0, 0, 0, 0, 0, 0, 0, 0],
	[0, 0, 0, 0, 0, 0, 0, 0, 0],
	[0, 0, 0, 0, 0, 0, 0, 0, 0],
	[0, 0, 0, 0, 0, 0, 0, 0, 0],
	[0, 0, 0, 0, 0, 0, 0, 0, 0],
	[0, 0, 0, 0, 0, 0, 0, 0, 0],
	[0, 0, 0, 0, 0, 0, 0, 0, 0],
	[0, 0, 0, 0, 0, 0, 0, 0, 0],
	[0, 0, 0, 0, 0, 0, 0, 0, 0],
	[0, 0, 0, 0, 0, 0, 0, 0, 0],
	[0, 0, 0, 0, 0, 0, 0, 0, 0],
	[0, 0, 0, 0, 0, 1.000000e+06, 0, 0, 0],
	[0, 0, 0, 0, 0, 1.000000e+06, 0, 0, 0],
	[0, 0, 0, 0, 0, 1.000000e+06, 0, 0, 0],
	[0, 0, 0, 0, 0, 1.000000e+06, 0, 0, 0],
	[1.000000e+06, 1.000000e+06, 1.000000e+06, 1.759299e+00, 1.000000e+06, 1.000000e+06, 0, 1.000000e+06, 0],
	[1.000000e+06, 1.000000e+06, 1.000000e+06, 1.759299e+00, 1.000000e+06, 1.000000e+06, 0, 1.000000e+06, 0],
	[1.000000e+06, 1.000000e+06, 1.000000e+06, 1.759299e+00, 1.000000e+06, 1.000000e+06, 0, 1.000000e+06, 0],
	[1.000000e+06, 1.000000e+06, 1.000000e+06, 1.759299e+00, 1.000000e+06, 1.000000e+06, 0, 1.000000e+06, 0],
	[0, 1.000000e+06, 0, 1.446026e+00, 1.000000e+06, 2.232305e+00, 0, 1.000000e+06, 1.000000e+06],
	[0, 1.000000e+06, 0, 1.446026e+00, 1.000000e+06, 2.232305e+00, 0, 1.000000e+06, 1.000000e+06],
	[0, 1.000000e+06, 0, 1.446026e+00, 1.000000e+06, 2.232305e+00, 0, 1.000000e+06, 1.000000e+06],
	[0, 1.000000e+06, 0, 1.446026e+00, 1.000000e+06, 2.232305e+00, 0, 1.000000e+06, 1.000000e+06],
	[2.541685e+00, 1.000000e+06, 1.000000e+06, 9.859429e-01, 1.000000e+06, 1.540691e+00, 1.000000e+06, 1.000000e+06, 1.000000e+06],
	[2.541685e+00, 1.000000e+06, 1.000000e+06, 9.859429e-01, 1.000000e+06, 1.540691e+00, 1.000000e+06, 1.000000e+06, 1.000000e+06],
	[2.541685e+00, 1.000000e+06, 1.000000e+06, 9.859429e-01, 1.000000e+06, 1.540691e+00, 1.000000e+06, 1.000000e+06, 1.000000e+06],
	[2.541685e+00, 1.000000e+06, 1.000000e+06, 9.859429e-01, 1.000000e+06, 1.540691e+00, 1.000000e+06, 1.000000e+06, 1.000000e+06],
	[3.297875e+00, 1.000000e+06, 1.000000e+06, 1.287624e+00, 1.000000e+06, 1.265753e+00, 1.000000e+06, 1.000000e+06, 1.000000e+06],
	[3.297875e+00, 1.000000e+06, 1.000000e+06, 1.287624e+00, 1.000000e+06, 1.265753e+00, 1.000000e+06, 1.000000e+06, 1.000000e+06],
	[3.297875e+00, 1.000000e+06, 1.000000e+06, 1.287624e+00, 1.000000e+06, 1.265753e+00, 1.000000e+06, 1.000000e+06, 1.000000e+06],
	[3.297875e+00, 1.000000e+06, 1.000000e+06, 1.287624e+00, 1.000000e+06, 1.265753e+00, 1.000000e+06, 1.000000e+06, 1.000000e+06],
	[2.216029e+00, 1.000000e+06, 1.000000e+06, 1.046694e+00, 1.000000e+06, 9.052849e-01, 1.000000e+06, 1.000000e+06, 1.000000e+06],
	[2.216029e+00, 1.000000e+06, 1.000000e+06, 1.046694e+00, 1.000000e+06, 9.052849e-01, 1.000000e+06, 1.000000e+06, 1.000000e+06],
	[2.216029e+00, 1.000000e+06, 1.000000e+06, 1.046694e+00, 1.000000e+06, 9.052849e-01, 1.000000e+06, 1.000000e+06, 1.000000e+06],
	[2.216029e+00, 1.000000e+06, 1.000000e+06, 1.046694e+00, 1.000000e+06, 9.052849e-01, 1.000000e+06, 1.000000e+06, 1.000000e+06],
	[2.386034e+00, 0, 1.000000e+06, 1.221410e+00, 1.000000e+06, 1.039367e+00, 0, 1.000000e+06, 1.000000e+06],
	[2.386034e+00, 0, 1.000000e+06, 1.221410e+00, 1.000000e+06, 1.039367e+00, 0, 1.000000e+06, 1.000000e+06],
	[2.386034e+00, 0, 1.000000e+06, 1.221410e+00, 1.000000e+06, 1.039367e+00, 0, 1.000000e+06, 1.000000e+06],
	[2.386034e+00, 0, 1.000000e+06, 1.221410e+00, 1.000000e+06, 1.039367e+00, 0, 1.000000e+06, 1.000000e+06],
	[2.436909e+00, 1.000000e+06, 1.000000e+06, 9.331963e-01, 1.000000e+06, 1.110918e+00, 1.000000e+06, 1.000000e+06, 1.000000e+06],
	[2.436909e+00, 1.000000e+06, 1.000000e+06, 9.331963e-01, 1.000000e+06, 1.110918e+00, 1.000000e+06, 1.000000e+06, 1.000000e+06],
	[2.436909e+00, 1.000000e+06, 1.000000e+06, 9.331963e-01, 1.000000e+06, 1.110918e+00, 1.000000e+06, 1.000000e+06, 1.000000e+06],
	[2.436909e+00, 1.000000e+06, 1.000000e+06, 9.331963e-01, 1.000000e+06, 1.110918e+00, 1.000000e+06, 1.000000e+06, 1.000000e+06],
	[2.800988e+00, 1.000000e+06, 1.000000e+06, 7.954174e-01, 1.000000e+06, 1.010721e+00, 1.000000e+06, 1.000000e+06, 1.000000e+06],
	[2.800988e+00, 1.000000e+06, 1.000000e+06, 7.954174e-01, 1.000000e+06, 1.010721e+00, 1.000000e+06, 1.000000e+06, 1.000000e+06],
	[2.800988e+00, 1.000000e+06, 1.000000e+06, 7.954174e-01, 1.000000e+06, 1.010721e+00, 1.000000e+06, 1.000000e+06, 1.000000e+06],
	[2.800988e+00, 1.000000e+06, 1.000000e+06, 7.954174e-01, 1.000000e+06, 1.010721e+00, 1.000000e+06, 1.000000e+06, 1.000000e+06],
	[1.877538e+00, 0, 0, 0, 1.000000e+06, 1.406044e+00, 1.000000e+06, 1.000000e+06, 1.000000e+06],
	[1.877538e+00, 0, 0, 0, 1.000000e+06, 1.406044e+00, 1.000000e+06, 1.000000e+06, 1.000000e+06],
	[1.877538e+00, 0, 0, 0, 1.000000e+06, 1.406044e+00, 1.000000e+06, 1.000000e+06, 1.000000e+06],
	[1.877538e+00, 0, 0, 0, 1.000000e+06, 1.406044e+00, 1.000000e+06, 1.000000e+06, 1.000000e+06],
	[1.730100e+00, 0, 0, 0, 1.000000e+06, 0, 1.000000e+06, 1.000000e+06, 1.000000e+06],
	[1.730100e+00, 0, 0, 0, 1.000000e+06, 0, 1.000000e+06, 1.000000e+06, 1.000000e+06],
	[1.730100e+00, 0, 0, 0, 1.000000e+06, 0, 1.000000e+06, 1.000000e+06, 1.000000e+06],
	[1.730100e+00, 0, 0, 0, 1.000000e+06, 0, 1.000000e+06, 1.000000e+06, 1.000000e+06],
	[1.833342e+00, 0, 0, 0, 1.000000e+06, 0, 0, 1.000000e+06, 0],
	[1.833342e+00, 0, 0, 0, 1.000000e+06, 0, 0, 1.000000e+06, 0],
	[1.833342e+00, 0, 0, 0, 1.000000e+06, 0, 0, 1.000000e+06, 0],
	[1.833342e+00, 0, 0, 0, 1.000000e+06, 0, 0, 1.000000e+06, 0],
	[0, 0, 0, 0, 0, 0, 0, 0, 0],
	[0, 0, 0, 0, 0, 0, 0, 0, 0],
	[0, 0, 0, 0, 0, 0, 0, 0, 0],
	[0, 0, 0, 0, 0, 0, 0, 0, 0],
	[0, 0, 0, 0, 0, 0, 0, 0, 0],
	[0, 0, 0, 0, 0, 0, 0, 0, 0],
	[0, 0, 0, 0, 0, 0, 0, 0, 0],
	[0, 0, 0, 0, 0, 0, 0, 0, 0],
	[0, 0, 0, 0, 0, 0, 0, 0, 0],
	[0, 0, 0, 0, 0, 0, 0, 0, 0],
	[0, 0, 0, 0, 0, 0, 0, 0, 0],
	[0, 0, 0, 0, 0, 0, 0, 0, 0],
	[0, 0, 0, 0, 0, 0, 0, 0, 0],
	[0, 0, 0, 0, 0, 0, 0, 0, 0],
	[0, 0, 0, 0, 0, 0, 0, 0, 0],
	[0, 0, 0, 0, 0, 0, 0, 0, 0] ]
