757 1668 2511 2515 2528 2883 3215 3428
SHOE
ACT	8
SHIFT	96
demand [
	[0, 0, 0, 0, 0, 0, 0, 0],
	[0, 0, 0, 0, 0, 0, 0, 0],
	[0, 0, 0, 0, 0, 0, 0, 0],
	[0, 0, 0, 0, 0, 0, 0, 0],
	[0, 0, 0, 0, 0, 0, 0, 0],
	[0, 0, 0, 0, 0, 0, 0, 0],
	[0, 0, 0, 0, 0, 0, 0, 0],
	[0, 0, 0, 0, 0, 0, 0, 0],
	[0, 0, 0, 0, 0, 0, 0, 0],
	[0, 0, 0, 0, 0, 0, 0, 0],
	[0, 0, 0, 0, 0, 0, 0, 0],
	[0, 0, 0, 0, 0, 0, 0, 0],
	[0, 0, 0, 0, 0, 0, 0, 0],
	[0, 0, 0, 0, 0, 0, 0, 0],
	[0, 0, 0, 0, 0, 0, 0, 0],
	[0, 0, 0, 0, 0, 0, 0, 0],
	[0, 0, 0, 0, 0, 0, 0, 0],
	[0, 0, 0, 0, 0, 0, 0, 0],
	[0, 0, 0, 0, 0, 0, 0, 0],
	[0, 0, 0, 0, 0, 0, 0, 0],
	[0, 0, 0, 0, 0, 0, 0, 0],
	[0, 0, 0, 0, 0, 0, 0, 0],
	[0, 0, 0, 0, 0, 0, 0, 0],
	[0, 0, 0, 0, 0, 0, 0, 0],
	[0, 0, 0, 0, 0, 0, 0, 0],
	[0, 0, 0, 0, 0, 0, 0, 0],
	[0, 0, 0, 0, 0, 0, 0, 0],
	[0, 0, 0, 0, 0, 0, 0, 0],
	[0, 0, 0, 0, 0, 0, 0, 0],
	[0, 0, 0, 0, 0, 0, 0, 0],
	[0, 0, 0, 0, 0, 0, 0, 0],
	[0, 0, 0, 0, 0, 0, 0, 0],
	[0, 0, 0, 0, 0, 1.00, 2.25, 1.00],
	[0, 0, 0, 0, 0, 1.00, 2.25, 1.00],
	[0, 0, 0, 0, 0, 1.00, 2.25, 1.00],
	[0, 0, 0, 0, 0, 1.00, 2.25, 1.00],
	[2.00, 1.00, 0, 1.00, 0, 1.75, 5.25, 1.00],
	[2.00, 1.00, 0, 1.00, 0, 1.75, 5.25, 1.00],
	[2.00, 1.00, 0, 1.00, 0, 1.75, 5.25, 1.00],
	[2.00, 1.00, 0, 1.00, 0, 1.75, 5.25, 1.00],
	[2.75, 1.00, 0, 1.00, 1.00, 2.50, 7.00, 1.00],
	[2.75, 1.00, 0, 1.00, 1.00, 2.50, 7.00, 1.00],
	[2.75, 1.00, 0, 1.00, 1.00, 2.50, 7.00, 1.00],
	[2.75, 1.00, 0, 1.00, 1.00, 2.50, 7.00, 1.00],
	[3.75, 1.00, 0, 1.50, 1.25, 4.00, 10.50, 1.25],
	[3.75, 1.00, 0, 1.50, 1.25, 4.00, 10.50, 1.25],
	[3.75, 1.00, 0, 1.50, 1.25, 4.00, 10.50, 1.25],
	[3.75, 1.00, 0, 1.50, 1.25, 4.00, 10.50, 1.25],
	[4.25, 1.25, 3.25, 1.75, 1.50, 4.50, 11.50, 2.00],
	[4.25, 1.25, 3.25, 1.75, 1.50, 4.50, 11.50, 2.00],
	[4.25, 1.25, 3.25, 1.75, 1.50, 4.50, 11.50, 2.00],
	[4.25, 1.25, 3.25, 1.75, 1.50, 4.50, 11.50, 2.00],
	[4.50, 1.25, 3.50, 1.75, 1.75, 4.75, 12.25, 2.50],
	[4.50, 1.25, 3.50, 1.75, 1.75, 4.75, 12.25, 2.50],
	[4.50, 1.25, 3.50, 1.75, 1.75, 4.75, 12.25, 2.50],
	[4.50, 1.25, 3.50, 1.75, 1.75, 4.75, 12.25, 2.50],
	[4.50, 1.25, 3.50, 2.00, 1.75, 4.75, 12.50, 2.50],
	[4.50, 1.25, 3.50, 2.00, 1.75, 4.75, 12.50, 2.50],
	[4.50, 1.25, 3.50, 2.00, 1.75, 4.75, 12.50, 2.50],
	[4.50, 1.25, 3.50, 2.00, 1.75, 4.75, 12.50, 2.50],
	[4.50, 1.25, 3.50, 1.75, 1.50, 4.75, 12.25, 2.00],
	[4.50, 1.25, 3.50, 1.75, 1.50, 4.75, 12.25, 2.00],
	[4.50, 1.25, 3.50, 1.75, 1.50, 4.75, 12.25, 2.00],
	[4.50, 1.25, 3.50, 1.75, 1.50, 4.75, 12.25, 2.00],
	[0, 1.00, 3.25, 1.50, 1.25, 4.00, 0, 1.00],
	[0, 1.00, 3.25, 1.50, 1.25, 4.00, 0, 1.00],
	[0, 1.00, 3.25, 1.50, 1.25, 4.00, 0, 1.00],
	[0, 1.00, 3.25, 1.50, 1.25, 4.00, 0, 1.00],
	[0, 1.00, 0, 1.50, 1.50, 0, 0, 1.50],
	[0, 1.00, 0, 1.50, 1.50, 0, 0, 1.50],
	[0, 1.00, 0, 1.50, 1.50, 0, 0, 1.50],
	[0, 1.00, 0, 1.50, 1.50, 0, 0, 1.50],
	[0, 1.25, 0, 2.00, 0, 0, 0, 2.25],
	[0, 1.25, 0, 2.00, 0, 0, 0, 2.25],
	[0, 1.25, 0, 2.00, 0, 0, 0, 2.25],
	[0, 1.25, 0, 2.00, 0, 0, 0, 2.25],
	[0, 1.00, 0, 1.75, 0, 0, 0, 1.25],
	[0, 1.00, 0, 1.75, 0, 0, 0, 1.25],
	[0, 1.00, 0, 1.75, 0, 0, 0, 1.25],
	[0, 1.00, 0, 1.75, 0, 0, 0, 1.25],
	[0, 0, 0, 0, 0, 0, 0, 0],
	[0, 0, 0, 0, 0, 0, 0, 0],
	[0, 0, 0, 0, 0, 0, 0, 0],
	[0, 0, 0, 0, 0, 0, 0, 0],
	[0, 0, 0, 0, 0, 0, 0, 0],
	[0, 0, 0, 0, 0, 0, 0, 0],
	[0, 0, 0, 0, 0, 0, 0, 0],
	[0, 0, 0, 0, 0, 0, 0, 0],
	[0, 0, 0, 0, 0, 0, 0, 0],
	[0, 0, 0, 0, 0, 0, 0, 0],
	[0, 0, 0, 0, 0, 0, 0, 0],
	[0, 0, 0, 0, 0, 0, 0, 0],
	[0, 0, 0, 0, 0, 0, 0, 0],
	[0, 0, 0, 0, 0, 0, 0, 0],
	[0, 0, 0, 0, 0, 0, 0, 0],
	[0, 0, 0, 0, 0, 0, 0, 0] ]
overcost [
	[0, 0, 0, 0, 0, 0, 0, 0],
	[0, 0, 0, 0, 0, 0, 0, 0],
	[0, 0, 0, 0, 0, 0, 0, 0],
	[0, 0, 0, 0, 0, 0, 0, 0],
	[0, 0, 0, 0, 0, 0, 0, 0],
	[0, 0, 0, 0, 0, 0, 0, 0],
	[0, 0, 0, 0, 0, 0, 0, 0],
	[0, 0, 0, 0, 0, 0, 0, 0],
	[0, 0, 0, 0, 0, 0, 0, 0],
	[0, 0, 0, 0, 0, 0, 0, 0],
	[0, 0, 0, 0, 0, 0, 0, 0],
	[0, 0, 0, 0, 0, 0, 0, 0],
	[0, 0, 0, 0, 0, 0, 0, 0],
	[0, 0, 0, 0, 0, 0, 0, 0],
	[0, 0, 0, 0, 0, 0, 0, 0],
	[0, 0, 0, 0, 0, 0, 0, 0],
	[0, 0, 0, 0, 0, 0, 0, 0],
	[0, 0, 0, 0, 0, 0, 0, 0],
	[0, 0, 0, 0, 0, 0, 0, 0],
	[0, 0, 0, 0, 0, 0, 0, 0],
	[0, 0, 0, 0, 0, 0, 0, 0],
	[0, 0, 0, 0, 0, 0, 0, 0],
	[0, 0, 0, 0, 0, 0, 0, 0],
	[0, 0, 0, 0, 0, 0, 0, 0],
	[0, 0, 0, 0, 0, 0, 0, 0],
	[0, 0, 0, 0, 0, 0, 0, 0],
	[0, 0, 0, 0, 0, 0, 0, 0],
	[0, 0, 0, 0, 0, 0, 0, 0],
	[0, 0, 0, 0, 0, 0, 0, 0],
	[0, 0, 0, 0, 0, 0, 0, 0],
	[0, 0, 0, 0, 0, 0, 0, 0],
	[0, 0, 0, 0, 0, 0, 0, 0],
	[0, 0, 0, 0, 0, 5.230783e+00, 1.402063e+00, 8.238080e+00],
	[0, 0, 0, 0, 0, 5.230783e+00, 1.402063e+00, 8.238080e+00],
	[0, 0, 0, 0, 0, 5.230783e+00, 1.402063e+00, 8.238080e+00],
	[0, 0, 0, 0, 0, 5.230783e+00, 1.402063e+00, 8.238080e+00],
	[1.202660e+00, 7.640619e+00, 0, 5.453277e+00, 0, 1.618783e+00, 6.228631e-01, 8.044076e+00],
	[1.202660e+00, 7.640619e+00, 0, 5.453277e+00, 0, 1.618783e+00, 6.228631e-01, 8.044076e+00],
	[1.202660e+00, 7.640619e+00, 0, 5.453277e+00, 0, 1.618783e+00, 6.228631e-01, 8.044076e+00],
	[1.202660e+00, 7.640619e+00, 0, 5.453277e+00, 0, 1.618783e+00, 6.228631e-01, 8.044076e+00],
	[1.308356e+00, 5.461090e+00, 0, 3.331240e+00, 4.390966e+00, 1.247377e+00, 4.405255e-01, 8.001631e+00],
	[1.308356e+00, 5.461090e+00, 0, 3.331240e+00, 4.390966e+00, 1.247377e+00, 4.405255e-01, 8.001631e+00],
	[1.308356e+00, 5.461090e+00, 0, 3.331240e+00, 4.390966e+00, 1.247377e+00, 4.405255e-01, 8.001631e+00],
	[1.308356e+00, 5.461090e+00, 0, 3.331240e+00, 4.390966e+00, 1.247377e+00, 4.405255e-01, 8.001631e+00],
	[7.544319e-01, 2.496991e+00, 0, 1.972622e+00, 1.968282e+00, 1.016818e+00, 3.710319e-01, 1.927192e+00],
	[7.544319e-01, 2.496991e+00, 0, 1.972622e+00, 1.968282e+00, 1.016818e+00, 3.710319e-01, 1.927192e+00],
	[7.544319e-01, 2.496991e+00, 0, 1.972622e+00, 1.968282e+00, 1.016818e+00, 3.710319e-01, 1.927192e+00],
	[7.544319e-01, 2.496991e+00, 0, 1.972622e+00, 1.968282e+00, 1.016818e+00, 3.710319e-01, 1.927192e+00],
	[9.060146e-01, 2.106483e+00, 7.373275e-01, 1.623114e+00, 1.530651e+00, 9.401528e-01, 2.303136e-01, 9.506400e-01],
	[9.060146e-01, 2.106483e+00, 7.373275e-01, 1.623114e+00, 1.530651e+00, 9.401528e-01, 2.303136e-01, 9.506400e-01],
	[9.060146e-01, 2.106483e+00, 7.373275e-01, 1.623114e+00, 1.530651e+00, 9.401528e-01, 2.303136e-01, 9.506400e-01],
	[9.060146e-01, 2.106483e+00, 7.373275e-01, 1.623114e+00, 1.530651e+00, 9.401528e-01, 2.303136e-01, 9.506400e-01],
	[9.312355e-01, 1.704893e+00, 8.559824e-01, 1.221478e+00, 1.830482e+00, 8.892751e-01, 2.857245e-01, 1.262612e+00],
	[9.312355e-01, 1.704893e+00, 8.559824e-01, 1.221478e+00, 1.830482e+00, 8.892751e-01, 2.857245e-01, 1.262612e+00],
	[9.312355e-01, 1.704893e+00, 8.559824e-01, 1.221478e+00, 1.830482e+00, 8.892751e-01, 2.857245e-01, 1.262612e+00],
	[9.312355e-01, 1.704893e+00, 8.559824e-01, 1.221478e+00, 1.830482e+00, 8.892751e-01, 2.857245e-01, 1.262612e+00],
	[7.890503e-01, 1.630510e+00, 7.131801e-01, 1.757673e+00, 1.713529e+00, 7.596074e-01, 2.834655e-01, 1.197157e+00],
	[7.890503e-01, 1.630510e+00, 7.131801e-01, 1.757673e+00, 1.713529e+00, 7.596074e-01, 2.834655e-01, 1.197157e+00],
	[7.890503e-01, 1.630510e+00, 7.131801e-01, 1.757673e+00, 1.713529e+00, 7.596074e-01, 2.834655e-01, 1.197157e+00],
	[7.890503e-01, 1.630510e+00, 7.131801e-01, 1.757673e+00, 1.713529e+00, 7.596074e-01, 2.834655e-01, 1.197157e+00],
	[7.828001e-01, 1.981045e+00, 7.094067e-01, 1.346468e+00, 1.303404e+00, 8.564831e-01, 2.123604e-01, 1.184509e+00],
	[7.828001e-01, 1.981045e+00, 7.094067e-01, 1.346468e+00, 1.303404e+00, 8.564831e-01, 2.123604e-01, 1.184509e+00],
	[7.828001e-01, 1.981045e+00, 7.094067e-01, 1.346468e+00, 1.303404e+00, 8.564831e-01, 2.123604e-01, 1.184509e+00],
	[7.828001e-01, 1.981045e+00, 7.094067e-01, 1.346468e+00, 1.303404e+00, 8.564831e-01, 2.123604e-01, 1.184509e+00],
	[0, 2.622009e+00, 1.114323e+00, 1.922085e+00, 1.974617e+00, 8.957594e-01, 0, 1.903539e+00],
	[0, 2.622009e+00, 1.114323e+00, 1.922085e+00, 1.974617e+00, 8.957594e-01, 0, 1.903539e+00],
	[0, 2.622009e+00, 1.114323e+00, 1.922085e+00, 1.974617e+00, 8.957594e-01, 0, 1.903539e+00],
	[0, 2.622009e+00, 1.114323e+00, 1.922085e+00, 1.974617e+00, 8.957594e-01, 0, 1.903539e+00],
	[0, 2.013153e+00, 0, 1.385034e+00, 2.186084e+00, 0, 0, 1.937400e+00],
	[0, 2.013153e+00, 0, 1.385034e+00, 2.186084e+00, 0, 0, 1.937400e+00],
	[0, 2.013153e+00, 0, 1.385034e+00, 2.186084e+00, 0, 0, 1.937400e+00],
	[0, 2.013153e+00, 0, 1.385034e+00, 2.186084e+00, 0, 0, 1.937400e+00],
	[0, 1.611527e+00, 0, 1.702906e+00, 0, 0, 0, 1.255476e+00],
	[0, 1.611527e+00, 0, 1.702906e+00, 0, 0, 0, 1.255476e+00],
	[0, 1.611527e+00, 0, 1.702906e+00, 0, 0, 0, 1.255476e+00],
	[0, 1.611527e+00, 0, 1.702906e+00, 0, 0, 0, 1.255476e+00],
	[0, 1.679252e+00, 0, 1.756099e+00, 0, 0, 0, 1.878716e+00],
	[0, 1.679252e+00, 0, 1.756099e+00, 0, 0, 0, 1.878716e+00],
	[0, 1.679252e+00, 0, 1.756099e+00, 0, 0, 0, 1.878716e+00],
	[0, 1.679252e+00, 0, 1.756099e+00, 0, 0, 0, 1.878716e+00],
	[0, 0, 0, 0, 0, 0, 0, 0],
	[0, 0, 0, 0, 0, 0, 0, 0],
	[0, 0, 0, 0, 0, 0, 0, 0],
	[0, 0, 0, 0, 0, 0, 0, 0],
	[0, 0, 0, 0, 0, 0, 0, 0],
	[0, 0, 0, 0, 0, 0, 0, 0],
	[0, 0, 0, 0, 0, 0, 0, 0],
	[0, 0, 0, 0, 0, 0, 0, 0],
	[0, 0, 0, 0, 0, 0, 0, 0],
	[0, 0, 0, 0, 0, 0, 0, 0],
	[0, 0, 0, 0, 0, 0, 0, 0],
	[0, 0, 0, 0, 0, 0, 0, 0],
	[0, 0, 0, 0, 0, 0, 0, 0],
	[0, 0, 0, 0, 0, 0, 0, 0],
	[0, 0, 0, 0, 0, 0, 0, 0],
	[0, 0, 0, 0, 0, 0, 0, 0] ]
undercost [
	[0, 0, 0, 0, 0, 0, 0, 0],
	[0, 0, 0, 0, 0, 0, 0, 0],
	[0, 0, 0, 0, 0, 0, 0, 0],
	[0, 0, 0, 0, 0, 0, 0, 0],
	[0, 0, 0, 0, 0, 0, 0, 0],
	[0, 0, 0, 0, 0, 0, 0, 0],
	[0, 0, 0, 0, 0, 0, 0, 0],
	[0, 0, 0, 0, 0, 0, 0, 0],
	[0, 0, 0, 0, 0, 0, 0, 0],
	[0, 0, 0, 0, 0, 0, 0, 0],
	[0, 0, 0, 0, 0, 0, 0, 0],
	[0, 0, 0, 0, 0, 0, 0, 0],
	[0, 0, 0, 0, 0, 0, 0, 0],
	[0, 0, 0, 0, 0, 0, 0, 0],
	[0, 0, 0, 0, 0, 0, 0, 0],
	[0, 0, 0, 0, 0, 0, 0, 0],
	[0, 0, 0, 0, 0, 0, 0, 0],
	[0, 0, 0, 0, 0, 0, 0, 0],
	[0, 0, 0, 0, 0, 0, 0, 0],
	[0, 0, 0, 0, 0, 0, 0, 0],
	[0, 0, 0, 0, 0, 0, 0, 0],
	[0, 0, 0, 0, 0, 0, 0, 0],
	[0, 0, 0, 0, 0, 0, 0, 0],
	[0, 0, 0, 0, 0, 0, 0, 0],
	[0, 0, 0, 0, 0, 0, 0, 0],
	[0, 0, 0, 0, 0, 0, 0, 0],
	[0, 0, 0, 0, 0, 0, 0, 0],
	[0, 0, 0, 0, 0, 0, 0, 0],
	[0, 0, 0, 0, 0, 0, 0, 0],
	[0, 0, 0, 0, 0, 0, 0, 0],
	[0, 0, 0, 0, 0, 0, 0, 0],
	[0, 0, 0, 0, 0, 0, 0, 0],
	[0, 0, 0, 0, 0, 1.000000e+06, 1.698496e+00, 1.000000e+06],
	[0, 0, 0, 0, 0, 1.000000e+06, 1.698496e+00, 1.000000e+06],
	[0, 0, 0, 0, 0, 1.000000e+06, 1.698496e+00, 1.000000e+06],
	[0, 0, 0, 0, 0, 1.000000e+06, 1.698496e+00, 1.000000e+06],
	[3.079873e+00, 1.000000e+06, 0, 1.000000e+06, 0, 1.000000e+06, 6.476821e-01, 1.000000e+06],
	[3.079873e+00, 1.000000e+06, 0, 1.000000e+06, 0, 1.000000e+06, 6.476821e-01, 1.000000e+06],
	[3.079873e+00, 1.000000e+06, 0, 1.000000e+06, 0, 1.000000e+06, 6.476821e-01, 1.000000e+06],
	[3.079873e+00, 1.000000e+06, 0, 1.000000e+06, 0, 1.000000e+06, 6.476821e-01, 1.000000e+06],
	[1.527609e+00, 1.000000e+06, 0, 1.000000e+06, 1.000000e+06, 2.121005e+00, 5.120124e-01, 1.000000e+06],
	[1.527609e+00, 1.000000e+06, 0, 1.000000e+06, 1.000000e+06, 2.121005e+00, 5.120124e-01, 1.000000e+06],
	[1.527609e+00, 1.000000e+06, 0, 1.000000e+06, 1.000000e+06, 2.121005e+00, 5.120124e-01, 1.000000e+06],
	[1.527609e+00, 1.000000e+06, 0, 1.000000e+06, 1.000000e+06, 2.121005e+00, 5.120124e-01, 1.000000e+06],
	[1.334472e+00, 1.000000e+06, 0, 1.000000e+06, 1.000000e+06, 9.736038e-01, 2.569558e-01, 1.000000e+06],
	[1.334472e+00, 1.000000e+06, 0, 1.000000e+06, 1.000000e+06, 9.736038e-01, 2.569558e-01, 1.000000e+06],
	[1.334472e+00, 1.000000e+06, 0, 1.000000e+06, 1.000000e+06, 9.736038e-01, 2.569558e-01, 1.000000e+06],
	[1.334472e+00, 1.000000e+06, 0, 1.000000e+06, 1.000000e+06, 9.736038e-01, 2.569558e-01, 1.000000e+06],
	[8.830482e-01, 1.000000e+06, 1.571835e+00, 1.000000e+06, 1.000000e+06, 8.175015e-01, 3.495712e-01, 2.527667e+00],
	[8.830482e-01, 1.000000e+06, 1.571835e+00, 1.000000e+06, 1.000000e+06, 8.175015e-01, 3.495712e-01, 2.527667e+00],
	[8.830482e-01, 1.000000e+06, 1.571835e+00, 1.000000e+06, 1.000000e+06, 8.175015e-01, 3.495712e-01, 2.527667e+00],
	[8.830482e-01, 1.000000e+06, 1.571835e+00, 1.000000e+06, 1.000000e+06, 8.175015e-01, 3.495712e-01, 2.527667e+00],
	[7.445891e-01, 1.000000e+06, 1.240044e+00, 1.000000e+06, 1.000000e+06, 7.750563e-01, 2.544773e-01, 1.248663e+00],
	[7.445891e-01, 1.000000e+06, 1.240044e+00, 1.000000e+06, 1.000000e+06, 7.750563e-01, 2.544773e-01, 1.248663e+00],
	[7.445891e-01, 1.000000e+06, 1.240044e+00, 1.000000e+06, 1.000000e+06, 7.750563e-01, 2.544773e-01, 1.248663e+00],
	[7.445891e-01, 1.000000e+06, 1.240044e+00, 1.000000e+06, 1.000000e+06, 7.750563e-01, 2.544773e-01, 1.248663e+00],
	[9.097294e-01, 1.000000e+06, 1.413373e+00, 2.010941e+00, 1.000000e+06, 9.244397e-01, 2.457558e-01, 1.335101e+00],
	[9.097294e-01, 1.000000e+06, 1.413373e+00, 2.010941e+00, 1.000000e+06, 9.244397e-01, 2.457558e-01, 1.335101e+00],
	[9.097294e-01, 1.000000e+06, 1.413373e+00, 2.010941e+00, 1.000000e+06, 9.244397e-01, 2.457558e-01, 1.335101e+00],
	[9.097294e-01, 1.000000e+06, 1.413373e+00, 2.010941e+00, 1.000000e+06, 9.244397e-01, 2.457558e-01, 1.335101e+00],
	[9.181673e-01, 1.000000e+06, 1.419650e+00, 1.000000e+06, 1.000000e+06, 8.141271e-01, 3.321028e-01, 2.198196e+00],
	[9.181673e-01, 1.000000e+06, 1.419650e+00, 1.000000e+06, 1.000000e+06, 8.141271e-01, 3.321028e-01, 2.198196e+00],
	[9.181673e-01, 1.000000e+06, 1.419650e+00, 1.000000e+06, 1.000000e+06, 8.141271e-01, 3.321028e-01, 2.198196e+00],
	[9.181673e-01, 1.000000e+06, 1.419650e+00, 1.000000e+06, 1.000000e+06, 8.141271e-01, 3.321028e-01, 2.198196e+00],
	[0, 1.000000e+06, 1.111099e+00, 1.000000e+06, 1.000000e+06, 1.117451e+00, 0, 1.000000e+06],
	[0, 1.000000e+06, 1.111099e+00, 1.000000e+06, 1.000000e+06, 1.117451e+00, 0, 1.000000e+06],
	[0, 1.000000e+06, 1.111099e+00, 1.000000e+06, 1.000000e+06, 1.117451e+00, 0, 1.000000e+06],
	[0, 1.000000e+06, 1.111099e+00, 1.000000e+06, 1.000000e+06, 1.117451e+00, 0, 1.000000e+06],
	[0, 1.000000e+06, 0, 1.000000e+06, 1.000000e+06, 0, 0, 1.000000e+06],
	[0, 1.000000e+06, 0, 1.000000e+06, 1.000000e+06, 0, 0, 1.000000e+06],
	[0, 1.000000e+06, 0, 1.000000e+06, 1.000000e+06, 0, 0, 1.000000e+06],
	[0, 1.000000e+06, 0, 1.000000e+06, 1.000000e+06, 0, 0, 1.000000e+06],
	[0, 1.000000e+06, 0, 2.095810e+00, 0, 0, 0, 1.617912e+00],
	[0, 1.000000e+06, 0, 2.095810e+00, 0, 0, 0, 1.617912e+00],
	[0, 1.000000e+06, 0, 2.095810e+00, 0, 0, 0, 1.617912e+00],
	[0, 1.000000e+06, 0, 2.095810e+00, 0, 0, 0, 1.617912e+00],
	[0, 1.000000e+06, 0, 1.000000e+06, 0, 0, 0, 1.000000e+06],
	[0, 1.000000e+06, 0, 1.000000e+06, 0, 0, 0, 1.000000e+06],
	[0, 1.000000e+06, 0, 1.000000e+06, 0, 0, 0, 1.000000e+06],
	[0, 1.000000e+06, 0, 1.000000e+06, 0, 0, 0, 1.000000e+06],
	[0, 0, 0, 0, 0, 0, 0, 0],
	[0, 0, 0, 0, 0, 0, 0, 0],
	[0, 0, 0, 0, 0, 0, 0, 0],
	[0, 0, 0, 0, 0, 0, 0, 0],
	[0, 0, 0, 0, 0, 0, 0, 0],
	[0, 0, 0, 0, 0, 0, 0, 0],
	[0, 0, 0, 0, 0, 0, 0, 0],
	[0, 0, 0, 0, 0, 0, 0, 0],
	[0, 0, 0, 0, 0, 0, 0, 0],
	[0, 0, 0, 0, 0, 0, 0, 0],
	[0, 0, 0, 0, 0, 0, 0, 0],
	[0, 0, 0, 0, 0, 0, 0, 0],
	[0, 0, 0, 0, 0, 0, 0, 0],
	[0, 0, 0, 0, 0, 0, 0, 0],
	[0, 0, 0, 0, 0, 0, 0, 0],
	[0, 0, 0, 0, 0, 0, 0, 0] ]
