1253 1898 2161 2697 3832
SHOE
ACT	5
SHIFT	96
demand [
	[0, 0, 0, 0, 0],
	[0, 0, 0, 0, 0],
	[0, 0, 0, 0, 0],
	[0, 0, 0, 0, 0],
	[0, 0, 0, 0, 0],
	[0, 0, 0, 0, 0],
	[0, 0, 0, 0, 0],
	[0, 0, 0, 0, 0],
	[0, 0, 0, 0, 0],
	[0, 0, 0, 0, 0],
	[0, 0, 0, 0, 0],
	[0, 0, 0, 0, 0],
	[0, 0, 0, 0, 0],
	[0, 0, 0, 0, 0],
	[0, 0, 0, 0, 0],
	[0, 0, 0, 0, 0],
	[0, 0, 0, 0, 0],
	[0, 0, 0, 0, 0],
	[0, 0, 0, 0, 0],
	[0, 0, 0, 0, 0],
	[0, 0, 0, 0, 0],
	[0, 0, 0, 0, 0],
	[0, 0, 0, 0, 0],
	[0, 0, 0, 0, 0],
	[0, 0, 0, 0, 0],
	[0, 0, 0, 0, 0],
	[0, 0, 0, 0, 0],
	[0, 0, 0, 0, 0],
	[0, 0, 0, 0, 0],
	[0, 0, 0, 0, 0],
	[0, 0, 0, 0, 0],
	[0, 0, 0, 0, 0],
	[0, 0, 1.00, 0, 0],
	[0, 0, 1.00, 0, 0],
	[0, 0, 1.00, 0, 0],
	[0, 0, 1.00, 0, 0],
	[0, 1.00, 0, 1.00, 1.75],
	[0, 1.00, 0, 1.00, 1.75],
	[0, 1.00, 0, 1.00, 1.75],
	[0, 1.00, 0, 1.00, 1.75],
	[1.00, 1.00, 1.00, 1.00, 3.00],
	[1.00, 1.00, 1.00, 1.00, 3.00],
	[1.00, 1.00, 1.00, 1.00, 3.00],
	[1.00, 1.00, 1.00, 1.00, 3.00],
	[1.00, 1.00, 1.00, 1.25, 5.00],
	[1.00, 1.00, 1.00, 1.25, 5.00],
	[1.00, 1.00, 1.00, 1.25, 5.00],
	[1.00, 1.00, 1.00, 1.25, 5.00],
	[1.00, 1.00, 1.00, 1.75, 6.00],
	[1.00, 1.00, 1.00, 1.75, 6.00],
	[1.00, 1.00, 1.00, 1.75, 6.00],
	[1.00, 1.00, 1.00, 1.75, 6.00],
	[1.00, 1.00, 1.00, 2.00, 6.25],
	[1.00, 1.00, 1.00, 2.00, 6.25],
	[1.00, 1.00, 1.00, 2.00, 6.25],
	[1.00, 1.00, 1.00, 2.00, 6.25],
	[0, 1.00, 1.00, 2.00, 6.50],
	[0, 1.00, 1.00, 2.00, 6.50],
	[0, 1.00, 1.00, 2.00, 6.50],
	[0, 1.00, 1.00, 2.00, 6.50],
	[1.00, 1.00, 1.00, 1.75, 6.25],
	[1.00, 1.00, 1.00, 1.75, 6.25],
	[1.00, 1.00, 1.00, 1.75, 6.25],
	[1.00, 1.00, 1.00, 1.75, 6.25],
	[1.00, 1.00, 0, 1.25, 5.00],
	[1.00, 1.00, 0, 1.25, 5.00],
	[1.00, 1.00, 0, 1.25, 5.00],
	[1.00, 1.00, 0, 1.25, 5.00],
	[1.00, 1.00, 0, 0, 5.50],
	[1.00, 1.00, 0, 0, 5.50],
	[1.00, 1.00, 0, 0, 5.50],
	[1.00, 1.00, 0, 0, 5.50],
	[1.25, 1.00, 0, 0, 6.75],
	[1.25, 1.00, 0, 0, 6.75],
	[1.25, 1.00, 0, 0, 6.75],
	[1.25, 1.00, 0, 0, 6.75],
	[1.00, 1.00, 0, 0, 6.00],
	[1.00, 1.00, 0, 0, 6.00],
	[1.00, 1.00, 0, 0, 6.00],
	[1.00, 1.00, 0, 0, 6.00],
	[0, 1.00, 0, 0, 0],
	[0, 1.00, 0, 0, 0],
	[0, 1.00, 0, 0, 0],
	[0, 1.00, 0, 0, 0],
	[0, 0, 0, 0, 0],
	[0, 0, 0, 0, 0],
	[0, 0, 0, 0, 0],
	[0, 0, 0, 0, 0],
	[0, 0, 0, 0, 0],
	[0, 0, 0, 0, 0],
	[0, 0, 0, 0, 0],
	[0, 0, 0, 0, 0],
	[0, 0, 0, 0, 0],
	[0, 0, 0, 0, 0],
	[0, 0, 0, 0, 0],
	[0, 0, 0, 0, 0] ]
overcost [
	[0, 0, 0, 0, 0],
	[0, 0, 0, 0, 0],
	[0, 0, 0, 0, 0],
	[0, 0, 0, 0, 0],
	[0, 0, 0, 0, 0],
	[0, 0, 0, 0, 0],
	[0, 0, 0, 0, 0],
	[0, 0, 0, 0, 0],
	[0, 0, 0, 0, 0],
	[0, 0, 0, 0, 0],
	[0, 0, 0, 0, 0],
	[0, 0, 0, 0, 0],
	[0, 0, 0, 0, 0],
	[0, 0, 0, 0, 0],
	[0, 0, 0, 0, 0],
	[0, 0, 0, 0, 0],
	[0, 0, 0, 0, 0],
	[0, 0, 0, 0, 0],
	[0, 0, 0, 0, 0],
	[0, 0, 0, 0, 0],
	[0, 0, 0, 0, 0],
	[0, 0, 0, 0, 0],
	[0, 0, 0, 0, 0],
	[0, 0, 0, 0, 0],
	[0, 0, 0, 0, 0],
	[0, 0, 0, 0, 0],
	[0, 0, 0, 0, 0],
	[0, 0, 0, 0, 0],
	[0, 0, 0, 0, 0],
	[0, 0, 0, 0, 0],
	[0, 0, 0, 0, 0],
	[0, 0, 0, 0, 0],
	[0, 0, 1.103863e+01, 0, 0],
	[0, 0, 1.103863e+01, 0, 0],
	[0, 0, 1.103863e+01, 0, 0],
	[0, 0, 1.103863e+01, 0, 0],
	[0, 6.153694e+00, 0, 1.079906e+01, 1.581766e+00],
	[0, 6.153694e+00, 0, 1.079906e+01, 1.581766e+00],
	[0, 6.153694e+00, 0, 1.079906e+01, 1.581766e+00],
	[0, 6.153694e+00, 0, 1.079906e+01, 1.581766e+00],
	[5.327830e+00, 5.102152e+00, 7.311665e+00, 6.977212e+00, 1.230028e+00],
	[5.327830e+00, 5.102152e+00, 7.311665e+00, 6.977212e+00, 1.230028e+00],
	[5.327830e+00, 5.102152e+00, 7.311665e+00, 6.977212e+00, 1.230028e+00],
	[5.327830e+00, 5.102152e+00, 7.311665e+00, 6.977212e+00, 1.230028e+00],
	[2.833701e+00, 3.329397e+00, 5.345577e+00, 2.080185e+00, 5.569395e-01],
	[2.833701e+00, 3.329397e+00, 5.345577e+00, 2.080185e+00, 5.569395e-01],
	[2.833701e+00, 3.329397e+00, 5.345577e+00, 2.080185e+00, 5.569395e-01],
	[2.833701e+00, 3.329397e+00, 5.345577e+00, 2.080185e+00, 5.569395e-01],
	[1.835849e+00, 2.835741e+00, 4.643696e+00, 1.778139e+00, 5.708368e-01],
	[1.835849e+00, 2.835741e+00, 4.643696e+00, 1.778139e+00, 5.708368e-01],
	[1.835849e+00, 2.835741e+00, 4.643696e+00, 1.778139e+00, 5.708368e-01],
	[1.835849e+00, 2.835741e+00, 4.643696e+00, 1.778139e+00, 5.708368e-01],
	[1.452930e+00, 2.551177e+00, 4.336729e+00, 1.863695e+00, 3.882368e-01],
	[1.452930e+00, 2.551177e+00, 4.336729e+00, 1.863695e+00, 3.882368e-01],
	[1.452930e+00, 2.551177e+00, 4.336729e+00, 1.863695e+00, 3.882368e-01],
	[1.452930e+00, 2.551177e+00, 4.336729e+00, 1.863695e+00, 3.882368e-01],
	[0, 2.444659e+00, 4.263861e+00, 1.789231e+00, 5.158843e-01],
	[0, 2.444659e+00, 4.263861e+00, 1.789231e+00, 5.158843e-01],
	[0, 2.444659e+00, 4.263861e+00, 1.789231e+00, 5.158843e-01],
	[0, 2.444659e+00, 4.263861e+00, 1.789231e+00, 5.158843e-01],
	[1.670874e+00, 2.448853e+00, 4.432190e+00, 1.710423e+00, 5.093400e-01],
	[1.670874e+00, 2.448853e+00, 4.432190e+00, 1.710423e+00, 5.093400e-01],
	[1.670874e+00, 2.448853e+00, 4.432190e+00, 1.710423e+00, 5.093400e-01],
	[1.670874e+00, 2.448853e+00, 4.432190e+00, 1.710423e+00, 5.093400e-01],
	[2.903719e+00, 3.198981e+00, 0, 2.451055e+00, 5.360585e-01],
	[2.903719e+00, 3.198981e+00, 0, 2.451055e+00, 5.360585e-01],
	[2.903719e+00, 3.198981e+00, 0, 2.451055e+00, 5.360585e-01],
	[2.903719e+00, 3.198981e+00, 0, 2.451055e+00, 5.360585e-01],
	[2.391030e+00, 2.841759e+00, 0, 0, 4.989519e-01],
	[2.391030e+00, 2.841759e+00, 0, 0, 4.989519e-01],
	[2.391030e+00, 2.841759e+00, 0, 0, 4.989519e-01],
	[2.391030e+00, 2.841759e+00, 0, 0, 4.989519e-01],
	[2.118215e+00, 2.098351e+00, 0, 0, 5.680723e-01],
	[2.118215e+00, 2.098351e+00, 0, 0, 5.680723e-01],
	[2.118215e+00, 2.098351e+00, 0, 0, 5.680723e-01],
	[2.118215e+00, 2.098351e+00, 0, 0, 5.680723e-01],
	[2.044932e+00, 2.128089e+00, 0, 0, 4.219759e-01],
	[2.044932e+00, 2.128089e+00, 0, 0, 4.219759e-01],
	[2.044932e+00, 2.128089e+00, 0, 0, 4.219759e-01],
	[2.044932e+00, 2.128089e+00, 0, 0, 4.219759e-01],
	[0, 5.031350e+00, 0, 0, 0],
	[0, 5.031350e+00, 0, 0, 0],
	[0, 5.031350e+00, 0, 0, 0],
	[0, 5.031350e+00, 0, 0, 0],
	[0, 0, 0, 0, 0],
	[0, 0, 0, 0, 0],
	[0, 0, 0, 0, 0],
	[0, 0, 0, 0, 0],
	[0, 0, 0, 0, 0],
	[0, 0, 0, 0, 0],
	[0, 0, 0, 0, 0],
	[0, 0, 0, 0, 0],
	[0, 0, 0, 0, 0],
	[0, 0, 0, 0, 0],
	[0, 0, 0, 0, 0],
	[0, 0, 0, 0, 0] ]
undercost [
	[0, 0, 0, 0, 0],
	[0, 0, 0, 0, 0],
	[0, 0, 0, 0, 0],
	[0, 0, 0, 0, 0],
	[0, 0, 0, 0, 0],
	[0, 0, 0, 0, 0],
	[0, 0, 0, 0, 0],
	[0, 0, 0, 0, 0],
	[0, 0, 0, 0, 0],
	[0, 0, 0, 0, 0],
	[0, 0, 0, 0, 0],
	[0, 0, 0, 0, 0],
	[0, 0, 0, 0, 0],
	[0, 0, 0, 0, 0],
	[0, 0, 0, 0, 0],
	[0, 0, 0, 0, 0],
	[0, 0, 0, 0, 0],
	[0, 0, 0, 0, 0],
	[0, 0, 0, 0, 0],
	[0, 0, 0, 0, 0],
	[0, 0, 0, 0, 0],
	[0, 0, 0, 0, 0],
	[0, 0, 0, 0, 0],
	[0, 0, 0, 0, 0],
	[0, 0, 0, 0, 0],
	[0, 0, 0, 0, 0],
	[0, 0, 0, 0, 0],
	[0, 0, 0, 0, 0],
	[0, 0, 0, 0, 0],
	[0, 0, 0, 0, 0],
	[0, 0, 0, 0, 0],
	[0, 0, 0, 0, 0],
	[0, 0, 1.000000e+06, 0, 0],
	[0, 0, 1.000000e+06, 0, 0],
	[0, 0, 1.000000e+06, 0, 0],
	[0, 0, 1.000000e+06, 0, 0],
	[0, 1.000000e+06, 0, 1.000000e+06, 1.000000e+06],
	[0, 1.000000e+06, 0, 1.000000e+06, 1.000000e+06],
	[0, 1.000000e+06, 0, 1.000000e+06, 1.000000e+06],
	[0, 1.000000e+06, 0, 1.000000e+06, 1.000000e+06],
	[1.000000e+06, 1.000000e+06, 1.000000e+06, 1.000000e+06, 1.117155e+00],
	[1.000000e+06, 1.000000e+06, 1.000000e+06, 1.000000e+06, 1.117155e+00],
	[1.000000e+06, 1.000000e+06, 1.000000e+06, 1.000000e+06, 1.117155e+00],
	[1.000000e+06, 1.000000e+06, 1.000000e+06, 1.000000e+06, 1.117155e+00],
	[1.000000e+06, 1.000000e+06, 1.000000e+06, 1.000000e+06, 8.607934e-01],
	[1.000000e+06, 1.000000e+06, 1.000000e+06, 1.000000e+06, 8.607934e-01],
	[1.000000e+06, 1.000000e+06, 1.000000e+06, 1.000000e+06, 8.607934e-01],
	[1.000000e+06, 1.000000e+06, 1.000000e+06, 1.000000e+06, 8.607934e-01],
	[1.000000e+06, 1.000000e+06, 1.000000e+06, 1.000000e+06, 5.916140e-01],
	[1.000000e+06, 1.000000e+06, 1.000000e+06, 1.000000e+06, 5.916140e-01],
	[1.000000e+06, 1.000000e+06, 1.000000e+06, 1.000000e+06, 5.916140e-01],
	[1.000000e+06, 1.000000e+06, 1.000000e+06, 1.000000e+06, 5.916140e-01],
	[1.000000e+06, 1.000000e+06, 1.000000e+06, 2.302617e+00, 7.453145e-01],
	[1.000000e+06, 1.000000e+06, 1.000000e+06, 2.302617e+00, 7.453145e-01],
	[1.000000e+06, 1.000000e+06, 1.000000e+06, 2.302617e+00, 7.453145e-01],
	[1.000000e+06, 1.000000e+06, 1.000000e+06, 2.302617e+00, 7.453145e-01],
	[0, 1.000000e+06, 1.000000e+06, 2.408293e+00, 5.575317e-01],
	[0, 1.000000e+06, 1.000000e+06, 2.408293e+00, 5.575317e-01],
	[0, 1.000000e+06, 1.000000e+06, 2.408293e+00, 5.575317e-01],
	[0, 1.000000e+06, 1.000000e+06, 2.408293e+00, 5.575317e-01],
	[1.000000e+06, 1.000000e+06, 1.000000e+06, 1.000000e+06, 6.110482e-01],
	[1.000000e+06, 1.000000e+06, 1.000000e+06, 1.000000e+06, 6.110482e-01],
	[1.000000e+06, 1.000000e+06, 1.000000e+06, 1.000000e+06, 6.110482e-01],
	[1.000000e+06, 1.000000e+06, 1.000000e+06, 1.000000e+06, 6.110482e-01],
	[1.000000e+06, 1.000000e+06, 0, 1.000000e+06, 8.849719e-01],
	[1.000000e+06, 1.000000e+06, 0, 1.000000e+06, 8.849719e-01],
	[1.000000e+06, 1.000000e+06, 0, 1.000000e+06, 8.849719e-01],
	[1.000000e+06, 1.000000e+06, 0, 1.000000e+06, 8.849719e-01],
	[1.000000e+06, 1.000000e+06, 0, 0, 7.876658e-01],
	[1.000000e+06, 1.000000e+06, 0, 0, 7.876658e-01],
	[1.000000e+06, 1.000000e+06, 0, 0, 7.876658e-01],
	[1.000000e+06, 1.000000e+06, 0, 0, 7.876658e-01],
	[1.000000e+06, 1.000000e+06, 0, 0, 4.584803e-01],
	[1.000000e+06, 1.000000e+06, 0, 0, 4.584803e-01],
	[1.000000e+06, 1.000000e+06, 0, 0, 4.584803e-01],
	[1.000000e+06, 1.000000e+06, 0, 0, 4.584803e-01],
	[1.000000e+06, 1.000000e+06, 0, 0, 7.600612e-01],
	[1.000000e+06, 1.000000e+06, 0, 0, 7.600612e-01],
	[1.000000e+06, 1.000000e+06, 0, 0, 7.600612e-01],
	[1.000000e+06, 1.000000e+06, 0, 0, 7.600612e-01],
	[0, 1.000000e+06, 0, 0, 0],
	[0, 1.000000e+06, 0, 0, 0],
	[0, 1.000000e+06, 0, 0, 0],
	[0, 1.000000e+06, 0, 0, 0],
	[0, 0, 0, 0, 0],
	[0, 0, 0, 0, 0],
	[0, 0, 0, 0, 0],
	[0, 0, 0, 0, 0],
	[0, 0, 0, 0, 0],
	[0, 0, 0, 0, 0],
	[0, 0, 0, 0, 0],
	[0, 0, 0, 0, 0],
	[0, 0, 0, 0, 0],
	[0, 0, 0, 0, 0],
	[0, 0, 0, 0, 0],
	[0, 0, 0, 0, 0] ]
