222 579 669 1444 1596 1931 2387 2836 3628
SHOE
ACT	9
SHIFT	96
demand [
	[0, 0, 0, 0, 0, 0, 0, 0, 0],
	[0, 0, 0, 0, 0, 0, 0, 0, 0],
	[0, 0, 0, 0, 0, 0, 0, 0, 0],
	[0, 0, 0, 0, 0, 0, 0, 0, 0],
	[0, 0, 0, 0, 0, 0, 0, 0, 0],
	[0, 0, 0, 0, 0, 0, 0, 0, 0],
	[0, 0, 0, 0, 0, 0, 0, 0, 0],
	[0, 0, 0, 0, 0, 0, 0, 0, 0],
	[0, 0, 0, 0, 0, 0, 0, 0, 0],
	[0, 0, 0, 0, 0, 0, 0, 0, 0],
	[0, 0, 0, 0, 0, 0, 0, 0, 0],
	[0, 0, 0, 0, 0, 0, 0, 0, 0],
	[0, 0, 0, 0, 0, 0, 0, 0, 0],
	[0, 0, 0, 0, 0, 0, 0, 0, 0],
	[0, 0, 0, 0, 0, 0, 0, 0, 0],
	[0, 0, 0, 0, 0, 0, 0, 0, 0],
	[0, 0, 0, 0, 0, 0, 0, 0, 0],
	[0, 0, 0, 0, 0, 0, 0, 0, 0],
	[0, 0, 0, 0, 0, 0, 0, 0, 0],
	[0, 0, 0, 0, 0, 0, 0, 0, 0],
	[0, 0, 0, 0, 0, 0, 0, 0, 0],
	[0, 0, 0, 0, 0, 0, 0, 0, 0],
	[0, 0, 0, 0, 0, 0, 0, 0, 0],
	[0, 0, 0, 0, 0, 0, 0, 0, 0],
	[0, 0, 0, 0, 0, 0, 0, 0, 0],
	[0, 0, 0, 0, 0, 0, 0, 0, 0],
	[0, 0, 0, 0, 0, 0, 0, 0, 0],
	[0, 0, 0, 0, 0, 0, 0, 0, 0],
	[0, 0, 0, 0, 0, 0, 0, 0, 0],
	[0, 0, 0, 0, 0, 0, 0, 0, 0],
	[0, 0, 0, 0, 0, 0, 0, 0, 0],
	[0, 0, 0, 0, 0, 0, 0, 0, 0],
	[0, 0, 0, 1.00, 1.00, 0, 1.00, 1.00, 0],
	[0, 0, 0, 1.00, 1.00, 0, 1.00, 1.00, 0],
	[0, 0, 0, 1.00, 1.00, 0, 1.00, 1.00, 0],
	[0, 0, 0, 1.00, 1.00, 0, 1.00, 1.00, 0],
	[1.00, 1.00, 1.00, 1.00, 1.25, 0, 1.00, 1.00, 0],
	[1.00, 1.00, 1.00, 1.00, 1.25, 0, 1.00, 1.00, 0],
	[1.00, 1.00, 1.00, 1.00, 1.25, 0, 1.00, 1.00, 0],
	[1.00, 1.00, 1.00, 1.00, 1.25, 0, 1.00, 1.00, 0],
	[1.00, 1.00, 1.25, 1.25, 1.50, 1.00, 1.00, 1.00, 1.00],
	[1.00, 1.00, 1.25, 1.25, 1.50, 1.00, 1.00, 1.00, 1.00],
	[1.00, 1.00, 1.25, 1.25, 1.50, 1.00, 1.00, 1.00, 1.00],
	[1.00, 1.00, 1.25, 1.25, 1.50, 1.00, 1.00, 1.00, 1.00],
	[1.25, 1.00, 1.75, 1.75, 2.00, 1.00, 1.00, 1.00, 2.50],
	[1.25, 1.00, 1.75, 1.75, 2.00, 1.00, 1.00, 1.00, 2.50],
	[1.25, 1.00, 1.75, 1.75, 2.00, 1.00, 1.00, 1.00, 2.50],
	[1.25, 1.00, 1.75, 1.75, 2.00, 1.00, 1.00, 1.00, 2.50],
	[1.50, 1.25, 1.75, 1.75, 2.25, 1.00, 1.00, 1.00, 3.25],
	[1.50, 1.25, 1.75, 1.75, 2.25, 1.00, 1.00, 1.00, 3.25],
	[1.50, 1.25, 1.75, 1.75, 2.25, 1.00, 1.00, 1.00, 3.25],
	[1.50, 1.25, 1.75, 1.75, 2.25, 1.00, 1.00, 1.00, 3.25],
	[1.50, 1.25, 2.00, 1.75, 2.25, 1.25, 1.00, 1.00, 3.50],
	[1.50, 1.25, 2.00, 1.75, 2.25, 1.25, 1.00, 1.00, 3.50],
	[1.50, 1.25, 2.00, 1.75, 2.25, 1.25, 1.00, 1.00, 3.50],
	[1.50, 1.25, 2.00, 1.75, 2.25, 1.25, 1.00, 1.00, 3.50],
	[1.50, 1.25, 2.00, 1.75, 2.25, 1.25, 1.00, 1.00, 3.50],
	[1.50, 1.25, 2.00, 1.75, 2.25, 1.25, 1.00, 1.00, 3.50],
	[1.50, 1.25, 2.00, 1.75, 2.25, 1.25, 1.00, 1.00, 3.50],
	[1.50, 1.25, 2.00, 1.75, 2.25, 1.25, 1.00, 1.00, 3.50],
	[1.50, 1.25, 2.00, 2.00, 2.50, 1.00, 1.00, 1.00, 3.25],
	[1.50, 1.25, 2.00, 2.00, 2.50, 1.00, 1.00, 1.00, 3.25],
	[1.50, 1.25, 2.00, 2.00, 2.50, 1.00, 1.00, 1.00, 3.25],
	[1.50, 1.25, 2.00, 2.00, 2.50, 1.00, 1.00, 1.00, 3.25],
	[1.25, 1.00, 1.75, 1.75, 2.25, 1.00, 1.00, 1.00, 0],
	[1.25, 1.00, 1.75, 1.75, 2.25, 1.00, 1.00, 1.00, 0],
	[1.25, 1.00, 1.75, 1.75, 2.25, 1.00, 1.00, 1.00, 0],
	[1.25, 1.00, 1.75, 1.75, 2.25, 1.00, 1.00, 1.00, 0],
	[0, 0, 2.00, 1.75, 0, 1.00, 1.00, 0, 0],
	[0, 0, 2.00, 1.75, 0, 1.00, 1.00, 0, 0],
	[0, 0, 2.00, 1.75, 0, 1.00, 1.00, 0, 0],
	[0, 0, 2.00, 1.75, 0, 1.00, 1.00, 0, 0],
	[0, 0, 2.25, 2.00, 0, 1.25, 0, 0, 0],
	[0, 0, 2.25, 2.00, 0, 1.25, 0, 0, 0],
	[0, 0, 2.25, 2.00, 0, 1.25, 0, 0, 0],
	[0, 0, 2.25, 2.00, 0, 1.25, 0, 0, 0],
	[0, 0, 2.25, 2.25, 0, 1.00, 0, 0, 0],
	[0, 0, 2.25, 2.25, 0, 1.00, 0, 0, 0],
	[0, 0, 2.25, 2.25, 0, 1.00, 0, 0, 0],
	[0, 0, 2.25, 2.25, 0, 1.00, 0, 0, 0],
	[0, 0, 0, 0, 0, 1.00, 0, 0, 0],
	[0, 0, 0, 0, 0, 1.00, 0, 0, 0],
	[0, 0, 0, 0, 0, 1.00, 0, 0, 0],
	[0, 0, 0, 0, 0, 1.00, 0, 0, 0],
	[0, 0, 0, 0, 0, 0, 0, 0, 0],
	[0, 0, 0, 0, 0, 0, 0, 0, 0],
	[0, 0, 0, 0, 0, 0, 0, 0, 0],
	[0, 0, 0, 0, 0, 0, 0, 0, 0],
	[0, 0, 0, 0, 0, 0, 0, 0, 0],
	[0, 0, 0, 0, 0, 0, 0, 0, 0],
	[0, 0, 0, 0, 0, 0, 0, 0, 0],
	[0, 0, 0, 0, 0, 0, 0, 0, 0],
	[0, 0, 0, 0, 0, 0, 0, 0, 0],
	[0, 0, 0, 0, 0, 0, 0, 0, 0],
	[0, 0, 0, 0, 0, 0, 0, 0, 0],
	[0, 0, 0, 0, 0, 0, 0, 0, 0] ]
overcost [
	[0, 0, 0, 0, 0, 0, 0, 0, 0],
	[0, 0, 0, 0, 0, 0, 0, 0, 0],
	[0, 0, 0, 0, 0, 0, 0, 0, 0],
	[0, 0, 0, 0, 0, 0, 0, 0, 0],
	[0, 0, 0, 0, 0, 0, 0, 0, 0],
	[0, 0, 0, 0, 0, 0, 0, 0, 0],
	[0, 0, 0, 0, 0, 0, 0, 0, 0],
	[0, 0, 0, 0, 0, 0, 0, 0, 0],
	[0, 0, 0, 0, 0, 0, 0, 0, 0],
	[0, 0, 0, 0, 0, 0, 0, 0, 0],
	[0, 0, 0, 0, 0, 0, 0, 0, 0],
	[0, 0, 0, 0, 0, 0, 0, 0, 0],
	[0, 0, 0, 0, 0, 0, 0, 0, 0],
	[0, 0, 0, 0, 0, 0, 0, 0, 0],
	[0, 0, 0, 0, 0, 0, 0, 0, 0],
	[0, 0, 0, 0, 0, 0, 0, 0, 0],
	[0, 0, 0, 0, 0, 0, 0, 0, 0],
	[0, 0, 0, 0, 0, 0, 0, 0, 0],
	[0, 0, 0, 0, 0, 0, 0, 0, 0],
	[0, 0, 0, 0, 0, 0, 0, 0, 0],
	[0, 0, 0, 0, 0, 0, 0, 0, 0],
	[0, 0, 0, 0, 0, 0, 0, 0, 0],
	[0, 0, 0, 0, 0, 0, 0, 0, 0],
	[0, 0, 0, 0, 0, 0, 0, 0, 0],
	[0, 0, 0, 0, 0, 0, 0, 0, 0],
	[0, 0, 0, 0, 0, 0, 0, 0, 0],
	[0, 0, 0, 0, 0, 0, 0, 0, 0],
	[0, 0, 0, 0, 0, 0, 0, 0, 0],
	[0, 0, 0, 0, 0, 0, 0, 0, 0],
	[0, 0, 0, 0, 0, 0, 0, 0, 0],
	[0, 0, 0, 0, 0, 0, 0, 0, 0],
	[0, 0, 0, 0, 0, 0, 0, 0, 0],
	[0, 0, 0, 5.354680e+00, 4.227225e+00, 0, 9.124649e+00, 1.118616e+01, 0],
	[0, 0, 0, 5.354680e+00, 4.227225e+00, 0, 9.124649e+00, 1.118616e+01, 0],
	[0, 0, 0, 5.354680e+00, 4.227225e+00, 0, 9.124649e+00, 1.118616e+01, 0],
	[0, 0, 0, 5.354680e+00, 4.227225e+00, 0, 9.124649e+00, 1.118616e+01, 0],
	[5.690626e+00, 8.176997e+00, 3.202071e+00, 2.447624e+00, 2.029000e+00, 0, 6.419015e+00, 1.099210e+01, 0],
	[5.690626e+00, 8.176997e+00, 3.202071e+00, 2.447624e+00, 2.029000e+00, 0, 6.419015e+00, 1.099210e+01, 0],
	[5.690626e+00, 8.176997e+00, 3.202071e+00, 2.447624e+00, 2.029000e+00, 0, 6.419015e+00, 1.099210e+01, 0],
	[5.690626e+00, 8.176997e+00, 3.202071e+00, 2.447624e+00, 2.029000e+00, 0, 6.419015e+00, 1.099210e+01, 0],
	[3.826382e+00, 6.044546e+00, 2.498854e+00, 2.139859e+00, 1.628046e+00, 5.486804e+00, 5.065608e+00, 1.094103e+01, 2.040379e+00],
	[3.826382e+00, 6.044546e+00, 2.498854e+00, 2.139859e+00, 1.628046e+00, 5.486804e+00, 5.065608e+00, 1.094103e+01, 2.040379e+00],
	[3.826382e+00, 6.044546e+00, 2.498854e+00, 2.139859e+00, 1.628046e+00, 5.486804e+00, 5.065608e+00, 1.094103e+01, 2.040379e+00],
	[3.826382e+00, 6.044546e+00, 2.498854e+00, 2.139859e+00, 1.628046e+00, 5.486804e+00, 5.065608e+00, 1.094103e+01, 2.040379e+00],
	[1.915363e+00, 2.877454e+00, 1.716982e+00, 1.837071e+00, 1.164164e+00, 2.830208e+00, 2.903083e+00, 6.176060e+00, 1.344629e+00],
	[1.915363e+00, 2.877454e+00, 1.716982e+00, 1.837071e+00, 1.164164e+00, 2.830208e+00, 2.903083e+00, 6.176060e+00, 1.344629e+00],
	[1.915363e+00, 2.877454e+00, 1.716982e+00, 1.837071e+00, 1.164164e+00, 2.830208e+00, 2.903083e+00, 6.176060e+00, 1.344629e+00],
	[1.915363e+00, 2.877454e+00, 1.716982e+00, 1.837071e+00, 1.164164e+00, 2.830208e+00, 2.903083e+00, 6.176060e+00, 1.344629e+00],
	[1.935799e+00, 2.613770e+00, 1.213510e+00, 1.630011e+00, 1.426605e+00, 1.806363e+00, 2.146621e+00, 3.212276e+00, 1.193312e+00],
	[1.935799e+00, 2.613770e+00, 1.213510e+00, 1.630011e+00, 1.426605e+00, 1.806363e+00, 2.146621e+00, 3.212276e+00, 1.193312e+00],
	[1.935799e+00, 2.613770e+00, 1.213510e+00, 1.630011e+00, 1.426605e+00, 1.806363e+00, 2.146621e+00, 3.212276e+00, 1.193312e+00],
	[1.935799e+00, 2.613770e+00, 1.213510e+00, 1.630011e+00, 1.426605e+00, 1.806363e+00, 2.146621e+00, 3.212276e+00, 1.193312e+00],
	[1.539001e+00, 2.168624e+00, 1.587766e+00, 1.371950e+00, 1.161456e+00, 2.217802e+00, 1.804362e+00, 2.371901e+00, 1.087216e+00],
	[1.539001e+00, 2.168624e+00, 1.587766e+00, 1.371950e+00, 1.161456e+00, 2.217802e+00, 1.804362e+00, 2.371901e+00, 1.087216e+00],
	[1.539001e+00, 2.168624e+00, 1.587766e+00, 1.371950e+00, 1.161456e+00, 2.217802e+00, 1.804362e+00, 2.371901e+00, 1.087216e+00],
	[1.539001e+00, 2.168624e+00, 1.587766e+00, 1.371950e+00, 1.161456e+00, 2.217802e+00, 1.804362e+00, 2.371901e+00, 1.087216e+00],
	[1.419595e+00, 2.057501e+00, 1.482686e+00, 1.267669e+00, 1.035785e+00, 2.150468e+00, 1.709606e+00, 2.328200e+00, 9.674030e-01],
	[1.419595e+00, 2.057501e+00, 1.482686e+00, 1.267669e+00, 1.035785e+00, 2.150468e+00, 1.709606e+00, 2.328200e+00, 9.674030e-01],
	[1.419595e+00, 2.057501e+00, 1.482686e+00, 1.267669e+00, 1.035785e+00, 2.150468e+00, 1.709606e+00, 2.328200e+00, 9.674030e-01],
	[1.419595e+00, 2.057501e+00, 1.482686e+00, 1.267669e+00, 1.035785e+00, 2.150468e+00, 1.709606e+00, 2.328200e+00, 9.674030e-01],
	[1.565555e+00, 2.387541e+00, 1.454292e+00, 1.773698e+00, 1.484079e+00, 1.636933e+00, 1.864071e+00, 3.540173e+00, 1.005387e+00],
	[1.565555e+00, 2.387541e+00, 1.454292e+00, 1.773698e+00, 1.484079e+00, 1.636933e+00, 1.864071e+00, 3.540173e+00, 1.005387e+00],
	[1.565555e+00, 2.387541e+00, 1.454292e+00, 1.773698e+00, 1.484079e+00, 1.636933e+00, 1.864071e+00, 3.540173e+00, 1.005387e+00],
	[1.565555e+00, 2.387541e+00, 1.454292e+00, 1.773698e+00, 1.484079e+00, 1.636933e+00, 1.864071e+00, 3.540173e+00, 1.005387e+00],
	[1.839212e+00, 2.917597e+00, 1.582681e+00, 1.649003e+00, 1.543759e+00, 2.925832e+00, 2.873045e+00, 6.953264e+00, 0],
	[1.839212e+00, 2.917597e+00, 1.582681e+00, 1.649003e+00, 1.543759e+00, 2.925832e+00, 2.873045e+00, 6.953264e+00, 0],
	[1.839212e+00, 2.917597e+00, 1.582681e+00, 1.649003e+00, 1.543759e+00, 2.925832e+00, 2.873045e+00, 6.953264e+00, 0],
	[1.839212e+00, 2.917597e+00, 1.582681e+00, 1.649003e+00, 1.543759e+00, 2.925832e+00, 2.873045e+00, 6.953264e+00, 0],
	[0, 0, 1.832898e+00, 1.305524e+00, 0, 2.372729e+00, 2.428009e+00, 0, 0],
	[0, 0, 1.832898e+00, 1.305524e+00, 0, 2.372729e+00, 2.428009e+00, 0, 0],
	[0, 0, 1.832898e+00, 1.305524e+00, 0, 2.372729e+00, 2.428009e+00, 0, 0],
	[0, 0, 1.832898e+00, 1.305524e+00, 0, 2.372729e+00, 2.428009e+00, 0, 0],
	[0, 0, 1.626745e+00, 1.338177e+00, 0, 2.058686e+00, 0, 0, 0],
	[0, 0, 1.626745e+00, 1.338177e+00, 0, 2.058686e+00, 0, 0, 0],
	[0, 0, 1.626745e+00, 1.338177e+00, 0, 2.058686e+00, 0, 0, 0],
	[0, 0, 1.626745e+00, 1.338177e+00, 0, 2.058686e+00, 0, 0, 0],
	[0, 0, 1.491956e+00, 1.509738e+00, 0, 1.938275e+00, 0, 0, 0],
	[0, 0, 1.491956e+00, 1.509738e+00, 0, 1.938275e+00, 0, 0, 0],
	[0, 0, 1.491956e+00, 1.509738e+00, 0, 1.938275e+00, 0, 0, 0],
	[0, 0, 1.491956e+00, 1.509738e+00, 0, 1.938275e+00, 0, 0, 0],
	[0, 0, 0, 0, 0, 8.532334e+00, 0, 0, 0],
	[0, 0, 0, 0, 0, 8.532334e+00, 0, 0, 0],
	[0, 0, 0, 0, 0, 8.532334e+00, 0, 0, 0],
	[0, 0, 0, 0, 0, 8.532334e+00, 0, 0, 0],
	[0, 0, 0, 0, 0, 0, 0, 0, 0],
	[0, 0, 0, 0, 0, 0, 0, 0, 0],
	[0, 0, 0, 0, 0, 0, 0, 0, 0],
	[0, 0, 0, 0, 0, 0, 0, 0, 0],
	[0, 0, 0, 0, 0, 0, 0, 0, 0],
	[0, 0, 0, 0, 0, 0, 0, 0, 0],
	[0, 0, 0, 0, 0, 0, 0, 0, 0],
	[0, 0, 0, 0, 0, 0, 0, 0, 0],
	[0, 0, 0, 0, 0, 0, 0, 0, 0],
	[0, 0, 0, 0, 0, 0, 0, 0, 0],
	[0, 0, 0, 0, 0, 0, 0, 0, 0],
	[0, 0, 0, 0, 0, 0, 0, 0, 0] ]
undercost [
	[0, 0, 0, 0, 0, 0, 0, 0, 0],
	[0, 0, 0, 0, 0, 0, 0, 0, 0],
	[0, 0, 0, 0, 0, 0, 0, 0, 0],
	[0, 0, 0, 0, 0, 0, 0, 0, 0],
	[0, 0, 0, 0, 0, 0, 0, 0, 0],
	[0, 0, 0, 0, 0, 0, 0, 0, 0],
	[0, 0, 0, 0, 0, 0, 0, 0, 0],
	[0, 0, 0, 0, 0, 0, 0, 0, 0],
	[0, 0, 0, 0, 0, 0, 0, 0, 0],
	[0, 0, 0, 0, 0, 0, 0, 0, 0],
	[0, 0, 0, 0, 0, 0, 0, 0, 0],
	[0, 0, 0, 0, 0, 0, 0, 0, 0],
	[0, 0, 0, 0, 0, 0, 0, 0, 0],
	[0, 0, 0, 0, 0, 0, 0, 0, 0],
	[0, 0, 0, 0, 0, 0, 0, 0, 0],
	[0, 0, 0, 0, 0, 0, 0, 0, 0],
	[0, 0, 0, 0, 0, 0, 0, 0, 0],
	[0, 0, 0, 0, 0, 0, 0, 0, 0],
	[0, 0, 0, 0, 0, 0, 0, 0, 0],
	[0, 0, 0, 0, 0, 0, 0, 0, 0],
	[0, 0, 0, 0, 0, 0, 0, 0, 0],
	[0, 0, 0, 0, 0, 0, 0, 0, 0],
	[0, 0, 0, 0, 0, 0, 0, 0, 0],
	[0, 0, 0, 0, 0, 0, 0, 0, 0],
	[0, 0, 0, 0, 0, 0, 0, 0, 0],
	[0, 0, 0, 0, 0, 0, 0, 0, 0],
	[0, 0, 0, 0, 0, 0, 0, 0, 0],
	[0, 0, 0, 0, 0, 0, 0, 0, 0],
	[0, 0, 0, 0, 0, 0, 0, 0, 0],
	[0, 0, 0, 0, 0, 0, 0, 0, 0],
	[0, 0, 0, 0, 0, 0, 0, 0, 0],
	[0, 0, 0, 0, 0, 0, 0, 0, 0],
	[0, 0, 0, 1.000000e+06, 1.000000e+06, 0, 1.000000e+06, 1.000000e+06, 0],
	[0, 0, 0, 1.000000e+06, 1.000000e+06, 0, 1.000000e+06, 1.000000e+06, 0],
	[0, 0, 0, 1.000000e+06, 1.000000e+06, 0, 1.000000e+06, 1.000000e+06, 0],
	[0, 0, 0, 1.000000e+06, 1.000000e+06, 0, 1.000000e+06, 1.000000e+06, 0],
	[1.000000e+06, 1.000000e+06, 1.000000e+06, 1.000000e+06, 1.000000e+06, 0, 1.000000e+06, 1.000000e+06, 0],
	[1.000000e+06, 1.000000e+06, 1.000000e+06, 1.000000e+06, 1.000000e+06, 0, 1.000000e+06, 1.000000e+06, 0],
	[1.000000e+06, 1.000000e+06, 1.000000e+06, 1.000000e+06, 1.000000e+06, 0, 1.000000e+06, 1.000000e+06, 0],
	[1.000000e+06, 1.000000e+06, 1.000000e+06, 1.000000e+06, 1.000000e+06, 0, 1.000000e+06, 1.000000e+06, 0],
	[1.000000e+06, 1.000000e+06, 1.000000e+06, 1.000000e+06, 1.000000e+06, 1.000000e+06, 1.000000e+06, 1.000000e+06, 1.000000e+06],
	[1.000000e+06, 1.000000e+06, 1.000000e+06, 1.000000e+06, 1.000000e+06, 1.000000e+06, 1.000000e+06, 1.000000e+06, 1.000000e+06],
	[1.000000e+06, 1.000000e+06, 1.000000e+06, 1.000000e+06, 1.000000e+06, 1.000000e+06, 1.000000e+06, 1.000000e+06, 1.000000e+06],
	[1.000000e+06, 1.000000e+06, 1.000000e+06, 1.000000e+06, 1.000000e+06, 1.000000e+06, 1.000000e+06, 1.000000e+06, 1.000000e+06],
	[1.000000e+06, 1.000000e+06, 1.000000e+06, 1.000000e+06, 2.856837e+00, 1.000000e+06, 1.000000e+06, 1.000000e+06, 1.974486e+00],
	[1.000000e+06, 1.000000e+06, 1.000000e+06, 1.000000e+06, 2.856837e+00, 1.000000e+06, 1.000000e+06, 1.000000e+06, 1.974486e+00],
	[1.000000e+06, 1.000000e+06, 1.000000e+06, 1.000000e+06, 2.856837e+00, 1.000000e+06, 1.000000e+06, 1.000000e+06, 1.974486e+00],
	[1.000000e+06, 1.000000e+06, 1.000000e+06, 1.000000e+06, 2.856837e+00, 1.000000e+06, 1.000000e+06, 1.000000e+06, 1.974486e+00],
	[1.000000e+06, 1.000000e+06, 1.000000e+06, 1.000000e+06, 1.923867e+00, 1.000000e+06, 1.000000e+06, 1.000000e+06, 1.266926e+00],
	[1.000000e+06, 1.000000e+06, 1.000000e+06, 1.000000e+06, 1.923867e+00, 1.000000e+06, 1.000000e+06, 1.000000e+06, 1.266926e+00],
	[1.000000e+06, 1.000000e+06, 1.000000e+06, 1.000000e+06, 1.923867e+00, 1.000000e+06, 1.000000e+06, 1.000000e+06, 1.266926e+00],
	[1.000000e+06, 1.000000e+06, 1.000000e+06, 1.000000e+06, 1.923867e+00, 1.000000e+06, 1.000000e+06, 1.000000e+06, 1.266926e+00],
	[1.000000e+06, 1.000000e+06, 2.456672e+00, 1.000000e+06, 2.281452e+00, 1.000000e+06, 1.000000e+06, 1.000000e+06, 1.194904e+00],
	[1.000000e+06, 1.000000e+06, 2.456672e+00, 1.000000e+06, 2.281452e+00, 1.000000e+06, 1.000000e+06, 1.000000e+06, 1.194904e+00],
	[1.000000e+06, 1.000000e+06, 2.456672e+00, 1.000000e+06, 2.281452e+00, 1.000000e+06, 1.000000e+06, 1.000000e+06, 1.194904e+00],
	[1.000000e+06, 1.000000e+06, 2.456672e+00, 1.000000e+06, 2.281452e+00, 1.000000e+06, 1.000000e+06, 1.000000e+06, 1.194904e+00],
	[1.000000e+06, 1.000000e+06, 2.604588e+00, 1.000000e+06, 2.451646e+00, 1.000000e+06, 1.000000e+06, 1.000000e+06, 1.340427e+00],
	[1.000000e+06, 1.000000e+06, 2.604588e+00, 1.000000e+06, 2.451646e+00, 1.000000e+06, 1.000000e+06, 1.000000e+06, 1.340427e+00],
	[1.000000e+06, 1.000000e+06, 2.604588e+00, 1.000000e+06, 2.451646e+00, 1.000000e+06, 1.000000e+06, 1.000000e+06, 1.340427e+00],
	[1.000000e+06, 1.000000e+06, 2.604588e+00, 1.000000e+06, 2.451646e+00, 1.000000e+06, 1.000000e+06, 1.000000e+06, 1.340427e+00],
	[1.000000e+06, 1.000000e+06, 2.656920e+00, 1.989512e+00, 1.444662e+00, 1.000000e+06, 1.000000e+06, 1.000000e+06, 1.500338e+00],
	[1.000000e+06, 1.000000e+06, 2.656920e+00, 1.989512e+00, 1.444662e+00, 1.000000e+06, 1.000000e+06, 1.000000e+06, 1.500338e+00],
	[1.000000e+06, 1.000000e+06, 2.656920e+00, 1.989512e+00, 1.444662e+00, 1.000000e+06, 1.000000e+06, 1.000000e+06, 1.500338e+00],
	[1.000000e+06, 1.000000e+06, 2.656920e+00, 1.989512e+00, 1.444662e+00, 1.000000e+06, 1.000000e+06, 1.000000e+06, 1.500338e+00],
	[1.000000e+06, 1.000000e+06, 1.000000e+06, 1.000000e+06, 1.778434e+00, 1.000000e+06, 1.000000e+06, 1.000000e+06, 0],
	[1.000000e+06, 1.000000e+06, 1.000000e+06, 1.000000e+06, 1.778434e+00, 1.000000e+06, 1.000000e+06, 1.000000e+06, 0],
	[1.000000e+06, 1.000000e+06, 1.000000e+06, 1.000000e+06, 1.778434e+00, 1.000000e+06, 1.000000e+06, 1.000000e+06, 0],
	[1.000000e+06, 1.000000e+06, 1.000000e+06, 1.000000e+06, 1.778434e+00, 1.000000e+06, 1.000000e+06, 1.000000e+06, 0],
	[0, 0, 2.134839e+00, 1.000000e+06, 0, 1.000000e+06, 1.000000e+06, 0, 0],
	[0, 0, 2.134839e+00, 1.000000e+06, 0, 1.000000e+06, 1.000000e+06, 0, 0],
	[0, 0, 2.134839e+00, 1.000000e+06, 0, 1.000000e+06, 1.000000e+06, 0, 0],
	[0, 0, 2.134839e+00, 1.000000e+06, 0, 1.000000e+06, 1.000000e+06, 0, 0],
	[0, 0, 1.851618e+00, 2.611020e+00, 0, 1.000000e+06, 0, 0, 0],
	[0, 0, 1.851618e+00, 2.611020e+00, 0, 1.000000e+06, 0, 0, 0],
	[0, 0, 1.851618e+00, 2.611020e+00, 0, 1.000000e+06, 0, 0, 0],
	[0, 0, 1.851618e+00, 2.611020e+00, 0, 1.000000e+06, 0, 0, 0],
	[0, 0, 2.054138e+00, 1.854650e+00, 0, 1.000000e+06, 0, 0, 0],
	[0, 0, 2.054138e+00, 1.854650e+00, 0, 1.000000e+06, 0, 0, 0],
	[0, 0, 2.054138e+00, 1.854650e+00, 0, 1.000000e+06, 0, 0, 0],
	[0, 0, 2.054138e+00, 1.854650e+00, 0, 1.000000e+06, 0, 0, 0],
	[0, 0, 0, 0, 0, 1.000000e+06, 0, 0, 0],
	[0, 0, 0, 0, 0, 1.000000e+06, 0, 0, 0],
	[0, 0, 0, 0, 0, 1.000000e+06, 0, 0, 0],
	[0, 0, 0, 0, 0, 1.000000e+06, 0, 0, 0],
	[0, 0, 0, 0, 0, 0, 0, 0, 0],
	[0, 0, 0, 0, 0, 0, 0, 0, 0],
	[0, 0, 0, 0, 0, 0, 0, 0, 0],
	[0, 0, 0, 0, 0, 0, 0, 0, 0],
	[0, 0, 0, 0, 0, 0, 0, 0, 0],
	[0, 0, 0, 0, 0, 0, 0, 0, 0],
	[0, 0, 0, 0, 0, 0, 0, 0, 0],
	[0, 0, 0, 0, 0, 0, 0, 0, 0],
	[0, 0, 0, 0, 0, 0, 0, 0, 0],
	[0, 0, 0, 0, 0, 0, 0, 0, 0],
	[0, 0, 0, 0, 0, 0, 0, 0, 0],
	[0, 0, 0, 0, 0, 0, 0, 0, 0] ]
