418 947 2610 2621 3500
SHOE
ACT	5
SHIFT	96
demand [
	[0, 0, 0, 0, 0],
	[0, 0, 0, 0, 0],
	[0, 0, 0, 0, 0],
	[0, 0, 0, 0, 0],
	[0, 0, 0, 0, 0],
	[0, 0, 0, 0, 0],
	[0, 0, 0, 0, 0],
	[0, 0, 0, 0, 0],
	[0, 0, 0, 0, 0],
	[0, 0, 0, 0, 0],
	[0, 0, 0, 0, 0],
	[0, 0, 0, 0, 0],
	[0, 0, 0, 0, 0],
	[0, 0, 0, 0, 0],
	[0, 0, 0, 0, 0],
	[0, 0, 0, 0, 0],
	[0, 0, 0, 0, 0],
	[0, 0, 0, 0, 0],
	[0, 0, 0, 0, 0],
	[0, 0, 0, 0, 0],
	[0, 0, 0, 0, 0],
	[0, 0, 0, 0, 0],
	[0, 0, 0, 0, 0],
	[0, 0, 0, 0, 0],
	[0, 0, 0, 0, 0],
	[0, 0, 0, 0, 0],
	[0, 0, 0, 0, 0],
	[0, 0, 0, 0, 0],
	[0, 0, 0, 0, 0],
	[0, 0, 0, 0, 0],
	[0, 0, 0, 0, 0],
	[0, 0, 0, 0, 0],
	[0, 0, 0, 0, 1.00],
	[0, 0, 0, 0, 1.00],
	[0, 0, 0, 0, 1.00],
	[0, 0, 0, 0, 1.00],
	[0, 0, 1.00, 1.00, 1.00],
	[0, 0, 1.00, 1.00, 1.00],
	[0, 0, 1.00, 1.00, 1.00],
	[0, 0, 1.00, 1.00, 1.00],
	[1.50, 0, 0, 1.00, 1.25],
	[1.50, 0, 0, 1.00, 1.25],
	[1.50, 0, 0, 1.00, 1.25],
	[1.50, 0, 0, 1.00, 1.25],
	[2.25, 4.75, 1.00, 0, 2.75],
	[2.25, 4.75, 1.00, 0, 2.75],
	[2.25, 4.75, 1.00, 0, 2.75],
	[2.25, 4.75, 1.00, 0, 2.75],
	[2.25, 4.75, 1.00, 0, 3.25],
	[2.25, 4.75, 1.00, 0, 3.25],
	[2.25, 4.75, 1.00, 0, 3.25],
	[2.25, 4.75, 1.00, 0, 3.25],
	[2.50, 5.00, 1.25, 1.00, 3.75],
	[2.50, 5.00, 1.25, 1.00, 3.75],
	[2.50, 5.00, 1.25, 1.00, 3.75],
	[2.50, 5.00, 1.25, 1.00, 3.75],
	[2.50, 5.00, 1.25, 0, 3.75],
	[2.50, 5.00, 1.25, 0, 3.75],
	[2.50, 5.00, 1.25, 0, 3.75],
	[2.50, 5.00, 1.25, 0, 3.75],
	[2.50, 5.25, 1.25, 1.00, 3.50],
	[2.50, 5.25, 1.25, 1.00, 3.50],
	[2.50, 5.25, 1.25, 1.00, 3.50],
	[2.50, 5.25, 1.25, 1.00, 3.50],
	[0, 5.00, 1.00, 1.00, 2.75],
	[0, 5.00, 1.00, 1.00, 2.75],
	[0, 5.00, 1.00, 1.00, 2.75],
	[0, 5.00, 1.00, 1.00, 2.75],
	[0, 0, 1.00, 1.00, 3.00],
	[0, 0, 1.00, 1.00, 3.00],
	[0, 0, 1.00, 1.00, 3.00],
	[0, 0, 1.00, 1.00, 3.00],
	[0, 0, 1.25, 1.00, 3.75],
	[0, 0, 1.25, 1.00, 3.75],
	[0, 0, 1.25, 1.00, 3.75],
	[0, 0, 1.25, 1.00, 3.75],
	[0, 0, 1.25, 1.00, 3.25],
	[0, 0, 1.25, 1.00, 3.25],
	[0, 0, 1.25, 1.00, 3.25],
	[0, 0, 1.25, 1.00, 3.25],
	[0, 0, 0, 0, 0],
	[0, 0, 0, 0, 0],
	[0, 0, 0, 0, 0],
	[0, 0, 0, 0, 0],
	[0, 0, 0, 0, 0],
	[0, 0, 0, 0, 0],
	[0, 0, 0, 0, 0],
	[0, 0, 0, 0, 0],
	[0, 0, 0, 0, 0],
	[0, 0, 0, 0, 0],
	[0, 0, 0, 0, 0],
	[0, 0, 0, 0, 0],
	[0, 0, 0, 0, 0],
	[0, 0, 0, 0, 0],
	[0, 0, 0, 0, 0],
	[0, 0, 0, 0, 0] ]
overcost [
	[0, 0, 0, 0, 0],
	[0, 0, 0, 0, 0],
	[0, 0, 0, 0, 0],
	[0, 0, 0, 0, 0],
	[0, 0, 0, 0, 0],
	[0, 0, 0, 0, 0],
	[0, 0, 0, 0, 0],
	[0, 0, 0, 0, 0],
	[0, 0, 0, 0, 0],
	[0, 0, 0, 0, 0],
	[0, 0, 0, 0, 0],
	[0, 0, 0, 0, 0],
	[0, 0, 0, 0, 0],
	[0, 0, 0, 0, 0],
	[0, 0, 0, 0, 0],
	[0, 0, 0, 0, 0],
	[0, 0, 0, 0, 0],
	[0, 0, 0, 0, 0],
	[0, 0, 0, 0, 0],
	[0, 0, 0, 0, 0],
	[0, 0, 0, 0, 0],
	[0, 0, 0, 0, 0],
	[0, 0, 0, 0, 0],
	[0, 0, 0, 0, 0],
	[0, 0, 0, 0, 0],
	[0, 0, 0, 0, 0],
	[0, 0, 0, 0, 0],
	[0, 0, 0, 0, 0],
	[0, 0, 0, 0, 0],
	[0, 0, 0, 0, 0],
	[0, 0, 0, 0, 0],
	[0, 0, 0, 0, 0],
	[0, 0, 0, 0, 9.149805e+00],
	[0, 0, 0, 0, 9.149805e+00],
	[0, 0, 0, 0, 9.149805e+00],
	[0, 0, 0, 0, 9.149805e+00],
	[0, 0, 5.346239e+00, 7.325107e+00, 5.286744e+00],
	[0, 0, 5.346239e+00, 7.325107e+00, 5.286744e+00],
	[0, 0, 5.346239e+00, 7.325107e+00, 5.286744e+00],
	[0, 0, 5.346239e+00, 7.325107e+00, 5.286744e+00],
	[1.537431e+00, 0, 0, 6.173196e+00, 1.968109e+00],
	[1.537431e+00, 0, 0, 6.173196e+00, 1.968109e+00],
	[1.537431e+00, 0, 0, 6.173196e+00, 1.968109e+00],
	[1.537431e+00, 0, 0, 6.173196e+00, 1.968109e+00],
	[1.496239e+00, 9.051276e-01, 2.287822e+00, 0, 1.177850e+00],
	[1.496239e+00, 9.051276e-01, 2.287822e+00, 0, 1.177850e+00],
	[1.496239e+00, 9.051276e-01, 2.287822e+00, 0, 1.177850e+00],
	[1.496239e+00, 9.051276e-01, 2.287822e+00, 0, 1.177850e+00],
	[1.064924e+00, 6.969415e-01, 1.756258e+00, 0, 6.807527e-01],
	[1.064924e+00, 6.969415e-01, 1.756258e+00, 0, 6.807527e-01],
	[1.064924e+00, 6.969415e-01, 1.756258e+00, 0, 6.807527e-01],
	[1.064924e+00, 6.969415e-01, 1.756258e+00, 0, 6.807527e-01],
	[1.337175e+00, 8.074931e-01, 2.303770e+00, 3.425867e+00, 9.760874e-01],
	[1.337175e+00, 8.074931e-01, 2.303770e+00, 3.425867e+00, 9.760874e-01],
	[1.337175e+00, 8.074931e-01, 2.303770e+00, 3.425867e+00, 9.760874e-01],
	[1.337175e+00, 8.074931e-01, 2.303770e+00, 3.425867e+00, 9.760874e-01],
	[1.217089e+00, 6.281203e-01, 2.221699e+00, 0, 8.831991e-01],
	[1.217089e+00, 6.281203e-01, 2.221699e+00, 0, 8.831991e-01],
	[1.217089e+00, 6.281203e-01, 2.221699e+00, 0, 8.831991e-01],
	[1.217089e+00, 6.281203e-01, 2.221699e+00, 0, 8.831991e-01],
	[1.150627e+00, 7.214359e-01, 2.259246e+00, 3.519645e+00, 8.916132e-01],
	[1.150627e+00, 7.214359e-01, 2.259246e+00, 3.519645e+00, 8.916132e-01],
	[1.150627e+00, 7.214359e-01, 2.259246e+00, 3.519645e+00, 8.916132e-01],
	[1.150627e+00, 7.214359e-01, 2.259246e+00, 3.519645e+00, 8.916132e-01],
	[0, 8.852004e-01, 2.210327e+00, 4.385184e+00, 1.294998e+00],
	[0, 8.852004e-01, 2.210327e+00, 4.385184e+00, 1.294998e+00],
	[0, 8.852004e-01, 2.210327e+00, 4.385184e+00, 1.294998e+00],
	[0, 8.852004e-01, 2.210327e+00, 4.385184e+00, 1.294998e+00],
	[0, 0, 1.814753e+00, 4.019515e+00, 1.019227e+00],
	[0, 0, 1.814753e+00, 4.019515e+00, 1.019227e+00],
	[0, 0, 1.814753e+00, 4.019515e+00, 1.019227e+00],
	[0, 0, 1.814753e+00, 4.019515e+00, 1.019227e+00],
	[0, 0, 1.901618e+00, 3.247568e+00, 8.290938e-01],
	[0, 0, 1.901618e+00, 3.247568e+00, 8.290938e-01],
	[0, 0, 1.901618e+00, 3.247568e+00, 8.290938e-01],
	[0, 0, 1.901618e+00, 3.247568e+00, 8.290938e-01],
	[0, 0, 1.950301e+00, 3.671046e+00, 9.950026e-01],
	[0, 0, 1.950301e+00, 3.671046e+00, 9.950026e-01],
	[0, 0, 1.950301e+00, 3.671046e+00, 9.950026e-01],
	[0, 0, 1.950301e+00, 3.671046e+00, 9.950026e-01],
	[0, 0, 0, 0, 0],
	[0, 0, 0, 0, 0],
	[0, 0, 0, 0, 0],
	[0, 0, 0, 0, 0],
	[0, 0, 0, 0, 0],
	[0, 0, 0, 0, 0],
	[0, 0, 0, 0, 0],
	[0, 0, 0, 0, 0],
	[0, 0, 0, 0, 0],
	[0, 0, 0, 0, 0],
	[0, 0, 0, 0, 0],
	[0, 0, 0, 0, 0],
	[0, 0, 0, 0, 0],
	[0, 0, 0, 0, 0],
	[0, 0, 0, 0, 0],
	[0, 0, 0, 0, 0] ]
undercost [
	[0, 0, 0, 0, 0],
	[0, 0, 0, 0, 0],
	[0, 0, 0, 0, 0],
	[0, 0, 0, 0, 0],
	[0, 0, 0, 0, 0],
	[0, 0, 0, 0, 0],
	[0, 0, 0, 0, 0],
	[0, 0, 0, 0, 0],
	[0, 0, 0, 0, 0],
	[0, 0, 0, 0, 0],
	[0, 0, 0, 0, 0],
	[0, 0, 0, 0, 0],
	[0, 0, 0, 0, 0],
	[0, 0, 0, 0, 0],
	[0, 0, 0, 0, 0],
	[0, 0, 0, 0, 0],
	[0, 0, 0, 0, 0],
	[0, 0, 0, 0, 0],
	[0, 0, 0, 0, 0],
	[0, 0, 0, 0, 0],
	[0, 0, 0, 0, 0],
	[0, 0, 0, 0, 0],
	[0, 0, 0, 0, 0],
	[0, 0, 0, 0, 0],
	[0, 0, 0, 0, 0],
	[0, 0, 0, 0, 0],
	[0, 0, 0, 0, 0],
	[0, 0, 0, 0, 0],
	[0, 0, 0, 0, 0],
	[0, 0, 0, 0, 0],
	[0, 0, 0, 0, 0],
	[0, 0, 0, 0, 0],
	[0, 0, 0, 0, 1.000000e+06],
	[0, 0, 0, 0, 1.000000e+06],
	[0, 0, 0, 0, 1.000000e+06],
	[0, 0, 0, 0, 1.000000e+06],
	[0, 0, 1.000000e+06, 1.000000e+06, 1.000000e+06],
	[0, 0, 1.000000e+06, 1.000000e+06, 1.000000e+06],
	[0, 0, 1.000000e+06, 1.000000e+06, 1.000000e+06],
	[0, 0, 1.000000e+06, 1.000000e+06, 1.000000e+06],
	[1.000000e+06, 0, 0, 1.000000e+06, 1.000000e+06],
	[1.000000e+06, 0, 0, 1.000000e+06, 1.000000e+06],
	[1.000000e+06, 0, 0, 1.000000e+06, 1.000000e+06],
	[1.000000e+06, 0, 0, 1.000000e+06, 1.000000e+06],
	[1.847512e+00, 9.488324e-01, 1.000000e+06, 0, 1.338629e+00],
	[1.847512e+00, 9.488324e-01, 1.000000e+06, 0, 1.338629e+00],
	[1.847512e+00, 9.488324e-01, 1.000000e+06, 0, 1.338629e+00],
	[1.847512e+00, 9.488324e-01, 1.000000e+06, 0, 1.338629e+00],
	[2.420861e+00, 1.186113e+00, 1.000000e+06, 0, 1.499044e+00],
	[2.420861e+00, 1.186113e+00, 1.000000e+06, 0, 1.499044e+00],
	[2.420861e+00, 1.186113e+00, 1.000000e+06, 0, 1.499044e+00],
	[2.420861e+00, 1.186113e+00, 1.000000e+06, 0, 1.499044e+00],
	[1.637099e+00, 9.579728e-01, 1.000000e+06, 1.000000e+06, 8.173497e-01],
	[1.637099e+00, 9.579728e-01, 1.000000e+06, 1.000000e+06, 8.173497e-01],
	[1.637099e+00, 9.579728e-01, 1.000000e+06, 1.000000e+06, 8.173497e-01],
	[1.637099e+00, 9.579728e-01, 1.000000e+06, 1.000000e+06, 8.173497e-01],
	[1.794716e+00, 1.162999e+00, 1.000000e+06, 0, 9.286303e-01],
	[1.794716e+00, 1.162999e+00, 1.000000e+06, 0, 9.286303e-01],
	[1.794716e+00, 1.162999e+00, 1.000000e+06, 0, 9.286303e-01],
	[1.794716e+00, 1.162999e+00, 1.000000e+06, 0, 9.286303e-01],
	[1.887372e+00, 9.666543e-01, 1.000000e+06, 1.000000e+06, 1.067310e+00],
	[1.887372e+00, 9.666543e-01, 1.000000e+06, 1.000000e+06, 1.067310e+00],
	[1.887372e+00, 9.666543e-01, 1.000000e+06, 1.000000e+06, 1.067310e+00],
	[1.887372e+00, 9.666543e-01, 1.000000e+06, 1.000000e+06, 1.067310e+00],
	[0, 8.718754e-01, 1.000000e+06, 1.000000e+06, 1.189253e+00],
	[0, 8.718754e-01, 1.000000e+06, 1.000000e+06, 1.189253e+00],
	[0, 8.718754e-01, 1.000000e+06, 1.000000e+06, 1.189253e+00],
	[0, 8.718754e-01, 1.000000e+06, 1.000000e+06, 1.189253e+00],
	[0, 0, 1.000000e+06, 1.000000e+06, 1.291303e+00],
	[0, 0, 1.000000e+06, 1.000000e+06, 1.291303e+00],
	[0, 0, 1.000000e+06, 1.000000e+06, 1.291303e+00],
	[0, 0, 1.000000e+06, 1.000000e+06, 1.291303e+00],
	[0, 0, 1.000000e+06, 1.000000e+06, 9.957013e-01],
	[0, 0, 1.000000e+06, 1.000000e+06, 9.957013e-01],
	[0, 0, 1.000000e+06, 1.000000e+06, 9.957013e-01],
	[0, 0, 1.000000e+06, 1.000000e+06, 9.957013e-01],
	[0, 0, 1.000000e+06, 1.000000e+06, 1.118477e+00],
	[0, 0, 1.000000e+06, 1.000000e+06, 1.118477e+00],
	[0, 0, 1.000000e+06, 1.000000e+06, 1.118477e+00],
	[0, 0, 1.000000e+06, 1.000000e+06, 1.118477e+00],
	[0, 0, 0, 0, 0],
	[0, 0, 0, 0, 0],
	[0, 0, 0, 0, 0],
	[0, 0, 0, 0, 0],
	[0, 0, 0, 0, 0],
	[0, 0, 0, 0, 0],
	[0, 0, 0, 0, 0],
	[0, 0, 0, 0, 0],
	[0, 0, 0, 0, 0],
	[0, 0, 0, 0, 0],
	[0, 0, 0, 0, 0],
	[0, 0, 0, 0, 0],
	[0, 0, 0, 0, 0],
	[0, 0, 0, 0, 0],
	[0, 0, 0, 0, 0],
	[0, 0, 0, 0, 0] ]
