1170 3340 3557
SHOE
ACT	3
SHIFT	96
demand [
	[0, 0, 0],
	[0, 0, 0],
	[0, 0, 0],
	[0, 0, 0],
	[0, 0, 0],
	[0, 0, 0],
	[0, 0, 0],
	[0, 0, 0],
	[0, 0, 0],
	[0, 0, 0],
	[0, 0, 0],
	[0, 0, 0],
	[0, 0, 0],
	[0, 0, 0],
	[0, 0, 0],
	[0, 0, 0],
	[0, 0, 0],
	[0, 0, 0],
	[0, 0, 0],
	[0, 0, 0],
	[0, 0, 0],
	[0, 0, 0],
	[0, 0, 0],
	[0, 0, 0],
	[0, 0, 0],
	[0, 0, 0],
	[0, 0, 0],
	[0, 0, 0],
	[0, 0, 0],
	[0, 0, 0],
	[0, 0, 0],
	[0, 0, 0],
	[0, 0, 0],
	[0, 0, 0],
	[0, 0, 0],
	[0, 0, 0],
	[0, 1.00, 3.00],
	[0, 1.00, 3.00],
	[0, 1.00, 3.00],
	[0, 1.00, 3.00],
	[1.00, 1.25, 4.00],
	[1.00, 1.25, 4.00],
	[1.00, 1.25, 4.00],
	[1.00, 1.25, 4.00],
	[1.00, 2.50, 6.00],
	[1.00, 2.50, 6.00],
	[1.00, 2.50, 6.00],
	[1.00, 2.50, 6.00],
	[1.00, 3.00, 6.75],
	[1.00, 3.00, 6.75],
	[1.00, 3.00, 6.75],
	[1.00, 3.00, 6.75],
	[1.00, 3.25, 7.25],
	[1.00, 3.25, 7.25],
	[1.00, 3.25, 7.25],
	[1.00, 3.25, 7.25],
	[1.00, 3.25, 7.25],
	[1.00, 3.25, 7.25],
	[1.00, 3.25, 7.25],
	[1.00, 3.25, 7.25],
	[1.00, 3.25, 7.25],
	[1.00, 3.25, 7.25],
	[1.00, 3.25, 7.25],
	[1.00, 3.25, 7.25],
	[1.00, 2.50, 6.25],
	[1.00, 2.50, 6.25],
	[1.00, 2.50, 6.25],
	[1.00, 2.50, 6.25],
	[1.00, 2.75, 0],
	[1.00, 2.75, 0],
	[1.00, 2.75, 0],
	[1.00, 2.75, 0],
	[1.00, 3.25, 0],
	[1.00, 3.25, 0],
	[1.00, 3.25, 0],
	[1.00, 3.25, 0],
	[0, 3.00, 0],
	[0, 3.00, 0],
	[0, 3.00, 0],
	[0, 3.00, 0],
	[0, 0, 0],
	[0, 0, 0],
	[0, 0, 0],
	[0, 0, 0],
	[0, 0, 0],
	[0, 0, 0],
	[0, 0, 0],
	[0, 0, 0],
	[0, 0, 0],
	[0, 0, 0],
	[0, 0, 0],
	[0, 0, 0],
	[0, 0, 0],
	[0, 0, 0],
	[0, 0, 0],
	[0, 0, 0] ]
overcost [
	[0, 0, 0],
	[0, 0, 0],
	[0, 0, 0],
	[0, 0, 0],
	[0, 0, 0],
	[0, 0, 0],
	[0, 0, 0],
	[0, 0, 0],
	[0, 0, 0],
	[0, 0, 0],
	[0, 0, 0],
	[0, 0, 0],
	[0, 0, 0],
	[0, 0, 0],
	[0, 0, 0],
	[0, 0, 0],
	[0, 0, 0],
	[0, 0, 0],
	[0, 0, 0],
	[0, 0, 0],
	[0, 0, 0],
	[0, 0, 0],
	[0, 0, 0],
	[0, 0, 0],
	[0, 0, 0],
	[0, 0, 0],
	[0, 0, 0],
	[0, 0, 0],
	[0, 0, 0],
	[0, 0, 0],
	[0, 0, 0],
	[0, 0, 0],
	[0, 0, 0],
	[0, 0, 0],
	[0, 0, 0],
	[0, 0, 0],
	[0, 4.356137e+00, 1.035065e+00],
	[0, 4.356137e+00, 1.035065e+00],
	[0, 4.356137e+00, 1.035065e+00],
	[0, 4.356137e+00, 1.035065e+00],
	[8.198756e+00, 1.876856e+00, 6.795202e-01],
	[8.198756e+00, 1.876856e+00, 6.795202e-01],
	[8.198756e+00, 1.876856e+00, 6.795202e-01],
	[8.198756e+00, 1.876856e+00, 6.795202e-01],
	[4.080388e+00, 1.118185e+00, 4.302820e-01],
	[4.080388e+00, 1.118185e+00, 4.302820e-01],
	[4.080388e+00, 1.118185e+00, 4.302820e-01],
	[4.080388e+00, 1.118185e+00, 4.302820e-01],
	[2.394771e+00, 8.571531e-01, 4.610958e-01],
	[2.394771e+00, 8.571531e-01, 4.610958e-01],
	[2.394771e+00, 8.571531e-01, 4.610958e-01],
	[2.394771e+00, 8.571531e-01, 4.610958e-01],
	[1.858362e+00, 8.325671e-01, 5.564781e-01],
	[1.858362e+00, 8.325671e-01, 5.564781e-01],
	[1.858362e+00, 8.325671e-01, 5.564781e-01],
	[1.858362e+00, 8.325671e-01, 5.564781e-01],
	[1.796941e+00, 7.431643e-01, 4.303019e-01],
	[1.796941e+00, 7.431643e-01, 4.303019e-01],
	[1.796941e+00, 7.431643e-01, 4.303019e-01],
	[1.796941e+00, 7.431643e-01, 4.303019e-01],
	[2.442526e+00, 1.043112e+00, 4.812623e-01],
	[2.442526e+00, 1.043112e+00, 4.812623e-01],
	[2.442526e+00, 1.043112e+00, 4.812623e-01],
	[2.442526e+00, 1.043112e+00, 4.812623e-01],
	[4.403977e+00, 1.189855e+00, 5.393828e-01],
	[4.403977e+00, 1.189855e+00, 5.393828e-01],
	[4.403977e+00, 1.189855e+00, 5.393828e-01],
	[4.403977e+00, 1.189855e+00, 5.393828e-01],
	[3.622978e+00, 1.015242e+00, 0],
	[3.622978e+00, 1.015242e+00, 0],
	[3.622978e+00, 1.015242e+00, 0],
	[3.622978e+00, 1.015242e+00, 0],
	[2.012743e+00, 6.293231e-01, 0],
	[2.012743e+00, 6.293231e-01, 0],
	[2.012743e+00, 6.293231e-01, 0],
	[2.012743e+00, 6.293231e-01, 0],
	[0, 9.441369e-01, 0],
	[0, 9.441369e-01, 0],
	[0, 9.441369e-01, 0],
	[0, 9.441369e-01, 0],
	[0, 0, 0],
	[0, 0, 0],
	[0, 0, 0],
	[0, 0, 0],
	[0, 0, 0],
	[0, 0, 0],
	[0, 0, 0],
	[0, 0, 0],
	[0, 0, 0],
	[0, 0, 0],
	[0, 0, 0],
	[0, 0, 0],
	[0, 0, 0],
	[0, 0, 0],
	[0, 0, 0],
	[0, 0, 0] ]
undercost [
	[0, 0, 0],
	[0, 0, 0],
	[0, 0, 0],
	[0, 0, 0],
	[0, 0, 0],
	[0, 0, 0],
	[0, 0, 0],
	[0, 0, 0],
	[0, 0, 0],
	[0, 0, 0],
	[0, 0, 0],
	[0, 0, 0],
	[0, 0, 0],
	[0, 0, 0],
	[0, 0, 0],
	[0, 0, 0],
	[0, 0, 0],
	[0, 0, 0],
	[0, 0, 0],
	[0, 0, 0],
	[0, 0, 0],
	[0, 0, 0],
	[0, 0, 0],
	[0, 0, 0],
	[0, 0, 0],
	[0, 0, 0],
	[0, 0, 0],
	[0, 0, 0],
	[0, 0, 0],
	[0, 0, 0],
	[0, 0, 0],
	[0, 0, 0],
	[0, 0, 0],
	[0, 0, 0],
	[0, 0, 0],
	[0, 0, 0],
	[0, 1.000000e+06, 1.449385e+00],
	[0, 1.000000e+06, 1.449385e+00],
	[0, 1.000000e+06, 1.449385e+00],
	[0, 1.000000e+06, 1.449385e+00],
	[1.000000e+06, 1.000000e+06, 1.173885e+00],
	[1.000000e+06, 1.000000e+06, 1.173885e+00],
	[1.000000e+06, 1.000000e+06, 1.173885e+00],
	[1.000000e+06, 1.000000e+06, 1.173885e+00],
	[1.000000e+06, 1.559938e+00, 7.906653e-01],
	[1.000000e+06, 1.559938e+00, 7.906653e-01],
	[1.000000e+06, 1.559938e+00, 7.906653e-01],
	[1.000000e+06, 1.559938e+00, 7.906653e-01],
	[1.000000e+06, 1.356856e+00, 6.121564e-01],
	[1.000000e+06, 1.356856e+00, 6.121564e-01],
	[1.000000e+06, 1.356856e+00, 6.121564e-01],
	[1.000000e+06, 1.356856e+00, 6.121564e-01],
	[1.000000e+06, 1.190097e+00, 4.295094e-01],
	[1.000000e+06, 1.190097e+00, 4.295094e-01],
	[1.000000e+06, 1.190097e+00, 4.295094e-01],
	[1.000000e+06, 1.190097e+00, 4.295094e-01],
	[1.000000e+06, 1.300281e+00, 5.679198e-01],
	[1.000000e+06, 1.300281e+00, 5.679198e-01],
	[1.000000e+06, 1.300281e+00, 5.679198e-01],
	[1.000000e+06, 1.300281e+00, 5.679198e-01],
	[1.000000e+06, 9.329796e-01, 5.124854e-01],
	[1.000000e+06, 9.329796e-01, 5.124854e-01],
	[1.000000e+06, 9.329796e-01, 5.124854e-01],
	[1.000000e+06, 9.329796e-01, 5.124854e-01],
	[1.000000e+06, 1.466738e+00, 6.174160e-01],
	[1.000000e+06, 1.466738e+00, 6.174160e-01],
	[1.000000e+06, 1.466738e+00, 6.174160e-01],
	[1.000000e+06, 1.466738e+00, 6.174160e-01],
	[1.000000e+06, 1.399838e+00, 0],
	[1.000000e+06, 1.399838e+00, 0],
	[1.000000e+06, 1.399838e+00, 0],
	[1.000000e+06, 1.399838e+00, 0],
	[1.000000e+06, 1.443832e+00, 0],
	[1.000000e+06, 1.443832e+00, 0],
	[1.000000e+06, 1.443832e+00, 0],
	[1.000000e+06, 1.443832e+00, 0],
	[0, 1.256136e+00, 0],
	[0, 1.256136e+00, 0],
	[0, 1.256136e+00, 0],
	[0, 1.256136e+00, 0],
	[0, 0, 0],
	[0, 0, 0],
	[0, 0, 0],
	[0, 0, 0],
	[0, 0, 0],
	[0, 0, 0],
	[0, 0, 0],
	[0, 0, 0],
	[0, 0, 0],
	[0, 0, 0],
	[0, 0, 0],
	[0, 0, 0],
	[0, 0, 0],
	[0, 0, 0],
	[0, 0, 0],
	[0, 0, 0] ]
