64 834 1252 1273 2669 2687 2860 2884 3503 3735
SHOE
ACT	10
SHIFT	96
demand [
	[0, 0, 0, 0, 0, 0, 0, 0, 0, 0],
	[0, 0, 0, 0, 0, 0, 0, 0, 0, 0],
	[0, 0, 0, 0, 0, 0, 0, 0, 0, 0],
	[0, 0, 0, 0, 0, 0, 0, 0, 0, 0],
	[0, 0, 0, 0, 0, 0, 0, 0, 0, 0],
	[0, 0, 0, 0, 0, 0, 0, 0, 0, 0],
	[0, 0, 0, 0, 0, 0, 0, 0, 0, 0],
	[0, 0, 0, 0, 0, 0, 0, 0, 0, 0],
	[0, 0, 0, 0, 0, 0, 0, 0, 0, 0],
	[0, 0, 0, 0, 0, 0, 0, 0, 0, 0],
	[0, 0, 0, 0, 0, 0, 0, 0, 0, 0],
	[0, 0, 0, 0, 0, 0, 0, 0, 0, 0],
	[0, 0, 0, 0, 0, 0, 0, 0, 0, 0],
	[0, 0, 0, 0, 0, 0, 0, 0, 0, 0],
	[0, 0, 0, 0, 0, 0, 0, 0, 0, 0],
	[0, 0, 0, 0, 0, 0, 0, 0, 0, 0],
	[0, 0, 0, 0, 0, 0, 0, 0, 0, 0],
	[0, 0, 0, 0, 0, 0, 0, 0, 0, 0],
	[0, 0, 0, 0, 0, 0, 0, 0, 0, 0],
	[0, 0, 0, 0, 0, 0, 0, 0, 0, 0],
	[0, 0, 0, 0, 0, 0, 0, 0, 0, 0],
	[0, 0, 0, 0, 0, 0, 0, 0, 0, 0],
	[0, 0, 0, 0, 0, 0, 0, 0, 0, 0],
	[0, 0, 0, 0, 0, 0, 0, 0, 0, 0],
	[0, 0, 0, 0, 0, 0, 0, 0, 0, 0],
	[0, 0, 0, 0, 0, 0, 0, 0, 0, 0],
	[0, 0, 0, 0, 0, 0, 0, 0, 0, 0],
	[0, 0, 0, 0, 0, 0, 0, 0, 0, 0],
	[0, 0, 0, 0, 0, 0, 0, 0, 0, 0],
	[0, 0, 0, 0, 0, 0, 0, 0, 0, 0],
	[0, 0, 0, 0, 0, 0, 0, 0, 0, 0],
	[0, 0, 0, 0, 0, 0, 0, 0, 0, 0],
	[0, 0, 0, 0, 0, 0, 0, 0, 1.00, 0],
	[0, 0, 0, 0, 0, 0, 0, 0, 1.00, 0],
	[0, 0, 0, 0, 0, 0, 0, 0, 1.00, 0],
	[0, 0, 0, 0, 0, 0, 0, 0, 1.00, 0],
	[1.00, 4.00, 0, 1.50, 1.00, 3.50, 1.00, 0, 0, 1.00],
	[1.00, 4.00, 0, 1.50, 1.00, 3.50, 1.00, 0, 0, 1.00],
	[1.00, 4.00, 0, 1.50, 1.00, 3.50, 1.00, 0, 0, 1.00],
	[1.00, 4.00, 0, 1.50, 1.00, 3.50, 1.00, 0, 0, 1.00],
	[1.00, 4.75, 0, 2.00, 1.00, 4.50, 1.00, 0, 1.00, 1.00],
	[1.00, 4.75, 0, 2.00, 1.00, 4.50, 1.00, 0, 1.00, 1.00],
	[1.00, 4.75, 0, 2.00, 1.00, 4.50, 1.00, 0, 1.00, 1.00],
	[1.00, 4.75, 0, 2.00, 1.00, 4.50, 1.00, 0, 1.00, 1.00],
	[1.00, 6.25, 2.25, 2.50, 1.00, 6.50, 1.00, 1.25, 1.25, 1.00],
	[1.00, 6.25, 2.25, 2.50, 1.00, 6.50, 1.00, 1.25, 1.25, 1.00],
	[1.00, 6.25, 2.25, 2.50, 1.00, 6.50, 1.00, 1.25, 1.25, 1.00],
	[1.00, 6.25, 2.25, 2.50, 1.00, 6.50, 1.00, 1.25, 1.25, 1.00],
	[1.00, 6.50, 2.50, 2.75, 1.00, 7.00, 1.00, 1.25, 2.00, 1.00],
	[1.00, 6.50, 2.50, 2.75, 1.00, 7.00, 1.00, 1.25, 2.00, 1.00],
	[1.00, 6.50, 2.50, 2.75, 1.00, 7.00, 1.00, 1.25, 2.00, 1.00],
	[1.00, 6.50, 2.50, 2.75, 1.00, 7.00, 1.00, 1.25, 2.00, 1.00],
	[1.00, 6.75, 2.50, 2.75, 1.25, 7.50, 1.25, 1.50, 2.25, 1.00],
	[1.00, 6.75, 2.50, 2.75, 1.25, 7.50, 1.25, 1.50, 2.25, 1.00],
	[1.00, 6.75, 2.50, 2.75, 1.25, 7.50, 1.25, 1.50, 2.25, 1.00],
	[1.00, 6.75, 2.50, 2.75, 1.25, 7.50, 1.25, 1.50, 2.25, 1.00],
	[1.00, 7.00, 2.75, 2.75, 1.25, 7.50, 1.25, 1.50, 2.25, 0],
	[1.00, 7.00, 2.75, 2.75, 1.25, 7.50, 1.25, 1.50, 2.25, 0],
	[1.00, 7.00, 2.75, 2.75, 1.25, 7.50, 1.25, 1.50, 2.25, 0],
	[1.00, 7.00, 2.75, 2.75, 1.25, 7.50, 1.25, 1.50, 2.25, 0],
	[1.00, 7.00, 2.75, 3.00, 1.00, 7.75, 1.00, 1.50, 2.00, 1.00],
	[1.00, 7.00, 2.75, 3.00, 1.00, 7.75, 1.00, 1.50, 2.00, 1.00],
	[1.00, 7.00, 2.75, 3.00, 1.00, 7.75, 1.00, 1.50, 2.00, 1.00],
	[1.00, 7.00, 2.75, 3.00, 1.00, 7.75, 1.00, 1.50, 2.00, 1.00],
	[1.00, 6.50, 2.25, 0, 1.00, 6.75, 1.00, 1.25, 1.00, 1.00],
	[1.00, 6.50, 2.25, 0, 1.00, 6.75, 1.00, 1.25, 1.00, 1.00],
	[1.00, 6.50, 2.25, 0, 1.00, 6.75, 1.00, 1.25, 1.00, 1.00],
	[1.00, 6.50, 2.25, 0, 1.00, 6.75, 1.00, 1.25, 1.00, 1.00],
	[0, 0, 0, 0, 0, 0, 1.00, 0, 1.50, 1.00],
	[0, 0, 0, 0, 0, 0, 1.00, 0, 1.50, 1.00],
	[0, 0, 0, 0, 0, 0, 1.00, 0, 1.50, 1.00],
	[0, 0, 0, 0, 0, 0, 1.00, 0, 1.50, 1.00],
	[0, 0, 0, 0, 0, 0, 1.25, 0, 2.00, 1.00],
	[0, 0, 0, 0, 0, 0, 1.25, 0, 2.00, 1.00],
	[0, 0, 0, 0, 0, 0, 1.25, 0, 2.00, 1.00],
	[0, 0, 0, 0, 0, 0, 1.25, 0, 2.00, 1.00],
	[0, 0, 0, 0, 0, 0, 1.00, 0, 1.25, 0],
	[0, 0, 0, 0, 0, 0, 1.00, 0, 1.25, 0],
	[0, 0, 0, 0, 0, 0, 1.00, 0, 1.25, 0],
	[0, 0, 0, 0, 0, 0, 1.00, 0, 1.25, 0],
	[0, 0, 0, 0, 0, 0, 0, 0, 0, 0],
	[0, 0, 0, 0, 0, 0, 0, 0, 0, 0],
	[0, 0, 0, 0, 0, 0, 0, 0, 0, 0],
	[0, 0, 0, 0, 0, 0, 0, 0, 0, 0],
	[0, 0, 0, 0, 0, 0, 0, 0, 0, 0],
	[0, 0, 0, 0, 0, 0, 0, 0, 0, 0],
	[0, 0, 0, 0, 0, 0, 0, 0, 0, 0],
	[0, 0, 0, 0, 0, 0, 0, 0, 0, 0],
	[0, 0, 0, 0, 0, 0, 0, 0, 0, 0],
	[0, 0, 0, 0, 0, 0, 0, 0, 0, 0],
	[0, 0, 0, 0, 0, 0, 0, 0, 0, 0],
	[0, 0, 0, 0, 0, 0, 0, 0, 0, 0],
	[0, 0, 0, 0, 0, 0, 0, 0, 0, 0],
	[0, 0, 0, 0, 0, 0, 0, 0, 0, 0],
	[0, 0, 0, 0, 0, 0, 0, 0, 0, 0],
	[0, 0, 0, 0, 0, 0, 0, 0, 0, 0] ]
overcost [
	[0, 0, 0, 0, 0, 0, 0, 0, 0, 0],
	[0, 0, 0, 0, 0, 0, 0, 0, 0, 0],
	[0, 0, 0, 0, 0, 0, 0, 0, 0, 0],
	[0, 0, 0, 0, 0, 0, 0, 0, 0, 0],
	[0, 0, 0, 0, 0, 0, 0, 0, 0, 0],
	[0, 0, 0, 0, 0, 0, 0, 0, 0, 0],
	[0, 0, 0, 0, 0, 0, 0, 0, 0, 0],
	[0, 0, 0, 0, 0, 0, 0, 0, 0, 0],
	[0, 0, 0, 0, 0, 0, 0, 0, 0, 0],
	[0, 0, 0, 0, 0, 0, 0, 0, 0, 0],
	[0, 0, 0, 0, 0, 0, 0, 0, 0, 0],
	[0, 0, 0, 0, 0, 0, 0, 0, 0, 0],
	[0, 0, 0, 0, 0, 0, 0, 0, 0, 0],
	[0, 0, 0, 0, 0, 0, 0, 0, 0, 0],
	[0, 0, 0, 0, 0, 0, 0, 0, 0, 0],
	[0, 0, 0, 0, 0, 0, 0, 0, 0, 0],
	[0, 0, 0, 0, 0, 0, 0, 0, 0, 0],
	[0, 0, 0, 0, 0, 0, 0, 0, 0, 0],
	[0, 0, 0, 0, 0, 0, 0, 0, 0, 0],
	[0, 0, 0, 0, 0, 0, 0, 0, 0, 0],
	[0, 0, 0, 0, 0, 0, 0, 0, 0, 0],
	[0, 0, 0, 0, 0, 0, 0, 0, 0, 0],
	[0, 0, 0, 0, 0, 0, 0, 0, 0, 0],
	[0, 0, 0, 0, 0, 0, 0, 0, 0, 0],
	[0, 0, 0, 0, 0, 0, 0, 0, 0, 0],
	[0, 0, 0, 0, 0, 0, 0, 0, 0, 0],
	[0, 0, 0, 0, 0, 0, 0, 0, 0, 0],
	[0, 0, 0, 0, 0, 0, 0, 0, 0, 0],
	[0, 0, 0, 0, 0, 0, 0, 0, 0, 0],
	[0, 0, 0, 0, 0, 0, 0, 0, 0, 0],
	[0, 0, 0, 0, 0, 0, 0, 0, 0, 0],
	[0, 0, 0, 0, 0, 0, 0, 0, 0, 0],
	[0, 0, 0, 0, 0, 0, 0, 0, 9.232297e+00, 0],
	[0, 0, 0, 0, 0, 0, 0, 0, 9.232297e+00, 0],
	[0, 0, 0, 0, 0, 0, 0, 0, 9.232297e+00, 0],
	[0, 0, 0, 0, 0, 0, 0, 0, 9.232297e+00, 0],
	[8.692993e+00, 7.706633e-01, 0, 1.425588e+00, 1.070095e+01, 1.008572e+00, 1.095777e+01, 0, 0, 9.380131e+00],
	[8.692993e+00, 7.706633e-01, 0, 1.425588e+00, 1.070095e+01, 1.008572e+00, 1.095777e+01, 0, 0, 9.380131e+00],
	[8.692993e+00, 7.706633e-01, 0, 1.425588e+00, 1.070095e+01, 1.008572e+00, 1.095777e+01, 0, 0, 9.380131e+00],
	[8.692993e+00, 7.706633e-01, 0, 1.425588e+00, 1.070095e+01, 1.008572e+00, 1.095777e+01, 0, 0, 9.380131e+00],
	[6.551250e+00, 6.708871e-01, 0, 1.621979e+00, 1.066283e+01, 6.792249e-01, 1.091829e+01, 0, 8.498013e+00, 9.343655e+00],
	[6.551250e+00, 6.708871e-01, 0, 1.621979e+00, 1.066283e+01, 6.792249e-01, 1.091829e+01, 0, 8.498013e+00, 9.343655e+00],
	[6.551250e+00, 6.708871e-01, 0, 1.621979e+00, 1.066283e+01, 6.792249e-01, 1.091829e+01, 0, 8.498013e+00, 9.343655e+00],
	[6.551250e+00, 6.708871e-01, 0, 1.621979e+00, 1.066283e+01, 6.792249e-01, 1.091829e+01, 0, 8.498013e+00, 9.343655e+00],
	[3.642721e+00, 5.947553e-01, 1.009394e+00, 9.929326e-01, 4.593390e+00, 4.385563e-01, 4.662783e+00, 1.635579e+00, 1.931874e+00, 9.270940e+00],
	[3.642721e+00, 5.947553e-01, 1.009394e+00, 9.929326e-01, 4.593390e+00, 4.385563e-01, 4.662783e+00, 1.635579e+00, 1.931874e+00, 9.270940e+00],
	[3.642721e+00, 5.947553e-01, 1.009394e+00, 9.929326e-01, 4.593390e+00, 4.385563e-01, 4.662783e+00, 1.635579e+00, 1.931874e+00, 9.270940e+00],
	[3.642721e+00, 5.947553e-01, 1.009394e+00, 9.929326e-01, 4.593390e+00, 4.385563e-01, 4.662783e+00, 1.635579e+00, 1.931874e+00, 9.270940e+00],
	[2.454032e+00, 4.804520e-01, 1.013127e+00, 1.290257e+00, 1.981296e+00, 3.866759e-01, 1.923614e+00, 1.475041e+00, 1.581979e+00, 3.982218e+00],
	[2.454032e+00, 4.804520e-01, 1.013127e+00, 1.290257e+00, 1.981296e+00, 3.866759e-01, 1.923614e+00, 1.475041e+00, 1.581979e+00, 3.982218e+00],
	[2.454032e+00, 4.804520e-01, 1.013127e+00, 1.290257e+00, 1.981296e+00, 3.866759e-01, 1.923614e+00, 1.475041e+00, 1.581979e+00, 3.982218e+00],
	[2.454032e+00, 4.804520e-01, 1.013127e+00, 1.290257e+00, 1.981296e+00, 3.866759e-01, 1.923614e+00, 1.475041e+00, 1.581979e+00, 3.982218e+00],
	[2.015621e+00, 4.574734e-01, 7.396224e-01, 1.045320e+00, 2.258003e+00, 5.057920e-01, 2.205335e+00, 2.011229e+00, 1.499241e+00, 2.719501e+00],
	[2.015621e+00, 4.574734e-01, 7.396224e-01, 1.045320e+00, 2.258003e+00, 5.057920e-01, 2.205335e+00, 2.011229e+00, 1.499241e+00, 2.719501e+00],
	[2.015621e+00, 4.574734e-01, 7.396224e-01, 1.045320e+00, 2.258003e+00, 5.057920e-01, 2.205335e+00, 2.011229e+00, 1.499241e+00, 2.719501e+00],
	[2.015621e+00, 4.574734e-01, 7.396224e-01, 1.045320e+00, 2.258003e+00, 5.057920e-01, 2.205335e+00, 2.011229e+00, 1.499241e+00, 2.719501e+00],
	[1.932864e+00, 5.453671e-01, 1.082286e+00, 9.325425e-01, 2.185609e+00, 3.776294e-01, 2.130202e+00, 1.923476e+00, 1.429612e+00, 0],
	[1.932864e+00, 5.453671e-01, 1.082286e+00, 9.325425e-01, 2.185609e+00, 3.776294e-01, 2.130202e+00, 1.923476e+00, 1.429612e+00, 0],
	[1.932864e+00, 5.453671e-01, 1.082286e+00, 9.325425e-01, 2.185609e+00, 3.776294e-01, 2.130202e+00, 1.923476e+00, 1.429612e+00, 0],
	[1.932864e+00, 5.453671e-01, 1.082286e+00, 9.325425e-01, 2.185609e+00, 3.776294e-01, 2.130202e+00, 1.923476e+00, 1.429612e+00, 0],
	[2.316010e+00, 3.948973e-01, 1.077145e+00, 1.232131e+00, 2.153519e+00, 5.709250e-01, 2.110838e+00, 1.768981e+00, 1.680531e+00, 5.210221e+00],
	[2.316010e+00, 3.948973e-01, 1.077145e+00, 1.232131e+00, 2.153519e+00, 5.709250e-01, 2.110838e+00, 1.768981e+00, 1.680531e+00, 5.210221e+00],
	[2.316010e+00, 3.948973e-01, 1.077145e+00, 1.232131e+00, 2.153519e+00, 5.709250e-01, 2.110838e+00, 1.768981e+00, 1.680531e+00, 5.210221e+00],
	[2.316010e+00, 3.948973e-01, 1.077145e+00, 1.232131e+00, 2.153519e+00, 5.709250e-01, 2.110838e+00, 1.768981e+00, 1.680531e+00, 5.210221e+00],
	[3.763134e+00, 5.335892e-01, 8.657395e-01, 0, 5.144976e+00, 5.235733e-01, 5.244671e+00, 1.458215e+00, 1.594227e+00, 9.216702e+00],
	[3.763134e+00, 5.335892e-01, 8.657395e-01, 0, 5.144976e+00, 5.235733e-01, 5.244671e+00, 1.458215e+00, 1.594227e+00, 9.216702e+00],
	[3.763134e+00, 5.335892e-01, 8.657395e-01, 0, 5.144976e+00, 5.235733e-01, 5.244671e+00, 1.458215e+00, 1.594227e+00, 9.216702e+00],
	[3.763134e+00, 5.335892e-01, 8.657395e-01, 0, 5.144976e+00, 5.235733e-01, 5.244671e+00, 1.458215e+00, 1.594227e+00, 9.216702e+00],
	[0, 0, 0, 0, 0, 0, 4.021996e+00, 0, 2.022388e+00, 9.207848e+00],
	[0, 0, 0, 0, 0, 0, 4.021996e+00, 0, 2.022388e+00, 9.207848e+00],
	[0, 0, 0, 0, 0, 0, 4.021996e+00, 0, 2.022388e+00, 9.207848e+00],
	[0, 0, 0, 0, 0, 0, 4.021996e+00, 0, 2.022388e+00, 9.207848e+00],
	[0, 0, 0, 0, 0, 0, 2.585042e+00, 0, 1.192898e+00, 4.665142e+00],
	[0, 0, 0, 0, 0, 0, 2.585042e+00, 0, 1.192898e+00, 4.665142e+00],
	[0, 0, 0, 0, 0, 0, 2.585042e+00, 0, 1.192898e+00, 4.665142e+00],
	[0, 0, 0, 0, 0, 0, 2.585042e+00, 0, 1.192898e+00, 4.665142e+00],
	[0, 0, 0, 0, 0, 0, 4.356395e+00, 0, 1.421290e+00, 0],
	[0, 0, 0, 0, 0, 0, 4.356395e+00, 0, 1.421290e+00, 0],
	[0, 0, 0, 0, 0, 0, 4.356395e+00, 0, 1.421290e+00, 0],
	[0, 0, 0, 0, 0, 0, 4.356395e+00, 0, 1.421290e+00, 0],
	[0, 0, 0, 0, 0, 0, 0, 0, 0, 0],
	[0, 0, 0, 0, 0, 0, 0, 0, 0, 0],
	[0, 0, 0, 0, 0, 0, 0, 0, 0, 0],
	[0, 0, 0, 0, 0, 0, 0, 0, 0, 0],
	[0, 0, 0, 0, 0, 0, 0, 0, 0, 0],
	[0, 0, 0, 0, 0, 0, 0, 0, 0, 0],
	[0, 0, 0, 0, 0, 0, 0, 0, 0, 0],
	[0, 0, 0, 0, 0, 0, 0, 0, 0, 0],
	[0, 0, 0, 0, 0, 0, 0, 0, 0, 0],
	[0, 0, 0, 0, 0, 0, 0, 0, 0, 0],
	[0, 0, 0, 0, 0, 0, 0, 0, 0, 0],
	[0, 0, 0, 0, 0, 0, 0, 0, 0, 0],
	[0, 0, 0, 0, 0, 0, 0, 0, 0, 0],
	[0, 0, 0, 0, 0, 0, 0, 0, 0, 0],
	[0, 0, 0, 0, 0, 0, 0, 0, 0, 0],
	[0, 0, 0, 0, 0, 0, 0, 0, 0, 0] ]
undercost [
	[0, 0, 0, 0, 0, 0, 0, 0, 0, 0],
	[0, 0, 0, 0, 0, 0, 0, 0, 0, 0],
	[0, 0, 0, 0, 0, 0, 0, 0, 0, 0],
	[0, 0, 0, 0, 0, 0, 0, 0, 0, 0],
	[0, 0, 0, 0, 0, 0, 0, 0, 0, 0],
	[0, 0, 0, 0, 0, 0, 0, 0, 0, 0],
	[0, 0, 0, 0, 0, 0, 0, 0, 0, 0],
	[0, 0, 0, 0, 0, 0, 0, 0, 0, 0],
	[0, 0, 0, 0, 0, 0, 0, 0, 0, 0],
	[0, 0, 0, 0, 0, 0, 0, 0, 0, 0],
	[0, 0, 0, 0, 0, 0, 0, 0, 0, 0],
	[0, 0, 0, 0, 0, 0, 0, 0, 0, 0],
	[0, 0, 0, 0, 0, 0, 0, 0, 0, 0],
	[0, 0, 0, 0, 0, 0, 0, 0, 0, 0],
	[0, 0, 0, 0, 0, 0, 0, 0, 0, 0],
	[0, 0, 0, 0, 0, 0, 0, 0, 0, 0],
	[0, 0, 0, 0, 0, 0, 0, 0, 0, 0],
	[0, 0, 0, 0, 0, 0, 0, 0, 0, 0],
	[0, 0, 0, 0, 0, 0, 0, 0, 0, 0],
	[0, 0, 0, 0, 0, 0, 0, 0, 0, 0],
	[0, 0, 0, 0, 0, 0, 0, 0, 0, 0],
	[0, 0, 0, 0, 0, 0, 0, 0, 0, 0],
	[0, 0, 0, 0, 0, 0, 0, 0, 0, 0],
	[0, 0, 0, 0, 0, 0, 0, 0, 0, 0],
	[0, 0, 0, 0, 0, 0, 0, 0, 0, 0],
	[0, 0, 0, 0, 0, 0, 0, 0, 0, 0],
	[0, 0, 0, 0, 0, 0, 0, 0, 0, 0],
	[0, 0, 0, 0, 0, 0, 0, 0, 0, 0],
	[0, 0, 0, 0, 0, 0, 0, 0, 0, 0],
	[0, 0, 0, 0, 0, 0, 0, 0, 0, 0],
	[0, 0, 0, 0, 0, 0, 0, 0, 0, 0],
	[0, 0, 0, 0, 0, 0, 0, 0, 0, 0],
	[0, 0, 0, 0, 0, 0, 0, 0, 1.000000e+06, 0],
	[0, 0, 0, 0, 0, 0, 0, 0, 1.000000e+06, 0],
	[0, 0, 0, 0, 0, 0, 0, 0, 1.000000e+06, 0],
	[0, 0, 0, 0, 0, 0, 0, 0, 1.000000e+06, 0],
	[1.000000e+06, 1.210752e+00, 0, 1.000000e+06, 1.000000e+06, 1.287090e+00, 1.000000e+06, 0, 0, 1.000000e+06],
	[1.000000e+06, 1.210752e+00, 0, 1.000000e+06, 1.000000e+06, 1.287090e+00, 1.000000e+06, 0, 0, 1.000000e+06],
	[1.000000e+06, 1.210752e+00, 0, 1.000000e+06, 1.000000e+06, 1.287090e+00, 1.000000e+06, 0, 0, 1.000000e+06],
	[1.000000e+06, 1.210752e+00, 0, 1.000000e+06, 1.000000e+06, 1.287090e+00, 1.000000e+06, 0, 0, 1.000000e+06],
	[1.000000e+06, 9.838169e-01, 0, 2.075516e+00, 1.000000e+06, 1.107986e+00, 1.000000e+06, 0, 1.000000e+06, 1.000000e+06],
	[1.000000e+06, 9.838169e-01, 0, 2.075516e+00, 1.000000e+06, 1.107986e+00, 1.000000e+06, 0, 1.000000e+06, 1.000000e+06],
	[1.000000e+06, 9.838169e-01, 0, 2.075516e+00, 1.000000e+06, 1.107986e+00, 1.000000e+06, 0, 1.000000e+06, 1.000000e+06],
	[1.000000e+06, 9.838169e-01, 0, 2.075516e+00, 1.000000e+06, 1.107986e+00, 1.000000e+06, 0, 1.000000e+06, 1.000000e+06],
	[1.000000e+06, 6.453580e-01, 1.938683e+00, 1.992687e+00, 1.000000e+06, 7.901654e-01, 1.000000e+06, 1.000000e+06, 1.000000e+06, 1.000000e+06],
	[1.000000e+06, 6.453580e-01, 1.938683e+00, 1.992687e+00, 1.000000e+06, 7.901654e-01, 1.000000e+06, 1.000000e+06, 1.000000e+06, 1.000000e+06],
	[1.000000e+06, 6.453580e-01, 1.938683e+00, 1.992687e+00, 1.000000e+06, 7.901654e-01, 1.000000e+06, 1.000000e+06, 1.000000e+06, 1.000000e+06],
	[1.000000e+06, 6.453580e-01, 1.938683e+00, 1.992687e+00, 1.000000e+06, 7.901654e-01, 1.000000e+06, 1.000000e+06, 1.000000e+06, 1.000000e+06],
	[1.000000e+06, 7.206674e-01, 1.564711e+00, 1.282912e+00, 1.000000e+06, 7.535540e-01, 1.000000e+06, 1.000000e+06, 2.004988e+00, 1.000000e+06],
	[1.000000e+06, 7.206674e-01, 1.564711e+00, 1.282912e+00, 1.000000e+06, 7.535540e-01, 1.000000e+06, 1.000000e+06, 2.004988e+00, 1.000000e+06],
	[1.000000e+06, 7.206674e-01, 1.564711e+00, 1.282912e+00, 1.000000e+06, 7.535540e-01, 1.000000e+06, 1.000000e+06, 2.004988e+00, 1.000000e+06],
	[1.000000e+06, 7.206674e-01, 1.564711e+00, 1.282912e+00, 1.000000e+06, 7.535540e-01, 1.000000e+06, 1.000000e+06, 2.004988e+00, 1.000000e+06],
	[1.000000e+06, 6.989489e-01, 1.922903e+00, 1.594473e+00, 1.000000e+06, 5.434434e-01, 1.000000e+06, 1.000000e+06, 1.604371e+00, 1.000000e+06],
	[1.000000e+06, 6.989489e-01, 1.922903e+00, 1.594473e+00, 1.000000e+06, 5.434434e-01, 1.000000e+06, 1.000000e+06, 1.604371e+00, 1.000000e+06],
	[1.000000e+06, 6.989489e-01, 1.922903e+00, 1.594473e+00, 1.000000e+06, 5.434434e-01, 1.000000e+06, 1.000000e+06, 1.604371e+00, 1.000000e+06],
	[1.000000e+06, 6.989489e-01, 1.922903e+00, 1.594473e+00, 1.000000e+06, 5.434434e-01, 1.000000e+06, 1.000000e+06, 1.604371e+00, 1.000000e+06],
	[1.000000e+06, 5.587257e-01, 1.196268e+00, 1.738206e+00, 1.000000e+06, 6.835592e-01, 1.000000e+06, 1.000000e+06, 1.699355e+00, 0],
	[1.000000e+06, 5.587257e-01, 1.196268e+00, 1.738206e+00, 1.000000e+06, 6.835592e-01, 1.000000e+06, 1.000000e+06, 1.699355e+00, 0],
	[1.000000e+06, 5.587257e-01, 1.196268e+00, 1.738206e+00, 1.000000e+06, 6.835592e-01, 1.000000e+06, 1.000000e+06, 1.699355e+00, 0],
	[1.000000e+06, 5.587257e-01, 1.196268e+00, 1.738206e+00, 1.000000e+06, 6.835592e-01, 1.000000e+06, 1.000000e+06, 1.699355e+00, 0],
	[1.000000e+06, 7.247841e-01, 1.206307e+00, 1.110955e+00, 1.000000e+06, 4.375431e-01, 1.000000e+06, 1.000000e+06, 1.869482e+00, 1.000000e+06],
	[1.000000e+06, 7.247841e-01, 1.206307e+00, 1.110955e+00, 1.000000e+06, 4.375431e-01, 1.000000e+06, 1.000000e+06, 1.869482e+00, 1.000000e+06],
	[1.000000e+06, 7.247841e-01, 1.206307e+00, 1.110955e+00, 1.000000e+06, 4.375431e-01, 1.000000e+06, 1.000000e+06, 1.869482e+00, 1.000000e+06],
	[1.000000e+06, 7.247841e-01, 1.206307e+00, 1.110955e+00, 1.000000e+06, 4.375431e-01, 1.000000e+06, 1.000000e+06, 1.869482e+00, 1.000000e+06],
	[1.000000e+06, 6.628135e-01, 2.135464e+00, 0, 1.000000e+06, 6.483550e-01, 1.000000e+06, 1.000000e+06, 1.000000e+06, 1.000000e+06],
	[1.000000e+06, 6.628135e-01, 2.135464e+00, 0, 1.000000e+06, 6.483550e-01, 1.000000e+06, 1.000000e+06, 1.000000e+06, 1.000000e+06],
	[1.000000e+06, 6.628135e-01, 2.135464e+00, 0, 1.000000e+06, 6.483550e-01, 1.000000e+06, 1.000000e+06, 1.000000e+06, 1.000000e+06],
	[1.000000e+06, 6.628135e-01, 2.135464e+00, 0, 1.000000e+06, 6.483550e-01, 1.000000e+06, 1.000000e+06, 1.000000e+06, 1.000000e+06],
	[0, 0, 0, 0, 0, 0, 1.000000e+06, 0, 1.000000e+06, 1.000000e+06],
	[0, 0, 0, 0, 0, 0, 1.000000e+06, 0, 1.000000e+06, 1.000000e+06],
	[0, 0, 0, 0, 0, 0, 1.000000e+06, 0, 1.000000e+06, 1.000000e+06],
	[0, 0, 0, 0, 0, 0, 1.000000e+06, 0, 1.000000e+06, 1.000000e+06],
	[0, 0, 0, 0, 0, 0, 1.000000e+06, 0, 2.565322e+00, 1.000000e+06],
	[0, 0, 0, 0, 0, 0, 1.000000e+06, 0, 2.565322e+00, 1.000000e+06],
	[0, 0, 0, 0, 0, 0, 1.000000e+06, 0, 2.565322e+00, 1.000000e+06],
	[0, 0, 0, 0, 0, 0, 1.000000e+06, 0, 2.565322e+00, 1.000000e+06],
	[0, 0, 0, 0, 0, 0, 1.000000e+06, 0, 1.000000e+06, 0],
	[0, 0, 0, 0, 0, 0, 1.000000e+06, 0, 1.000000e+06, 0],
	[0, 0, 0, 0, 0, 0, 1.000000e+06, 0, 1.000000e+06, 0],
	[0, 0, 0, 0, 0, 0, 1.000000e+06, 0, 1.000000e+06, 0],
	[0, 0, 0, 0, 0, 0, 0, 0, 0, 0],
	[0, 0, 0, 0, 0, 0, 0, 0, 0, 0],
	[0, 0, 0, 0, 0, 0, 0, 0, 0, 0],
	[0, 0, 0, 0, 0, 0, 0, 0, 0, 0],
	[0, 0, 0, 0, 0, 0, 0, 0, 0, 0],
	[0, 0, 0, 0, 0, 0, 0, 0, 0, 0],
	[0, 0, 0, 0, 0, 0, 0, 0, 0, 0],
	[0, 0, 0, 0, 0, 0, 0, 0, 0, 0],
	[0, 0, 0, 0, 0, 0, 0, 0, 0, 0],
	[0, 0, 0, 0, 0, 0, 0, 0, 0, 0],
	[0, 0, 0, 0, 0, 0, 0, 0, 0, 0],
	[0, 0, 0, 0, 0, 0, 0, 0, 0, 0],
	[0, 0, 0, 0, 0, 0, 0, 0, 0, 0],
	[0, 0, 0, 0, 0, 0, 0, 0, 0, 0],
	[0, 0, 0, 0, 0, 0, 0, 0, 0, 0],
	[0, 0, 0, 0, 0, 0, 0, 0, 0, 0] ]
