107 839 855 2144 2188 2513 2711 4168
SHOE
ACT	8
SHIFT	96
demand [
	[0, 0, 0, 0, 0, 0, 0, 0],
	[0, 0, 0, 0, 0, 0, 0, 0],
	[0, 0, 0, 0, 0, 0, 0, 0],
	[0, 0, 0, 0, 0, 0, 0, 0],
	[0, 0, 0, 0, 0, 0, 0, 0],
	[0, 0, 0, 0, 0, 0, 0, 0],
	[0, 0, 0, 0, 0, 0, 0, 0],
	[0, 0, 0, 0, 0, 0, 0, 0],
	[0, 0, 0, 0, 0, 0, 0, 0],
	[0, 0, 0, 0, 0, 0, 0, 0],
	[0, 0, 0, 0, 0, 0, 0, 0],
	[0, 0, 0, 0, 0, 0, 0, 0],
	[0, 0, 0, 0, 0, 0, 0, 0],
	[0, 0, 0, 0, 0, 0, 0, 0],
	[0, 0, 0, 0, 0, 0, 0, 0],
	[0, 0, 0, 0, 0, 0, 0, 0],
	[0, 0, 0, 0, 0, 0, 0, 0],
	[0, 0, 0, 0, 0, 0, 0, 0],
	[0, 0, 0, 0, 0, 0, 0, 0],
	[0, 0, 0, 0, 0, 0, 0, 0],
	[0, 0, 0, 0, 0, 0, 0, 0],
	[0, 0, 0, 0, 0, 0, 0, 0],
	[0, 0, 0, 0, 0, 0, 0, 0],
	[0, 0, 0, 0, 0, 0, 0, 0],
	[0, 0, 0, 0, 0, 0, 0, 0],
	[0, 0, 0, 0, 0, 0, 0, 0],
	[0, 0, 0, 0, 0, 0, 0, 0],
	[0, 0, 0, 0, 0, 0, 0, 0],
	[0, 0, 0, 0, 0, 0, 0, 0],
	[0, 0, 0, 0, 0, 0, 0, 0],
	[0, 0, 0, 0, 0, 0, 0, 0],
	[0, 0, 0, 0, 0, 0, 0, 0],
	[0, 0, 0, 1.00, 0, 0, 1.00, 0],
	[0, 0, 0, 1.00, 0, 0, 1.00, 0],
	[0, 0, 0, 1.00, 0, 0, 1.00, 0],
	[0, 0, 0, 1.00, 0, 0, 1.00, 0],
	[0, 1.25, 3.50, 1.00, 0, 1.00, 1.00, 0],
	[0, 1.25, 3.50, 1.00, 0, 1.00, 1.00, 0],
	[0, 1.25, 3.50, 1.00, 0, 1.00, 1.00, 0],
	[0, 1.25, 3.50, 1.00, 0, 1.00, 1.00, 0],
	[0, 1.50, 4.00, 1.00, 0, 1.00, 1.00, 1.00],
	[0, 1.50, 4.00, 1.00, 0, 1.00, 1.00, 1.00],
	[0, 1.50, 4.00, 1.00, 0, 1.00, 1.00, 1.00],
	[0, 1.50, 4.00, 1.00, 0, 1.00, 1.00, 1.00],
	[1.00, 2.50, 5.25, 1.00, 2.00, 1.25, 1.25, 2.00],
	[1.00, 2.50, 5.25, 1.00, 2.00, 1.25, 1.25, 2.00],
	[1.00, 2.50, 5.25, 1.00, 2.00, 1.25, 1.25, 2.00],
	[1.00, 2.50, 5.25, 1.00, 2.00, 1.25, 1.25, 2.00],
	[0, 2.75, 5.50, 1.00, 2.25, 1.50, 1.50, 2.50],
	[0, 2.75, 5.50, 1.00, 2.25, 1.50, 1.50, 2.50],
	[0, 2.75, 5.50, 1.00, 2.25, 1.50, 1.50, 2.50],
	[0, 2.75, 5.50, 1.00, 2.25, 1.50, 1.50, 2.50],
	[1.25, 3.00, 5.75, 1.00, 2.50, 1.50, 1.75, 2.50],
	[1.25, 3.00, 5.75, 1.00, 2.50, 1.50, 1.75, 2.50],
	[1.25, 3.00, 5.75, 1.00, 2.50, 1.50, 1.75, 2.50],
	[1.25, 3.00, 5.75, 1.00, 2.50, 1.50, 1.75, 2.50],
	[1.25, 3.00, 5.75, 1.00, 2.50, 1.50, 1.75, 2.75],
	[1.25, 3.00, 5.75, 1.00, 2.50, 1.50, 1.75, 2.75],
	[1.25, 3.00, 5.75, 1.00, 2.50, 1.50, 1.75, 2.75],
	[1.25, 3.00, 5.75, 1.00, 2.50, 1.50, 1.75, 2.75],
	[1.00, 3.00, 6.00, 1.00, 2.50, 1.50, 1.50, 2.50],
	[1.00, 3.00, 6.00, 1.00, 2.50, 1.50, 1.50, 2.50],
	[1.00, 3.00, 6.00, 1.00, 2.50, 1.50, 1.50, 2.50],
	[1.00, 3.00, 6.00, 1.00, 2.50, 1.50, 1.50, 2.50],
	[1.00, 2.50, 5.50, 1.00, 2.25, 1.25, 1.00, 2.00],
	[1.00, 2.50, 5.50, 1.00, 2.25, 1.25, 1.00, 2.00],
	[1.00, 2.50, 5.50, 1.00, 2.25, 1.25, 1.00, 2.00],
	[1.00, 2.50, 5.50, 1.00, 2.25, 1.25, 1.00, 2.00],
	[1.00, 2.75, 0, 0, 0, 0, 0, 0],
	[1.00, 2.75, 0, 0, 0, 0, 0, 0],
	[1.00, 2.75, 0, 0, 0, 0, 0, 0],
	[1.00, 2.75, 0, 0, 0, 0, 0, 0],
	[1.25, 3.00, 0, 0, 0, 0, 0, 0],
	[1.25, 3.00, 0, 0, 0, 0, 0, 0],
	[1.25, 3.00, 0, 0, 0, 0, 0, 0],
	[1.25, 3.00, 0, 0, 0, 0, 0, 0],
	[1.00, 3.00, 0, 0, 0, 0, 0, 0],
	[1.00, 3.00, 0, 0, 0, 0, 0, 0],
	[1.00, 3.00, 0, 0, 0, 0, 0, 0],
	[1.00, 3.00, 0, 0, 0, 0, 0, 0],
	[0, 0, 0, 0, 0, 0, 0, 0],
	[0, 0, 0, 0, 0, 0, 0, 0],
	[0, 0, 0, 0, 0, 0, 0, 0],
	[0, 0, 0, 0, 0, 0, 0, 0],
	[0, 0, 0, 0, 0, 0, 0, 0],
	[0, 0, 0, 0, 0, 0, 0, 0],
	[0, 0, 0, 0, 0, 0, 0, 0],
	[0, 0, 0, 0, 0, 0, 0, 0],
	[0, 0, 0, 0, 0, 0, 0, 0],
	[0, 0, 0, 0, 0, 0, 0, 0],
	[0, 0, 0, 0, 0, 0, 0, 0],
	[0, 0, 0, 0, 0, 0, 0, 0],
	[0, 0, 0, 0, 0, 0, 0, 0],
	[0, 0, 0, 0, 0, 0, 0, 0],
	[0, 0, 0, 0, 0, 0, 0, 0],
	[0, 0, 0, 0, 0, 0, 0, 0] ]
overcost [
	[0, 0, 0, 0, 0, 0, 0, 0],
	[0, 0, 0, 0, 0, 0, 0, 0],
	[0, 0, 0, 0, 0, 0, 0, 0],
	[0, 0, 0, 0, 0, 0, 0, 0],
	[0, 0, 0, 0, 0, 0, 0, 0],
	[0, 0, 0, 0, 0, 0, 0, 0],
	[0, 0, 0, 0, 0, 0, 0, 0],
	[0, 0, 0, 0, 0, 0, 0, 0],
	[0, 0, 0, 0, 0, 0, 0, 0],
	[0, 0, 0, 0, 0, 0, 0, 0],
	[0, 0, 0, 0, 0, 0, 0, 0],
	[0, 0, 0, 0, 0, 0, 0, 0],
	[0, 0, 0, 0, 0, 0, 0, 0],
	[0, 0, 0, 0, 0, 0, 0, 0],
	[0, 0, 0, 0, 0, 0, 0, 0],
	[0, 0, 0, 0, 0, 0, 0, 0],
	[0, 0, 0, 0, 0, 0, 0, 0],
	[0, 0, 0, 0, 0, 0, 0, 0],
	[0, 0, 0, 0, 0, 0, 0, 0],
	[0, 0, 0, 0, 0, 0, 0, 0],
	[0, 0, 0, 0, 0, 0, 0, 0],
	[0, 0, 0, 0, 0, 0, 0, 0],
	[0, 0, 0, 0, 0, 0, 0, 0],
	[0, 0, 0, 0, 0, 0, 0, 0],
	[0, 0, 0, 0, 0, 0, 0, 0],
	[0, 0, 0, 0, 0, 0, 0, 0],
	[0, 0, 0, 0, 0, 0, 0, 0],
	[0, 0, 0, 0, 0, 0, 0, 0],
	[0, 0, 0, 0, 0, 0, 0, 0],
	[0, 0, 0, 0, 0, 0, 0, 0],
	[0, 0, 0, 0, 0, 0, 0, 0],
	[0, 0, 0, 0, 0, 0, 0, 0],
	[0, 0, 0, 9.965963e+00, 0, 0, 1.099643e+01, 0],
	[0, 0, 0, 9.965963e+00, 0, 0, 1.099643e+01, 0],
	[0, 0, 0, 9.965963e+00, 0, 0, 1.099643e+01, 0],
	[0, 0, 0, 9.965963e+00, 0, 0, 1.099643e+01, 0],
	[0, 2.591578e+00, 1.198608e+00, 7.399411e+00, 0, 7.009552e+00, 1.081944e+01, 0],
	[0, 2.591578e+00, 1.198608e+00, 7.399411e+00, 0, 7.009552e+00, 1.081944e+01, 0],
	[0, 2.591578e+00, 1.198608e+00, 7.399411e+00, 0, 7.009552e+00, 1.081944e+01, 0],
	[0, 2.591578e+00, 1.198608e+00, 7.399411e+00, 0, 7.009552e+00, 1.081944e+01, 0],
	[0, 1.451308e+00, 8.701052e-01, 6.057559e+00, 0, 4.796506e+00, 7.675875e+00, 2.180788e+00],
	[0, 1.451308e+00, 8.701052e-01, 6.057559e+00, 0, 4.796506e+00, 7.675875e+00, 2.180788e+00],
	[0, 1.451308e+00, 8.701052e-01, 6.057559e+00, 0, 4.796506e+00, 7.675875e+00, 2.180788e+00],
	[0, 1.451308e+00, 8.701052e-01, 6.057559e+00, 0, 4.796506e+00, 7.675875e+00, 2.180788e+00],
	[3.097702e+00, 1.446940e+00, 7.740099e-01, 3.880767e+00, 9.405854e-01, 2.473003e+00, 2.850820e+00, 1.298508e+00],
	[3.097702e+00, 1.446940e+00, 7.740099e-01, 3.880767e+00, 9.405854e-01, 2.473003e+00, 2.850820e+00, 1.298508e+00],
	[3.097702e+00, 1.446940e+00, 7.740099e-01, 3.880767e+00, 9.405854e-01, 2.473003e+00, 2.850820e+00, 1.298508e+00],
	[3.097702e+00, 1.446940e+00, 7.740099e-01, 3.880767e+00, 9.405854e-01, 2.473003e+00, 2.850820e+00, 1.298508e+00],
	[0, 1.176599e+00, 6.742221e-01, 3.229618e+00, 1.117295e+00, 2.053103e+00, 1.610786e+00, 1.225206e+00],
	[0, 1.176599e+00, 6.742221e-01, 3.229618e+00, 1.117295e+00, 2.053103e+00, 1.610786e+00, 1.225206e+00],
	[0, 1.176599e+00, 6.742221e-01, 3.229618e+00, 1.117295e+00, 2.053103e+00, 1.610786e+00, 1.225206e+00],
	[0, 1.176599e+00, 6.742221e-01, 3.229618e+00, 1.117295e+00, 2.053103e+00, 1.610786e+00, 1.225206e+00],
	[2.446384e+00, 1.319273e+00, 6.936341e-01, 2.891429e+00, 1.343259e+00, 1.630840e+00, 1.773920e+00, 7.974702e-01],
	[2.446384e+00, 1.319273e+00, 6.936341e-01, 2.891429e+00, 1.343259e+00, 1.630840e+00, 1.773920e+00, 7.974702e-01],
	[2.446384e+00, 1.319273e+00, 6.936341e-01, 2.891429e+00, 1.343259e+00, 1.630840e+00, 1.773920e+00, 7.974702e-01],
	[2.446384e+00, 1.319273e+00, 6.936341e-01, 2.891429e+00, 1.343259e+00, 1.630840e+00, 1.773920e+00, 7.974702e-01],
	[2.354203e+00, 1.180873e+00, 5.269075e-01, 2.811388e+00, 1.251769e+00, 1.513530e+00, 1.683652e+00, 1.181862e+00],
	[2.354203e+00, 1.180873e+00, 5.269075e-01, 2.811388e+00, 1.251769e+00, 1.513530e+00, 1.683652e+00, 1.181862e+00],
	[2.354203e+00, 1.180873e+00, 5.269075e-01, 2.811388e+00, 1.251769e+00, 1.513530e+00, 1.683652e+00, 1.181862e+00],
	[2.354203e+00, 1.180873e+00, 5.269075e-01, 2.811388e+00, 1.251769e+00, 1.513530e+00, 1.683652e+00, 1.181862e+00],
	[1.780694e+00, 1.272929e+00, 6.765836e-01, 2.918444e+00, 1.198142e+00, 1.841971e+00, 1.579739e+00, 1.009341e+00],
	[1.780694e+00, 1.272929e+00, 6.765836e-01, 2.918444e+00, 1.198142e+00, 1.841971e+00, 1.579739e+00, 1.009341e+00],
	[1.780694e+00, 1.272929e+00, 6.765836e-01, 2.918444e+00, 1.198142e+00, 1.841971e+00, 1.579739e+00, 1.009341e+00],
	[1.780694e+00, 1.272929e+00, 6.765836e-01, 2.918444e+00, 1.198142e+00, 1.841971e+00, 1.579739e+00, 1.009341e+00],
	[3.145933e+00, 1.285785e+00, 7.470420e-01, 3.865727e+00, 1.357778e+00, 2.487860e+00, 2.223065e+00, 1.376699e+00],
	[3.145933e+00, 1.285785e+00, 7.470420e-01, 3.865727e+00, 1.357778e+00, 2.487860e+00, 2.223065e+00, 1.376699e+00],
	[3.145933e+00, 1.285785e+00, 7.470420e-01, 3.865727e+00, 1.357778e+00, 2.487860e+00, 2.223065e+00, 1.376699e+00],
	[3.145933e+00, 1.285785e+00, 7.470420e-01, 3.865727e+00, 1.357778e+00, 2.487860e+00, 2.223065e+00, 1.376699e+00],
	[2.595343e+00, 1.367137e+00, 0, 0, 0, 0, 0, 0],
	[2.595343e+00, 1.367137e+00, 0, 0, 0, 0, 0, 0],
	[2.595343e+00, 1.367137e+00, 0, 0, 0, 0, 0, 0],
	[2.595343e+00, 1.367137e+00, 0, 0, 0, 0, 0, 0],
	[2.334217e+00, 9.257825e-01, 0, 0, 0, 0, 0, 0],
	[2.334217e+00, 9.257825e-01, 0, 0, 0, 0, 0, 0],
	[2.334217e+00, 9.257825e-01, 0, 0, 0, 0, 0, 0],
	[2.334217e+00, 9.257825e-01, 0, 0, 0, 0, 0, 0],
	[2.275729e+00, 1.249447e+00, 0, 0, 0, 0, 0, 0],
	[2.275729e+00, 1.249447e+00, 0, 0, 0, 0, 0, 0],
	[2.275729e+00, 1.249447e+00, 0, 0, 0, 0, 0, 0],
	[2.275729e+00, 1.249447e+00, 0, 0, 0, 0, 0, 0],
	[0, 0, 0, 0, 0, 0, 0, 0],
	[0, 0, 0, 0, 0, 0, 0, 0],
	[0, 0, 0, 0, 0, 0, 0, 0],
	[0, 0, 0, 0, 0, 0, 0, 0],
	[0, 0, 0, 0, 0, 0, 0, 0],
	[0, 0, 0, 0, 0, 0, 0, 0],
	[0, 0, 0, 0, 0, 0, 0, 0],
	[0, 0, 0, 0, 0, 0, 0, 0],
	[0, 0, 0, 0, 0, 0, 0, 0],
	[0, 0, 0, 0, 0, 0, 0, 0],
	[0, 0, 0, 0, 0, 0, 0, 0],
	[0, 0, 0, 0, 0, 0, 0, 0],
	[0, 0, 0, 0, 0, 0, 0, 0],
	[0, 0, 0, 0, 0, 0, 0, 0],
	[0, 0, 0, 0, 0, 0, 0, 0],
	[0, 0, 0, 0, 0, 0, 0, 0] ]
undercost [
	[0, 0, 0, 0, 0, 0, 0, 0],
	[0, 0, 0, 0, 0, 0, 0, 0],
	[0, 0, 0, 0, 0, 0, 0, 0],
	[0, 0, 0, 0, 0, 0, 0, 0],
	[0, 0, 0, 0, 0, 0, 0, 0],
	[0, 0, 0, 0, 0, 0, 0, 0],
	[0, 0, 0, 0, 0, 0, 0, 0],
	[0, 0, 0, 0, 0, 0, 0, 0],
	[0, 0, 0, 0, 0, 0, 0, 0],
	[0, 0, 0, 0, 0, 0, 0, 0],
	[0, 0, 0, 0, 0, 0, 0, 0],
	[0, 0, 0, 0, 0, 0, 0, 0],
	[0, 0, 0, 0, 0, 0, 0, 0],
	[0, 0, 0, 0, 0, 0, 0, 0],
	[0, 0, 0, 0, 0, 0, 0, 0],
	[0, 0, 0, 0, 0, 0, 0, 0],
	[0, 0, 0, 0, 0, 0, 0, 0],
	[0, 0, 0, 0, 0, 0, 0, 0],
	[0, 0, 0, 0, 0, 0, 0, 0],
	[0, 0, 0, 0, 0, 0, 0, 0],
	[0, 0, 0, 0, 0, 0, 0, 0],
	[0, 0, 0, 0, 0, 0, 0, 0],
	[0, 0, 0, 0, 0, 0, 0, 0],
	[0, 0, 0, 0, 0, 0, 0, 0],
	[0, 0, 0, 0, 0, 0, 0, 0],
	[0, 0, 0, 0, 0, 0, 0, 0],
	[0, 0, 0, 0, 0, 0, 0, 0],
	[0, 0, 0, 0, 0, 0, 0, 0],
	[0, 0, 0, 0, 0, 0, 0, 0],
	[0, 0, 0, 0, 0, 0, 0, 0],
	[0, 0, 0, 0, 0, 0, 0, 0],
	[0, 0, 0, 0, 0, 0, 0, 0],
	[0, 0, 0, 1.000000e+06, 0, 0, 1.000000e+06, 0],
	[0, 0, 0, 1.000000e+06, 0, 0, 1.000000e+06, 0],
	[0, 0, 0, 1.000000e+06, 0, 0, 1.000000e+06, 0],
	[0, 0, 0, 1.000000e+06, 0, 0, 1.000000e+06, 0],
	[0, 1.000000e+06, 1.013608e+00, 1.000000e+06, 0, 1.000000e+06, 1.000000e+06, 0],
	[0, 1.000000e+06, 1.013608e+00, 1.000000e+06, 0, 1.000000e+06, 1.000000e+06, 0],
	[0, 1.000000e+06, 1.013608e+00, 1.000000e+06, 0, 1.000000e+06, 1.000000e+06, 0],
	[0, 1.000000e+06, 1.013608e+00, 1.000000e+06, 0, 1.000000e+06, 1.000000e+06, 0],
	[0, 1.000000e+06, 1.093433e+00, 1.000000e+06, 0, 1.000000e+06, 1.000000e+06, 1.000000e+06],
	[0, 1.000000e+06, 1.093433e+00, 1.000000e+06, 0, 1.000000e+06, 1.000000e+06, 1.000000e+06],
	[0, 1.000000e+06, 1.093433e+00, 1.000000e+06, 0, 1.000000e+06, 1.000000e+06, 1.000000e+06],
	[0, 1.000000e+06, 1.093433e+00, 1.000000e+06, 0, 1.000000e+06, 1.000000e+06, 1.000000e+06],
	[1.000000e+06, 1.761604e+00, 6.965549e-01, 1.000000e+06, 2.735855e+00, 1.000000e+06, 1.000000e+06, 2.254470e+00],
	[1.000000e+06, 1.761604e+00, 6.965549e-01, 1.000000e+06, 2.735855e+00, 1.000000e+06, 1.000000e+06, 2.254470e+00],
	[1.000000e+06, 1.761604e+00, 6.965549e-01, 1.000000e+06, 2.735855e+00, 1.000000e+06, 1.000000e+06, 2.254470e+00],
	[1.000000e+06, 1.761604e+00, 6.965549e-01, 1.000000e+06, 2.735855e+00, 1.000000e+06, 1.000000e+06, 2.254470e+00],
	[0, 1.753133e+00, 7.364341e-01, 1.000000e+06, 1.966340e+00, 1.000000e+06, 1.000000e+06, 1.461550e+00],
	[0, 1.753133e+00, 7.364341e-01, 1.000000e+06, 1.966340e+00, 1.000000e+06, 1.000000e+06, 1.461550e+00],
	[0, 1.753133e+00, 7.364341e-01, 1.000000e+06, 1.966340e+00, 1.000000e+06, 1.000000e+06, 1.461550e+00],
	[0, 1.753133e+00, 7.364341e-01, 1.000000e+06, 1.966340e+00, 1.000000e+06, 1.000000e+06, 1.461550e+00],
	[1.000000e+06, 1.287344e+00, 6.489034e-01, 1.000000e+06, 1.294069e+00, 1.000000e+06, 1.000000e+06, 2.023037e+00],
	[1.000000e+06, 1.287344e+00, 6.489034e-01, 1.000000e+06, 1.294069e+00, 1.000000e+06, 1.000000e+06, 2.023037e+00],
	[1.000000e+06, 1.287344e+00, 6.489034e-01, 1.000000e+06, 1.294069e+00, 1.000000e+06, 1.000000e+06, 2.023037e+00],
	[1.000000e+06, 1.287344e+00, 6.489034e-01, 1.000000e+06, 1.294069e+00, 1.000000e+06, 1.000000e+06, 2.023037e+00],
	[1.000000e+06, 1.461062e+00, 8.362966e-01, 1.000000e+06, 1.413835e+00, 1.000000e+06, 1.000000e+06, 1.223752e+00],
	[1.000000e+06, 1.461062e+00, 8.362966e-01, 1.000000e+06, 1.413835e+00, 1.000000e+06, 1.000000e+06, 1.223752e+00],
	[1.000000e+06, 1.461062e+00, 8.362966e-01, 1.000000e+06, 1.413835e+00, 1.000000e+06, 1.000000e+06, 1.223752e+00],
	[1.000000e+06, 1.461062e+00, 8.362966e-01, 1.000000e+06, 1.413835e+00, 1.000000e+06, 1.000000e+06, 1.223752e+00],
	[1.000000e+06, 1.348260e+00, 6.089661e-01, 1.000000e+06, 1.490127e+00, 1.000000e+06, 1.000000e+06, 1.749048e+00],
	[1.000000e+06, 1.348260e+00, 6.089661e-01, 1.000000e+06, 1.490127e+00, 1.000000e+06, 1.000000e+06, 1.749048e+00],
	[1.000000e+06, 1.348260e+00, 6.089661e-01, 1.000000e+06, 1.490127e+00, 1.000000e+06, 1.000000e+06, 1.749048e+00],
	[1.000000e+06, 1.348260e+00, 6.089661e-01, 1.000000e+06, 1.490127e+00, 1.000000e+06, 1.000000e+06, 1.749048e+00],
	[1.000000e+06, 1.975289e+00, 6.554813e-01, 1.000000e+06, 1.655605e+00, 1.000000e+06, 1.000000e+06, 2.145655e+00],
	[1.000000e+06, 1.975289e+00, 6.554813e-01, 1.000000e+06, 1.655605e+00, 1.000000e+06, 1.000000e+06, 2.145655e+00],
	[1.000000e+06, 1.975289e+00, 6.554813e-01, 1.000000e+06, 1.655605e+00, 1.000000e+06, 1.000000e+06, 2.145655e+00],
	[1.000000e+06, 1.975289e+00, 6.554813e-01, 1.000000e+06, 1.655605e+00, 1.000000e+06, 1.000000e+06, 2.145655e+00],
	[1.000000e+06, 1.514549e+00, 0, 0, 0, 0, 0, 0],
	[1.000000e+06, 1.514549e+00, 0, 0, 0, 0, 0, 0],
	[1.000000e+06, 1.514549e+00, 0, 0, 0, 0, 0, 0],
	[1.000000e+06, 1.514549e+00, 0, 0, 0, 0, 0, 0],
	[1.000000e+06, 1.784806e+00, 0, 0, 0, 0, 0, 0],
	[1.000000e+06, 1.784806e+00, 0, 0, 0, 0, 0, 0],
	[1.000000e+06, 1.784806e+00, 0, 0, 0, 0, 0, 0],
	[1.000000e+06, 1.784806e+00, 0, 0, 0, 0, 0, 0],
	[1.000000e+06, 1.384030e+00, 0, 0, 0, 0, 0, 0],
	[1.000000e+06, 1.384030e+00, 0, 0, 0, 0, 0, 0],
	[1.000000e+06, 1.384030e+00, 0, 0, 0, 0, 0, 0],
	[1.000000e+06, 1.384030e+00, 0, 0, 0, 0, 0, 0],
	[0, 0, 0, 0, 0, 0, 0, 0],
	[0, 0, 0, 0, 0, 0, 0, 0],
	[0, 0, 0, 0, 0, 0, 0, 0],
	[0, 0, 0, 0, 0, 0, 0, 0],
	[0, 0, 0, 0, 0, 0, 0, 0],
	[0, 0, 0, 0, 0, 0, 0, 0],
	[0, 0, 0, 0, 0, 0, 0, 0],
	[0, 0, 0, 0, 0, 0, 0, 0],
	[0, 0, 0, 0, 0, 0, 0, 0],
	[0, 0, 0, 0, 0, 0, 0, 0],
	[0, 0, 0, 0, 0, 0, 0, 0],
	[0, 0, 0, 0, 0, 0, 0, 0],
	[0, 0, 0, 0, 0, 0, 0, 0],
	[0, 0, 0, 0, 0, 0, 0, 0],
	[0, 0, 0, 0, 0, 0, 0, 0],
	[0, 0, 0, 0, 0, 0, 0, 0] ]
