670 818 1483 3224
SHOE
ACT	4
SHIFT	96
demand [
	[0, 0, 0, 0],
	[0, 0, 0, 0],
	[0, 0, 0, 0],
	[0, 0, 0, 0],
	[0, 0, 0, 0],
	[0, 0, 0, 0],
	[0, 0, 0, 0],
	[0, 0, 0, 0],
	[0, 0, 0, 0],
	[0, 0, 0, 0],
	[0, 0, 0, 0],
	[0, 0, 0, 0],
	[0, 0, 0, 0],
	[0, 0, 0, 0],
	[0, 0, 0, 0],
	[0, 0, 0, 0],
	[0, 0, 0, 0],
	[0, 0, 0, 0],
	[0, 0, 0, 0],
	[0, 0, 0, 0],
	[0, 0, 0, 0],
	[0, 0, 0, 0],
	[0, 0, 0, 0],
	[0, 0, 0, 0],
	[0, 0, 0, 0],
	[0, 0, 0, 0],
	[0, 0, 0, 0],
	[0, 0, 0, 0],
	[0, 0, 0, 0],
	[0, 0, 0, 0],
	[0, 0, 0, 0],
	[0, 0, 0, 0],
	[0, 0, 0, 0],
	[0, 0, 0, 0],
	[0, 0, 0, 0],
	[0, 0, 0, 0],
	[1.00, 0, 1.00, 1.00],
	[1.00, 0, 1.00, 1.00],
	[1.00, 0, 1.00, 1.00],
	[1.00, 0, 1.00, 1.00],
	[1.25, 1.00, 1.00, 1.00],
	[1.25, 1.00, 1.00, 1.00],
	[1.25, 1.00, 1.00, 1.00],
	[1.25, 1.00, 1.00, 1.00],
	[1.75, 0, 1.00, 1.50],
	[1.75, 0, 1.00, 1.50],
	[1.75, 0, 1.00, 1.50],
	[1.75, 0, 1.00, 1.50],
	[1.75, 1.00, 1.00, 2.50],
	[1.75, 1.00, 1.00, 2.50],
	[1.75, 1.00, 1.00, 2.50],
	[1.75, 1.00, 1.00, 2.50],
	[2.00, 1.00, 1.00, 3.00],
	[2.00, 1.00, 1.00, 3.00],
	[2.00, 1.00, 1.00, 3.00],
	[2.00, 1.00, 1.00, 3.00],
	[2.00, 1.25, 1.00, 3.00],
	[2.00, 1.25, 1.00, 3.00],
	[2.00, 1.25, 1.00, 3.00],
	[2.00, 1.25, 1.00, 3.00],
	[2.00, 1.00, 1.00, 2.50],
	[2.00, 1.00, 1.00, 2.50],
	[2.00, 1.00, 1.00, 2.50],
	[2.00, 1.00, 1.00, 2.50],
	[1.75, 1.00, 1.00, 1.50],
	[1.75, 1.00, 1.00, 1.50],
	[1.75, 1.00, 1.00, 1.50],
	[1.75, 1.00, 1.00, 1.50],
	[1.75, 1.00, 1.00, 0],
	[1.75, 1.00, 1.00, 0],
	[1.75, 1.00, 1.00, 0],
	[1.75, 1.00, 1.00, 0],
	[2.00, 1.25, 1.25, 0],
	[2.00, 1.25, 1.25, 0],
	[2.00, 1.25, 1.25, 0],
	[2.00, 1.25, 1.25, 0],
	[2.25, 1.00, 1.00, 0],
	[2.25, 1.00, 1.00, 0],
	[2.25, 1.00, 1.00, 0],
	[2.25, 1.00, 1.00, 0],
	[0, 0, 0, 0],
	[0, 0, 0, 0],
	[0, 0, 0, 0],
	[0, 0, 0, 0],
	[0, 0, 0, 0],
	[0, 0, 0, 0],
	[0, 0, 0, 0],
	[0, 0, 0, 0],
	[0, 0, 0, 0],
	[0, 0, 0, 0],
	[0, 0, 0, 0],
	[0, 0, 0, 0],
	[0, 0, 0, 0],
	[0, 0, 0, 0],
	[0, 0, 0, 0],
	[0, 0, 0, 0] ]
overcost [
	[0, 0, 0, 0],
	[0, 0, 0, 0],
	[0, 0, 0, 0],
	[0, 0, 0, 0],
	[0, 0, 0, 0],
	[0, 0, 0, 0],
	[0, 0, 0, 0],
	[0, 0, 0, 0],
	[0, 0, 0, 0],
	[0, 0, 0, 0],
	[0, 0, 0, 0],
	[0, 0, 0, 0],
	[0, 0, 0, 0],
	[0, 0, 0, 0],
	[0, 0, 0, 0],
	[0, 0, 0, 0],
	[0, 0, 0, 0],
	[0, 0, 0, 0],
	[0, 0, 0, 0],
	[0, 0, 0, 0],
	[0, 0, 0, 0],
	[0, 0, 0, 0],
	[0, 0, 0, 0],
	[0, 0, 0, 0],
	[0, 0, 0, 0],
	[0, 0, 0, 0],
	[0, 0, 0, 0],
	[0, 0, 0, 0],
	[0, 0, 0, 0],
	[0, 0, 0, 0],
	[0, 0, 0, 0],
	[0, 0, 0, 0],
	[0, 0, 0, 0],
	[0, 0, 0, 0],
	[0, 0, 0, 0],
	[0, 0, 0, 0],
	[3.389933e+00, 0, 7.289937e+00, 8.598937e+00],
	[3.389933e+00, 0, 7.289937e+00, 8.598937e+00],
	[3.389933e+00, 0, 7.289937e+00, 8.598937e+00],
	[3.389933e+00, 0, 7.289937e+00, 8.598937e+00],
	[2.694187e+00, 5.684541e+00, 5.593939e+00, 8.551507e+00],
	[2.694187e+00, 5.684541e+00, 5.593939e+00, 8.551507e+00],
	[2.694187e+00, 5.684541e+00, 5.593939e+00, 8.551507e+00],
	[2.694187e+00, 5.684541e+00, 5.593939e+00, 8.551507e+00],
	[1.920204e+00, 0, 3.031908e+00, 1.413522e+00],
	[1.920204e+00, 0, 3.031908e+00, 1.413522e+00],
	[1.920204e+00, 0, 3.031908e+00, 1.413522e+00],
	[1.920204e+00, 0, 3.031908e+00, 1.413522e+00],
	[1.425001e+00, 1.930092e+00, 2.128840e+00, 8.843080e-01],
	[1.425001e+00, 1.930092e+00, 2.128840e+00, 8.843080e-01],
	[1.425001e+00, 1.930092e+00, 2.128840e+00, 8.843080e-01],
	[1.425001e+00, 1.930092e+00, 2.128840e+00, 8.843080e-01],
	[1.790535e+00, 1.525774e+00, 1.739998e+00, 1.098646e+00],
	[1.790535e+00, 1.525774e+00, 1.739998e+00, 1.098646e+00],
	[1.790535e+00, 1.525774e+00, 1.739998e+00, 1.098646e+00],
	[1.790535e+00, 1.525774e+00, 1.739998e+00, 1.098646e+00],
	[1.688035e+00, 2.250762e+00, 1.675381e+00, 1.019019e+00],
	[1.688035e+00, 2.250762e+00, 1.675381e+00, 1.019019e+00],
	[1.688035e+00, 2.250762e+00, 1.675381e+00, 1.019019e+00],
	[1.688035e+00, 2.250762e+00, 1.675381e+00, 1.019019e+00],
	[1.661599e+00, 1.788389e+00, 1.928950e+00, 1.078636e+00],
	[1.661599e+00, 1.788389e+00, 1.928950e+00, 1.078636e+00],
	[1.661599e+00, 1.788389e+00, 1.928950e+00, 1.078636e+00],
	[1.661599e+00, 1.788389e+00, 1.928950e+00, 1.078636e+00],
	[1.790477e+00, 3.120336e+00, 3.123191e+00, 2.110740e+00],
	[1.790477e+00, 3.120336e+00, 3.123191e+00, 2.110740e+00],
	[1.790477e+00, 3.120336e+00, 3.123191e+00, 2.110740e+00],
	[1.790477e+00, 3.120336e+00, 3.123191e+00, 2.110740e+00],
	[1.346767e+00, 2.579385e+00, 2.579057e+00, 0],
	[1.346767e+00, 2.579385e+00, 2.579057e+00, 0],
	[1.346767e+00, 2.579385e+00, 2.579057e+00, 0],
	[1.346767e+00, 2.579385e+00, 2.579057e+00, 0],
	[1.198737e+00, 2.250863e+00, 2.304984e+00, 0],
	[1.198737e+00, 2.250863e+00, 2.304984e+00, 0],
	[1.198737e+00, 2.250863e+00, 2.304984e+00, 0],
	[1.198737e+00, 2.250863e+00, 2.304984e+00, 0],
	[1.697913e+00, 2.305765e+00, 1.984254e+00, 0],
	[1.697913e+00, 2.305765e+00, 1.984254e+00, 0],
	[1.697913e+00, 2.305765e+00, 1.984254e+00, 0],
	[1.697913e+00, 2.305765e+00, 1.984254e+00, 0],
	[0, 0, 0, 0],
	[0, 0, 0, 0],
	[0, 0, 0, 0],
	[0, 0, 0, 0],
	[0, 0, 0, 0],
	[0, 0, 0, 0],
	[0, 0, 0, 0],
	[0, 0, 0, 0],
	[0, 0, 0, 0],
	[0, 0, 0, 0],
	[0, 0, 0, 0],
	[0, 0, 0, 0],
	[0, 0, 0, 0],
	[0, 0, 0, 0],
	[0, 0, 0, 0],
	[0, 0, 0, 0] ]
undercost [
	[0, 0, 0, 0],
	[0, 0, 0, 0],
	[0, 0, 0, 0],
	[0, 0, 0, 0],
	[0, 0, 0, 0],
	[0, 0, 0, 0],
	[0, 0, 0, 0],
	[0, 0, 0, 0],
	[0, 0, 0, 0],
	[0, 0, 0, 0],
	[0, 0, 0, 0],
	[0, 0, 0, 0],
	[0, 0, 0, 0],
	[0, 0, 0, 0],
	[0, 0, 0, 0],
	[0, 0, 0, 0],
	[0, 0, 0, 0],
	[0, 0, 0, 0],
	[0, 0, 0, 0],
	[0, 0, 0, 0],
	[0, 0, 0, 0],
	[0, 0, 0, 0],
	[0, 0, 0, 0],
	[0, 0, 0, 0],
	[0, 0, 0, 0],
	[0, 0, 0, 0],
	[0, 0, 0, 0],
	[0, 0, 0, 0],
	[0, 0, 0, 0],
	[0, 0, 0, 0],
	[0, 0, 0, 0],
	[0, 0, 0, 0],
	[0, 0, 0, 0],
	[0, 0, 0, 0],
	[0, 0, 0, 0],
	[0, 0, 0, 0],
	[1.000000e+06, 0, 1.000000e+06, 1.000000e+06],
	[1.000000e+06, 0, 1.000000e+06, 1.000000e+06],
	[1.000000e+06, 0, 1.000000e+06, 1.000000e+06],
	[1.000000e+06, 0, 1.000000e+06, 1.000000e+06],
	[1.000000e+06, 1.000000e+06, 1.000000e+06, 1.000000e+06],
	[1.000000e+06, 1.000000e+06, 1.000000e+06, 1.000000e+06],
	[1.000000e+06, 1.000000e+06, 1.000000e+06, 1.000000e+06],
	[1.000000e+06, 1.000000e+06, 1.000000e+06, 1.000000e+06],
	[1.000000e+06, 0, 1.000000e+06, 1.000000e+06],
	[1.000000e+06, 0, 1.000000e+06, 1.000000e+06],
	[1.000000e+06, 0, 1.000000e+06, 1.000000e+06],
	[1.000000e+06, 0, 1.000000e+06, 1.000000e+06],
	[1.000000e+06, 1.000000e+06, 1.000000e+06, 1.994480e+00],
	[1.000000e+06, 1.000000e+06, 1.000000e+06, 1.994480e+00],
	[1.000000e+06, 1.000000e+06, 1.000000e+06, 1.994480e+00],
	[1.000000e+06, 1.000000e+06, 1.000000e+06, 1.994480e+00],
	[2.169493e+00, 1.000000e+06, 1.000000e+06, 1.157642e+00],
	[2.169493e+00, 1.000000e+06, 1.000000e+06, 1.157642e+00],
	[2.169493e+00, 1.000000e+06, 1.000000e+06, 1.157642e+00],
	[2.169493e+00, 1.000000e+06, 1.000000e+06, 1.157642e+00],
	[2.313769e+00, 1.000000e+06, 1.000000e+06, 1.257770e+00],
	[2.313769e+00, 1.000000e+06, 1.000000e+06, 1.257770e+00],
	[2.313769e+00, 1.000000e+06, 1.000000e+06, 1.257770e+00],
	[2.313769e+00, 1.000000e+06, 1.000000e+06, 1.257770e+00],
	[2.363118e+00, 1.000000e+06, 1.000000e+06, 1.740292e+00],
	[2.363118e+00, 1.000000e+06, 1.000000e+06, 1.740292e+00],
	[2.363118e+00, 1.000000e+06, 1.000000e+06, 1.740292e+00],
	[2.363118e+00, 1.000000e+06, 1.000000e+06, 1.740292e+00],
	[1.000000e+06, 1.000000e+06, 1.000000e+06, 1.000000e+06],
	[1.000000e+06, 1.000000e+06, 1.000000e+06, 1.000000e+06],
	[1.000000e+06, 1.000000e+06, 1.000000e+06, 1.000000e+06],
	[1.000000e+06, 1.000000e+06, 1.000000e+06, 1.000000e+06],
	[1.000000e+06, 1.000000e+06, 1.000000e+06, 0],
	[1.000000e+06, 1.000000e+06, 1.000000e+06, 0],
	[1.000000e+06, 1.000000e+06, 1.000000e+06, 0],
	[1.000000e+06, 1.000000e+06, 1.000000e+06, 0],
	[3.023517e+00, 1.000000e+06, 1.000000e+06, 0],
	[3.023517e+00, 1.000000e+06, 1.000000e+06, 0],
	[3.023517e+00, 1.000000e+06, 1.000000e+06, 0],
	[3.023517e+00, 1.000000e+06, 1.000000e+06, 0],
	[1.773857e+00, 1.000000e+06, 1.000000e+06, 0],
	[1.773857e+00, 1.000000e+06, 1.000000e+06, 0],
	[1.773857e+00, 1.000000e+06, 1.000000e+06, 0],
	[1.773857e+00, 1.000000e+06, 1.000000e+06, 0],
	[0, 0, 0, 0],
	[0, 0, 0, 0],
	[0, 0, 0, 0],
	[0, 0, 0, 0],
	[0, 0, 0, 0],
	[0, 0, 0, 0],
	[0, 0, 0, 0],
	[0, 0, 0, 0],
	[0, 0, 0, 0],
	[0, 0, 0, 0],
	[0, 0, 0, 0],
	[0, 0, 0, 0],
	[0, 0, 0, 0],
	[0, 0, 0, 0],
	[0, 0, 0, 0],
	[0, 0, 0, 0] ]
