334 772 2132 2258 2916 3311 3419
SHOE
ACT	7
SHIFT	96
demand [
	[0, 0, 0, 0, 0, 0, 0],
	[0, 0, 0, 0, 0, 0, 0],
	[0, 0, 0, 0, 0, 0, 0],
	[0, 0, 0, 0, 0, 0, 0],
	[0, 0, 0, 0, 0, 0, 0],
	[0, 0, 0, 0, 0, 0, 0],
	[0, 0, 0, 0, 0, 0, 0],
	[0, 0, 0, 0, 0, 0, 0],
	[0, 0, 0, 0, 0, 0, 0],
	[0, 0, 0, 0, 0, 0, 0],
	[0, 0, 0, 0, 0, 0, 0],
	[0, 0, 0, 0, 0, 0, 0],
	[0, 0, 0, 0, 0, 0, 0],
	[0, 0, 0, 0, 0, 0, 0],
	[0, 0, 0, 0, 0, 0, 0],
	[0, 0, 0, 0, 0, 0, 0],
	[0, 0, 0, 0, 0, 0, 0],
	[0, 0, 0, 0, 0, 0, 0],
	[0, 0, 0, 0, 0, 0, 0],
	[0, 0, 0, 0, 0, 0, 0],
	[0, 0, 0, 0, 0, 0, 0],
	[0, 0, 0, 0, 0, 0, 0],
	[0, 0, 0, 0, 0, 0, 0],
	[0, 0, 0, 0, 0, 0, 0],
	[0, 0, 0, 0, 0, 0, 0],
	[0, 0, 0, 0, 0, 0, 0],
	[0, 0, 0, 0, 0, 0, 0],
	[0, 0, 0, 0, 0, 0, 0],
	[0, 0, 0, 0, 0, 0, 0],
	[0, 0, 0, 0, 0, 0, 0],
	[0, 0, 0, 0, 0, 0, 0],
	[0, 0, 0, 0, 0, 0, 0],
	[1.00, 0, 0, 0, 0, 0, 0],
	[1.00, 0, 0, 0, 0, 0, 0],
	[1.00, 0, 0, 0, 0, 0, 0],
	[1.00, 0, 0, 0, 0, 0, 0],
	[0, 0, 1.00, 1.00, 0, 1.00, 0],
	[0, 0, 1.00, 1.00, 0, 1.00, 0],
	[0, 0, 1.00, 1.00, 0, 1.00, 0],
	[0, 0, 1.00, 1.00, 0, 1.00, 0],
	[1.00, 0, 1.00, 1.00, 1.00, 1.25, 3.50],
	[1.00, 0, 1.00, 1.00, 1.00, 1.25, 3.50],
	[1.00, 0, 1.00, 1.00, 1.00, 1.25, 3.50],
	[1.00, 0, 1.00, 1.00, 1.00, 1.25, 3.50],
	[1.00, 2.25, 1.00, 1.25, 1.00, 2.75, 6.00],
	[1.00, 2.25, 1.00, 1.25, 1.00, 2.75, 6.00],
	[1.00, 2.25, 1.00, 1.25, 1.00, 2.75, 6.00],
	[1.00, 2.25, 1.00, 1.25, 1.00, 2.75, 6.00],
	[1.00, 2.50, 1.00, 1.50, 1.00, 3.50, 7.00],
	[1.00, 2.50, 1.00, 1.50, 1.00, 3.50, 7.00],
	[1.00, 2.50, 1.00, 1.50, 1.00, 3.50, 7.00],
	[1.00, 2.50, 1.00, 1.50, 1.00, 3.50, 7.00],
	[1.00, 2.50, 1.00, 1.50, 1.00, 4.00, 7.50],
	[1.00, 2.50, 1.00, 1.50, 1.00, 4.00, 7.50],
	[1.00, 2.50, 1.00, 1.50, 1.00, 4.00, 7.50],
	[1.00, 2.50, 1.00, 1.50, 1.00, 4.00, 7.50],
	[1.00, 2.75, 1.00, 1.50, 1.00, 4.00, 7.50],
	[1.00, 2.75, 1.00, 1.50, 1.00, 4.00, 7.50],
	[1.00, 2.75, 1.00, 1.50, 1.00, 4.00, 7.50],
	[1.00, 2.75, 1.00, 1.50, 1.00, 4.00, 7.50],
	[1.00, 2.50, 1.00, 1.50, 0, 3.75, 7.50],
	[1.00, 2.50, 1.00, 1.50, 0, 3.75, 7.50],
	[1.00, 2.50, 1.00, 1.50, 0, 3.75, 7.50],
	[1.00, 2.50, 1.00, 1.50, 0, 3.75, 7.50],
	[1.00, 2.25, 1.00, 1.25, 0, 2.75, 6.00],
	[1.00, 2.25, 1.00, 1.25, 0, 2.75, 6.00],
	[1.00, 2.25, 1.00, 1.25, 0, 2.75, 6.00],
	[1.00, 2.25, 1.00, 1.25, 0, 2.75, 6.00],
	[0, 0, 0, 1.25, 1.00, 3.00, 0],
	[0, 0, 0, 1.25, 1.00, 3.00, 0],
	[0, 0, 0, 1.25, 1.00, 3.00, 0],
	[0, 0, 0, 1.25, 1.00, 3.00, 0],
	[0, 0, 0, 1.50, 1.00, 4.00, 0],
	[0, 0, 0, 1.50, 1.00, 4.00, 0],
	[0, 0, 0, 1.50, 1.00, 4.00, 0],
	[0, 0, 0, 1.50, 1.00, 4.00, 0],
	[0, 0, 0, 1.50, 1.00, 3.25, 0],
	[0, 0, 0, 1.50, 1.00, 3.25, 0],
	[0, 0, 0, 1.50, 1.00, 3.25, 0],
	[0, 0, 0, 1.50, 1.00, 3.25, 0],
	[0, 0, 0, 0, 0, 0, 0],
	[0, 0, 0, 0, 0, 0, 0],
	[0, 0, 0, 0, 0, 0, 0],
	[0, 0, 0, 0, 0, 0, 0],
	[0, 0, 0, 0, 0, 0, 0],
	[0, 0, 0, 0, 0, 0, 0],
	[0, 0, 0, 0, 0, 0, 0],
	[0, 0, 0, 0, 0, 0, 0],
	[0, 0, 0, 0, 0, 0, 0],
	[0, 0, 0, 0, 0, 0, 0],
	[0, 0, 0, 0, 0, 0, 0],
	[0, 0, 0, 0, 0, 0, 0],
	[0, 0, 0, 0, 0, 0, 0],
	[0, 0, 0, 0, 0, 0, 0],
	[0, 0, 0, 0, 0, 0, 0],
	[0, 0, 0, 0, 0, 0, 0] ]
overcost [
	[0, 0, 0, 0, 0, 0, 0],
	[0, 0, 0, 0, 0, 0, 0],
	[0, 0, 0, 0, 0, 0, 0],
	[0, 0, 0, 0, 0, 0, 0],
	[0, 0, 0, 0, 0, 0, 0],
	[0, 0, 0, 0, 0, 0, 0],
	[0, 0, 0, 0, 0, 0, 0],
	[0, 0, 0, 0, 0, 0, 0],
	[0, 0, 0, 0, 0, 0, 0],
	[0, 0, 0, 0, 0, 0, 0],
	[0, 0, 0, 0, 0, 0, 0],
	[0, 0, 0, 0, 0, 0, 0],
	[0, 0, 0, 0, 0, 0, 0],
	[0, 0, 0, 0, 0, 0, 0],
	[0, 0, 0, 0, 0, 0, 0],
	[0, 0, 0, 0, 0, 0, 0],
	[0, 0, 0, 0, 0, 0, 0],
	[0, 0, 0, 0, 0, 0, 0],
	[0, 0, 0, 0, 0, 0, 0],
	[0, 0, 0, 0, 0, 0, 0],
	[0, 0, 0, 0, 0, 0, 0],
	[0, 0, 0, 0, 0, 0, 0],
	[0, 0, 0, 0, 0, 0, 0],
	[0, 0, 0, 0, 0, 0, 0],
	[0, 0, 0, 0, 0, 0, 0],
	[0, 0, 0, 0, 0, 0, 0],
	[0, 0, 0, 0, 0, 0, 0],
	[0, 0, 0, 0, 0, 0, 0],
	[0, 0, 0, 0, 0, 0, 0],
	[0, 0, 0, 0, 0, 0, 0],
	[0, 0, 0, 0, 0, 0, 0],
	[0, 0, 0, 0, 0, 0, 0],
	[9.668987e+00, 0, 0, 0, 0, 0, 0],
	[9.668987e+00, 0, 0, 0, 0, 0, 0],
	[9.668987e+00, 0, 0, 0, 0, 0, 0],
	[9.668987e+00, 0, 0, 0, 0, 0, 0],
	[0, 0, 8.355240e+00, 4.981560e+00, 0, 6.717682e+00, 0],
	[0, 0, 8.355240e+00, 4.981560e+00, 0, 6.717682e+00, 0],
	[0, 0, 8.355240e+00, 4.981560e+00, 0, 6.717682e+00, 0],
	[0, 0, 8.355240e+00, 4.981560e+00, 0, 6.717682e+00, 0],
	[9.533242e+00, 0, 7.044469e+00, 3.517904e+00, 9.580008e+00, 2.284145e+00, 5.640361e-01],
	[9.533242e+00, 0, 7.044469e+00, 3.517904e+00, 9.580008e+00, 2.284145e+00, 5.640361e-01],
	[9.533242e+00, 0, 7.044469e+00, 3.517904e+00, 9.580008e+00, 2.284145e+00, 5.640361e-01],
	[9.533242e+00, 0, 7.044469e+00, 3.517904e+00, 9.580008e+00, 2.284145e+00, 5.640361e-01],
	[7.889267e+00, 1.189934e+00, 4.964172e+00, 2.113296e+00, 6.954931e+00, 1.001817e+00, 4.222184e-01],
	[7.889267e+00, 1.189934e+00, 4.964172e+00, 2.113296e+00, 6.954931e+00, 1.001817e+00, 4.222184e-01],
	[7.889267e+00, 1.189934e+00, 4.964172e+00, 2.113296e+00, 6.954931e+00, 1.001817e+00, 4.222184e-01],
	[7.889267e+00, 1.189934e+00, 4.964172e+00, 2.113296e+00, 6.954931e+00, 1.001817e+00, 4.222184e-01],
	[5.333801e+00, 1.140389e+00, 4.298597e+00, 2.224850e+00, 5.856311e+00, 7.141592e-01, 3.793226e-01],
	[5.333801e+00, 1.140389e+00, 4.298597e+00, 2.224850e+00, 5.856311e+00, 7.141592e-01, 3.793226e-01],
	[5.333801e+00, 1.140389e+00, 4.298597e+00, 2.224850e+00, 5.856311e+00, 7.141592e-01, 3.793226e-01],
	[5.333801e+00, 1.140389e+00, 4.298597e+00, 2.224850e+00, 5.856311e+00, 7.141592e-01, 3.793226e-01],
	[4.716811e+00, 8.422805e-01, 3.978354e+00, 1.898427e+00, 5.501905e+00, 9.741208e-01, 3.953826e-01],
	[4.716811e+00, 8.422805e-01, 3.978354e+00, 1.898427e+00, 5.501905e+00, 9.741208e-01, 3.953826e-01],
	[4.716811e+00, 8.422805e-01, 3.978354e+00, 1.898427e+00, 5.501905e+00, 9.741208e-01, 3.953826e-01],
	[4.716811e+00, 8.422805e-01, 3.978354e+00, 1.898427e+00, 5.501905e+00, 9.741208e-01, 3.953826e-01],
	[4.688754e+00, 1.198499e+00, 3.914232e+00, 1.774165e+00, 5.456101e+00, 8.602616e-01, 2.896183e-01],
	[4.688754e+00, 1.198499e+00, 3.914232e+00, 1.774165e+00, 5.456101e+00, 8.602616e-01, 2.896183e-01],
	[4.688754e+00, 1.198499e+00, 3.914232e+00, 1.774165e+00, 5.456101e+00, 8.602616e-01, 2.896183e-01],
	[4.688754e+00, 1.198499e+00, 3.914232e+00, 1.774165e+00, 5.456101e+00, 8.602616e-01, 2.896183e-01],
	[5.743531e+00, 7.745709e-01, 4.061069e+00, 1.853682e+00, 0, 9.603161e-01, 4.565207e-01],
	[5.743531e+00, 7.745709e-01, 4.061069e+00, 1.853682e+00, 0, 9.603161e-01, 4.565207e-01],
	[5.743531e+00, 7.745709e-01, 4.061069e+00, 1.853682e+00, 0, 9.603161e-01, 4.565207e-01],
	[5.743531e+00, 7.745709e-01, 4.061069e+00, 1.853682e+00, 0, 9.603161e-01, 4.565207e-01],
	[8.735689e+00, 1.091737e+00, 4.992073e+00, 1.970382e+00, 0, 1.153610e+00, 3.667381e-01],
	[8.735689e+00, 1.091737e+00, 4.992073e+00, 1.970382e+00, 0, 1.153610e+00, 3.667381e-01],
	[8.735689e+00, 1.091737e+00, 4.992073e+00, 1.970382e+00, 0, 1.153610e+00, 3.667381e-01],
	[8.735689e+00, 1.091737e+00, 4.992073e+00, 1.970382e+00, 0, 1.153610e+00, 3.667381e-01],
	[0, 0, 0, 1.537078e+00, 6.641539e+00, 8.032415e-01, 0],
	[0, 0, 0, 1.537078e+00, 6.641539e+00, 8.032415e-01, 0],
	[0, 0, 0, 1.537078e+00, 6.641539e+00, 8.032415e-01, 0],
	[0, 0, 0, 1.537078e+00, 6.641539e+00, 8.032415e-01, 0],
	[0, 0, 0, 1.534717e+00, 5.588637e+00, 9.134928e-01, 0],
	[0, 0, 0, 1.534717e+00, 5.588637e+00, 9.134928e-01, 0],
	[0, 0, 0, 1.534717e+00, 5.588637e+00, 9.134928e-01, 0],
	[0, 0, 0, 1.534717e+00, 5.588637e+00, 9.134928e-01, 0],
	[0, 0, 0, 1.815150e+00, 6.630541e+00, 9.548069e-01, 0],
	[0, 0, 0, 1.815150e+00, 6.630541e+00, 9.548069e-01, 0],
	[0, 0, 0, 1.815150e+00, 6.630541e+00, 9.548069e-01, 0],
	[0, 0, 0, 1.815150e+00, 6.630541e+00, 9.548069e-01, 0],
	[0, 0, 0, 0, 0, 0, 0],
	[0, 0, 0, 0, 0, 0, 0],
	[0, 0, 0, 0, 0, 0, 0],
	[0, 0, 0, 0, 0, 0, 0],
	[0, 0, 0, 0, 0, 0, 0],
	[0, 0, 0, 0, 0, 0, 0],
	[0, 0, 0, 0, 0, 0, 0],
	[0, 0, 0, 0, 0, 0, 0],
	[0, 0, 0, 0, 0, 0, 0],
	[0, 0, 0, 0, 0, 0, 0],
	[0, 0, 0, 0, 0, 0, 0],
	[0, 0, 0, 0, 0, 0, 0],
	[0, 0, 0, 0, 0, 0, 0],
	[0, 0, 0, 0, 0, 0, 0],
	[0, 0, 0, 0, 0, 0, 0],
	[0, 0, 0, 0, 0, 0, 0] ]
undercost [
	[0, 0, 0, 0, 0, 0, 0],
	[0, 0, 0, 0, 0, 0, 0],
	[0, 0, 0, 0, 0, 0, 0],
	[0, 0, 0, 0, 0, 0, 0],
	[0, 0, 0, 0, 0, 0, 0],
	[0, 0, 0, 0, 0, 0, 0],
	[0, 0, 0, 0, 0, 0, 0],
	[0, 0, 0, 0, 0, 0, 0],
	[0, 0, 0, 0, 0, 0, 0],
	[0, 0, 0, 0, 0, 0, 0],
	[0, 0, 0, 0, 0, 0, 0],
	[0, 0, 0, 0, 0, 0, 0],
	[0, 0, 0, 0, 0, 0, 0],
	[0, 0, 0, 0, 0, 0, 0],
	[0, 0, 0, 0, 0, 0, 0],
	[0, 0, 0, 0, 0, 0, 0],
	[0, 0, 0, 0, 0, 0, 0],
	[0, 0, 0, 0, 0, 0, 0],
	[0, 0, 0, 0, 0, 0, 0],
	[0, 0, 0, 0, 0, 0, 0],
	[0, 0, 0, 0, 0, 0, 0],
	[0, 0, 0, 0, 0, 0, 0],
	[0, 0, 0, 0, 0, 0, 0],
	[0, 0, 0, 0, 0, 0, 0],
	[0, 0, 0, 0, 0, 0, 0],
	[0, 0, 0, 0, 0, 0, 0],
	[0, 0, 0, 0, 0, 0, 0],
	[0, 0, 0, 0, 0, 0, 0],
	[0, 0, 0, 0, 0, 0, 0],
	[0, 0, 0, 0, 0, 0, 0],
	[0, 0, 0, 0, 0, 0, 0],
	[0, 0, 0, 0, 0, 0, 0],
	[1.000000e+06, 0, 0, 0, 0, 0, 0],
	[1.000000e+06, 0, 0, 0, 0, 0, 0],
	[1.000000e+06, 0, 0, 0, 0, 0, 0],
	[1.000000e+06, 0, 0, 0, 0, 0, 0],
	[0, 0, 1.000000e+06, 1.000000e+06, 0, 1.000000e+06, 0],
	[0, 0, 1.000000e+06, 1.000000e+06, 0, 1.000000e+06, 0],
	[0, 0, 1.000000e+06, 1.000000e+06, 0, 1.000000e+06, 0],
	[0, 0, 1.000000e+06, 1.000000e+06, 0, 1.000000e+06, 0],
	[1.000000e+06, 0, 1.000000e+06, 1.000000e+06, 1.000000e+06, 1.000000e+06, 1.274180e+00],
	[1.000000e+06, 0, 1.000000e+06, 1.000000e+06, 1.000000e+06, 1.000000e+06, 1.274180e+00],
	[1.000000e+06, 0, 1.000000e+06, 1.000000e+06, 1.000000e+06, 1.000000e+06, 1.274180e+00],
	[1.000000e+06, 0, 1.000000e+06, 1.000000e+06, 1.000000e+06, 1.000000e+06, 1.274180e+00],
	[1.000000e+06, 1.759533e+00, 1.000000e+06, 1.000000e+06, 1.000000e+06, 1.883412e+00, 6.105171e-01],
	[1.000000e+06, 1.759533e+00, 1.000000e+06, 1.000000e+06, 1.000000e+06, 1.883412e+00, 6.105171e-01],
	[1.000000e+06, 1.759533e+00, 1.000000e+06, 1.000000e+06, 1.000000e+06, 1.883412e+00, 6.105171e-01],
	[1.000000e+06, 1.759533e+00, 1.000000e+06, 1.000000e+06, 1.000000e+06, 1.883412e+00, 6.105171e-01],
	[1.000000e+06, 1.454412e+00, 1.000000e+06, 1.000000e+06, 1.000000e+06, 1.521642e+00, 5.011737e-01],
	[1.000000e+06, 1.454412e+00, 1.000000e+06, 1.000000e+06, 1.000000e+06, 1.521642e+00, 5.011737e-01],
	[1.000000e+06, 1.454412e+00, 1.000000e+06, 1.000000e+06, 1.000000e+06, 1.521642e+00, 5.011737e-01],
	[1.000000e+06, 1.454412e+00, 1.000000e+06, 1.000000e+06, 1.000000e+06, 1.521642e+00, 5.011737e-01],
	[1.000000e+06, 1.844625e+00, 1.000000e+06, 1.000000e+06, 1.000000e+06, 9.012085e-01, 4.218062e-01],
	[1.000000e+06, 1.844625e+00, 1.000000e+06, 1.000000e+06, 1.000000e+06, 9.012085e-01, 4.218062e-01],
	[1.000000e+06, 1.844625e+00, 1.000000e+06, 1.000000e+06, 1.000000e+06, 9.012085e-01, 4.218062e-01],
	[1.000000e+06, 1.844625e+00, 1.000000e+06, 1.000000e+06, 1.000000e+06, 9.012085e-01, 4.218062e-01],
	[1.000000e+06, 1.098325e+00, 1.000000e+06, 1.000000e+06, 1.000000e+06, 1.036101e+00, 5.374840e-01],
	[1.000000e+06, 1.098325e+00, 1.000000e+06, 1.000000e+06, 1.000000e+06, 1.036101e+00, 5.374840e-01],
	[1.000000e+06, 1.098325e+00, 1.000000e+06, 1.000000e+06, 1.000000e+06, 1.036101e+00, 5.374840e-01],
	[1.000000e+06, 1.098325e+00, 1.000000e+06, 1.000000e+06, 1.000000e+06, 1.036101e+00, 5.374840e-01],
	[1.000000e+06, 1.938753e+00, 1.000000e+06, 1.000000e+06, 0, 1.059914e+00, 3.552791e-01],
	[1.000000e+06, 1.938753e+00, 1.000000e+06, 1.000000e+06, 0, 1.059914e+00, 3.552791e-01],
	[1.000000e+06, 1.938753e+00, 1.000000e+06, 1.000000e+06, 0, 1.059914e+00, 3.552791e-01],
	[1.000000e+06, 1.938753e+00, 1.000000e+06, 1.000000e+06, 0, 1.059914e+00, 3.552791e-01],
	[1.000000e+06, 1.894538e+00, 1.000000e+06, 1.000000e+06, 0, 1.689521e+00, 6.727516e-01],
	[1.000000e+06, 1.894538e+00, 1.000000e+06, 1.000000e+06, 0, 1.689521e+00, 6.727516e-01],
	[1.000000e+06, 1.894538e+00, 1.000000e+06, 1.000000e+06, 0, 1.689521e+00, 6.727516e-01],
	[1.000000e+06, 1.894538e+00, 1.000000e+06, 1.000000e+06, 0, 1.689521e+00, 6.727516e-01],
	[0, 0, 0, 1.000000e+06, 1.000000e+06, 1.849910e+00, 0],
	[0, 0, 0, 1.000000e+06, 1.000000e+06, 1.849910e+00, 0],
	[0, 0, 0, 1.000000e+06, 1.000000e+06, 1.849910e+00, 0],
	[0, 0, 0, 1.000000e+06, 1.000000e+06, 1.849910e+00, 0],
	[0, 0, 0, 1.000000e+06, 1.000000e+06, 9.747885e-01, 0],
	[0, 0, 0, 1.000000e+06, 1.000000e+06, 9.747885e-01, 0],
	[0, 0, 0, 1.000000e+06, 1.000000e+06, 9.747885e-01, 0],
	[0, 0, 0, 1.000000e+06, 1.000000e+06, 9.747885e-01, 0],
	[0, 0, 0, 1.000000e+06, 1.000000e+06, 1.429136e+00, 0],
	[0, 0, 0, 1.000000e+06, 1.000000e+06, 1.429136e+00, 0],
	[0, 0, 0, 1.000000e+06, 1.000000e+06, 1.429136e+00, 0],
	[0, 0, 0, 1.000000e+06, 1.000000e+06, 1.429136e+00, 0],
	[0, 0, 0, 0, 0, 0, 0],
	[0, 0, 0, 0, 0, 0, 0],
	[0, 0, 0, 0, 0, 0, 0],
	[0, 0, 0, 0, 0, 0, 0],
	[0, 0, 0, 0, 0, 0, 0],
	[0, 0, 0, 0, 0, 0, 0],
	[0, 0, 0, 0, 0, 0, 0],
	[0, 0, 0, 0, 0, 0, 0],
	[0, 0, 0, 0, 0, 0, 0],
	[0, 0, 0, 0, 0, 0, 0],
	[0, 0, 0, 0, 0, 0, 0],
	[0, 0, 0, 0, 0, 0, 0],
	[0, 0, 0, 0, 0, 0, 0],
	[0, 0, 0, 0, 0, 0, 0],
	[0, 0, 0, 0, 0, 0, 0],
	[0, 0, 0, 0, 0, 0, 0] ]
