1471 3785
SHOE
ACT	2
SHIFT	96
demand [
	[0, 0],
	[0, 0],
	[0, 0],
	[0, 0],
	[0, 0],
	[0, 0],
	[0, 0],
	[0, 0],
	[0, 0],
	[0, 0],
	[0, 0],
	[0, 0],
	[0, 0],
	[0, 0],
	[0, 0],
	[0, 0],
	[0, 0],
	[0, 0],
	[0, 0],
	[0, 0],
	[0, 0],
	[0, 0],
	[0, 0],
	[0, 0],
	[0, 0],
	[0, 0],
	[0, 0],
	[0, 0],
	[0, 0],
	[0, 0],
	[0, 0],
	[0, 0],
	[0, 1.00],
	[0, 1.00],
	[0, 1.00],
	[0, 1.00],
	[0, 1.00],
	[0, 1.00],
	[0, 1.00],
	[0, 1.00],
	[1.00, 1.00],
	[1.00, 1.00],
	[1.00, 1.00],
	[1.00, 1.00],
	[1.25, 1.00],
	[1.25, 1.00],
	[1.25, 1.00],
	[1.25, 1.00],
	[1.25, 1.00],
	[1.25, 1.00],
	[1.25, 1.00],
	[1.25, 1.00],
	[1.50, 1.00],
	[1.50, 1.00],
	[1.50, 1.00],
	[1.50, 1.00],
	[1.50, 1.00],
	[1.50, 1.00],
	[1.50, 1.00],
	[1.50, 1.00],
	[1.50, 1.00],
	[1.50, 1.00],
	[1.50, 1.00],
	[1.50, 1.00],
	[1.25, 1.00],
	[1.25, 1.00],
	[1.25, 1.00],
	[1.25, 1.00],
	[1.50, 1.00],
	[1.50, 1.00],
	[1.50, 1.00],
	[1.50, 1.00],
	[1.50, 1.00],
	[1.50, 1.00],
	[1.50, 1.00],
	[1.50, 1.00],
	[1.50, 1.00],
	[1.50, 1.00],
	[1.50, 1.00],
	[1.50, 1.00],
	[0, 0],
	[0, 0],
	[0, 0],
	[0, 0],
	[0, 0],
	[0, 0],
	[0, 0],
	[0, 0],
	[0, 0],
	[0, 0],
	[0, 0],
	[0, 0],
	[0, 0],
	[0, 0],
	[0, 0],
	[0, 0] ]
overcost [
	[0, 0],
	[0, 0],
	[0, 0],
	[0, 0],
	[0, 0],
	[0, 0],
	[0, 0],
	[0, 0],
	[0, 0],
	[0, 0],
	[0, 0],
	[0, 0],
	[0, 0],
	[0, 0],
	[0, 0],
	[0, 0],
	[0, 0],
	[0, 0],
	[0, 0],
	[0, 0],
	[0, 0],
	[0, 0],
	[0, 0],
	[0, 0],
	[0, 0],
	[0, 0],
	[0, 0],
	[0, 0],
	[0, 0],
	[0, 0],
	[0, 0],
	[0, 0],
	[0, 1.277806e+01],
	[0, 1.277806e+01],
	[0, 1.277806e+01],
	[0, 1.277806e+01],
	[0, 1.265548e+01],
	[0, 1.265548e+01],
	[0, 1.265548e+01],
	[0, 1.265548e+01],
	[2.814520e+00, 1.262737e+01],
	[2.814520e+00, 1.262737e+01],
	[2.814520e+00, 1.262737e+01],
	[2.814520e+00, 1.262737e+01],
	[1.901446e+00, 7.991560e+00],
	[1.901446e+00, 7.991560e+00],
	[1.901446e+00, 7.991560e+00],
	[1.901446e+00, 7.991560e+00],
	[1.561279e+00, 5.935627e+00],
	[1.561279e+00, 5.935627e+00],
	[1.561279e+00, 5.935627e+00],
	[1.561279e+00, 5.935627e+00],
	[2.121973e+00, 5.326002e+00],
	[2.121973e+00, 5.326002e+00],
	[2.121973e+00, 5.326002e+00],
	[2.121973e+00, 5.326002e+00],
	[2.014745e+00, 5.261294e+00],
	[2.014745e+00, 5.261294e+00],
	[2.014745e+00, 5.261294e+00],
	[2.014745e+00, 5.261294e+00],
	[1.920897e+00, 6.079119e+00],
	[1.920897e+00, 6.079119e+00],
	[1.920897e+00, 6.079119e+00],
	[1.920897e+00, 6.079119e+00],
	[1.707762e+00, 8.424506e+00],
	[1.707762e+00, 8.424506e+00],
	[1.707762e+00, 8.424506e+00],
	[1.707762e+00, 8.424506e+00],
	[2.193694e+00, 7.514016e+00],
	[2.193694e+00, 7.514016e+00],
	[2.193694e+00, 7.514016e+00],
	[2.193694e+00, 7.514016e+00],
	[1.549057e+00, 5.655194e+00],
	[1.549057e+00, 5.655194e+00],
	[1.549057e+00, 5.655194e+00],
	[1.549057e+00, 5.655194e+00],
	[1.316945e+00, 7.787375e+00],
	[1.316945e+00, 7.787375e+00],
	[1.316945e+00, 7.787375e+00],
	[1.316945e+00, 7.787375e+00],
	[0, 0],
	[0, 0],
	[0, 0],
	[0, 0],
	[0, 0],
	[0, 0],
	[0, 0],
	[0, 0],
	[0, 0],
	[0, 0],
	[0, 0],
	[0, 0],
	[0, 0],
	[0, 0],
	[0, 0],
	[0, 0] ]
undercost [
	[0, 0],
	[0, 0],
	[0, 0],
	[0, 0],
	[0, 0],
	[0, 0],
	[0, 0],
	[0, 0],
	[0, 0],
	[0, 0],
	[0, 0],
	[0, 0],
	[0, 0],
	[0, 0],
	[0, 0],
	[0, 0],
	[0, 0],
	[0, 0],
	[0, 0],
	[0, 0],
	[0, 0],
	[0, 0],
	[0, 0],
	[0, 0],
	[0, 0],
	[0, 0],
	[0, 0],
	[0, 0],
	[0, 0],
	[0, 0],
	[0, 0],
	[0, 0],
	[0, 1.000000e+06],
	[0, 1.000000e+06],
	[0, 1.000000e+06],
	[0, 1.000000e+06],
	[0, 1.000000e+06],
	[0, 1.000000e+06],
	[0, 1.000000e+06],
	[0, 1.000000e+06],
	[1.000000e+06, 1.000000e+06],
	[1.000000e+06, 1.000000e+06],
	[1.000000e+06, 1.000000e+06],
	[1.000000e+06, 1.000000e+06],
	[1.000000e+06, 1.000000e+06],
	[1.000000e+06, 1.000000e+06],
	[1.000000e+06, 1.000000e+06],
	[1.000000e+06, 1.000000e+06],
	[1.000000e+06, 1.000000e+06],
	[1.000000e+06, 1.000000e+06],
	[1.000000e+06, 1.000000e+06],
	[1.000000e+06, 1.000000e+06],
	[1.000000e+06, 1.000000e+06],
	[1.000000e+06, 1.000000e+06],
	[1.000000e+06, 1.000000e+06],
	[1.000000e+06, 1.000000e+06],
	[1.000000e+06, 1.000000e+06],
	[1.000000e+06, 1.000000e+06],
	[1.000000e+06, 1.000000e+06],
	[1.000000e+06, 1.000000e+06],
	[1.000000e+06, 1.000000e+06],
	[1.000000e+06, 1.000000e+06],
	[1.000000e+06, 1.000000e+06],
	[1.000000e+06, 1.000000e+06],
	[1.000000e+06, 1.000000e+06],
	[1.000000e+06, 1.000000e+06],
	[1.000000e+06, 1.000000e+06],
	[1.000000e+06, 1.000000e+06],
	[1.000000e+06, 1.000000e+06],
	[1.000000e+06, 1.000000e+06],
	[1.000000e+06, 1.000000e+06],
	[1.000000e+06, 1.000000e+06],
	[1.000000e+06, 1.000000e+06],
	[1.000000e+06, 1.000000e+06],
	[1.000000e+06, 1.000000e+06],
	[1.000000e+06, 1.000000e+06],
	[1.000000e+06, 1.000000e+06],
	[1.000000e+06, 1.000000e+06],
	[1.000000e+06, 1.000000e+06],
	[1.000000e+06, 1.000000e+06],
	[0, 0],
	[0, 0],
	[0, 0],
	[0, 0],
	[0, 0],
	[0, 0],
	[0, 0],
	[0, 0],
	[0, 0],
	[0, 0],
	[0, 0],
	[0, 0],
	[0, 0],
	[0, 0],
	[0, 0],
	[0, 0] ]
