583 1856
SHOE
ACT	2
SHIFT	96
demand [
	[0, 0],
	[0, 0],
	[0, 0],
	[0, 0],
	[0, 0],
	[0, 0],
	[0, 0],
	[0, 0],
	[0, 0],
	[0, 0],
	[0, 0],
	[0, 0],
	[0, 0],
	[0, 0],
	[0, 0],
	[0, 0],
	[0, 0],
	[0, 0],
	[0, 0],
	[0, 0],
	[0, 0],
	[0, 0],
	[0, 0],
	[0, 0],
	[0, 0],
	[0, 0],
	[0, 0],
	[0, 0],
	[0, 0],
	[0, 0],
	[0, 0],
	[0, 0],
	[0, 0],
	[0, 0],
	[0, 0],
	[0, 0],
	[2.25, 1.00],
	[2.25, 1.00],
	[2.25, 1.00],
	[2.25, 1.00],
	[2.75, 1.00],
	[2.75, 1.00],
	[2.75, 1.00],
	[2.75, 1.00],
	[3.50, 0],
	[3.50, 0],
	[3.50, 0],
	[3.50, 0],
	[3.75, 1.00],
	[3.75, 1.00],
	[3.75, 1.00],
	[3.75, 1.00],
	[4.00, 1.00],
	[4.00, 1.00],
	[4.00, 1.00],
	[4.00, 1.00],
	[4.00, 1.00],
	[4.00, 1.00],
	[4.00, 1.00],
	[4.00, 1.00],
	[4.00, 1.00],
	[4.00, 1.00],
	[4.00, 1.00],
	[4.00, 1.00],
	[0, 1.00],
	[0, 1.00],
	[0, 1.00],
	[0, 1.00],
	[0, 1.00],
	[0, 1.00],
	[0, 1.00],
	[0, 1.00],
	[0, 1.00],
	[0, 1.00],
	[0, 1.00],
	[0, 1.00],
	[0, 1.00],
	[0, 1.00],
	[0, 1.00],
	[0, 1.00],
	[0, 0],
	[0, 0],
	[0, 0],
	[0, 0],
	[0, 0],
	[0, 0],
	[0, 0],
	[0, 0],
	[0, 0],
	[0, 0],
	[0, 0],
	[0, 0],
	[0, 0],
	[0, 0],
	[0, 0],
	[0, 0] ]
overcost [
	[0, 0],
	[0, 0],
	[0, 0],
	[0, 0],
	[0, 0],
	[0, 0],
	[0, 0],
	[0, 0],
	[0, 0],
	[0, 0],
	[0, 0],
	[0, 0],
	[0, 0],
	[0, 0],
	[0, 0],
	[0, 0],
	[0, 0],
	[0, 0],
	[0, 0],
	[0, 0],
	[0, 0],
	[0, 0],
	[0, 0],
	[0, 0],
	[0, 0],
	[0, 0],
	[0, 0],
	[0, 0],
	[0, 0],
	[0, 0],
	[0, 0],
	[0, 0],
	[0, 0],
	[0, 0],
	[0, 0],
	[0, 0],
	[1.730436e+00, 7.748950e+00],
	[1.730436e+00, 7.748950e+00],
	[1.730436e+00, 7.748950e+00],
	[1.730436e+00, 7.748950e+00],
	[1.491004e+00, 6.118435e+00],
	[1.491004e+00, 6.118435e+00],
	[1.491004e+00, 6.118435e+00],
	[1.491004e+00, 6.118435e+00],
	[8.358676e-01, 0],
	[8.358676e-01, 0],
	[8.358676e-01, 0],
	[8.358676e-01, 0],
	[7.883388e-01, 3.118451e+00],
	[7.883388e-01, 3.118451e+00],
	[7.883388e-01, 3.118451e+00],
	[7.883388e-01, 3.118451e+00],
	[8.937999e-01, 2.801664e+00],
	[8.937999e-01, 2.801664e+00],
	[8.937999e-01, 2.801664e+00],
	[8.937999e-01, 2.801664e+00],
	[7.428659e-01, 2.741814e+00],
	[7.428659e-01, 2.741814e+00],
	[7.428659e-01, 2.741814e+00],
	[7.428659e-01, 2.741814e+00],
	[6.549534e-01, 3.034878e+00],
	[6.549534e-01, 3.034878e+00],
	[6.549534e-01, 3.034878e+00],
	[6.549534e-01, 3.034878e+00],
	[0, 4.097103e+00],
	[0, 4.097103e+00],
	[0, 4.097103e+00],
	[0, 4.097103e+00],
	[0, 3.666797e+00],
	[0, 3.666797e+00],
	[0, 3.666797e+00],
	[0, 3.666797e+00],
	[0, 2.762956e+00],
	[0, 2.762956e+00],
	[0, 2.762956e+00],
	[0, 2.762956e+00],
	[0, 3.489234e+00],
	[0, 3.489234e+00],
	[0, 3.489234e+00],
	[0, 3.489234e+00],
	[0, 0],
	[0, 0],
	[0, 0],
	[0, 0],
	[0, 0],
	[0, 0],
	[0, 0],
	[0, 0],
	[0, 0],
	[0, 0],
	[0, 0],
	[0, 0],
	[0, 0],
	[0, 0],
	[0, 0],
	[0, 0] ]
undercost [
	[0, 0],
	[0, 0],
	[0, 0],
	[0, 0],
	[0, 0],
	[0, 0],
	[0, 0],
	[0, 0],
	[0, 0],
	[0, 0],
	[0, 0],
	[0, 0],
	[0, 0],
	[0, 0],
	[0, 0],
	[0, 0],
	[0, 0],
	[0, 0],
	[0, 0],
	[0, 0],
	[0, 0],
	[0, 0],
	[0, 0],
	[0, 0],
	[0, 0],
	[0, 0],
	[0, 0],
	[0, 0],
	[0, 0],
	[0, 0],
	[0, 0],
	[0, 0],
	[0, 0],
	[0, 0],
	[0, 0],
	[0, 0],
	[1.852156e+00, 1.000000e+06],
	[1.852156e+00, 1.000000e+06],
	[1.852156e+00, 1.000000e+06],
	[1.852156e+00, 1.000000e+06],
	[1.373935e+00, 1.000000e+06],
	[1.373935e+00, 1.000000e+06],
	[1.373935e+00, 1.000000e+06],
	[1.373935e+00, 1.000000e+06],
	[1.466688e+00, 0],
	[1.466688e+00, 0],
	[1.466688e+00, 0],
	[1.466688e+00, 0],
	[1.348189e+00, 1.000000e+06],
	[1.348189e+00, 1.000000e+06],
	[1.348189e+00, 1.000000e+06],
	[1.348189e+00, 1.000000e+06],
	[1.074748e+00, 1.000000e+06],
	[1.074748e+00, 1.000000e+06],
	[1.074748e+00, 1.000000e+06],
	[1.074748e+00, 1.000000e+06],
	[1.253360e+00, 1.000000e+06],
	[1.253360e+00, 1.000000e+06],
	[1.253360e+00, 1.000000e+06],
	[1.253360e+00, 1.000000e+06],
	[1.359031e+00, 1.000000e+06],
	[1.359031e+00, 1.000000e+06],
	[1.359031e+00, 1.000000e+06],
	[1.359031e+00, 1.000000e+06],
	[0, 1.000000e+06],
	[0, 1.000000e+06],
	[0, 1.000000e+06],
	[0, 1.000000e+06],
	[0, 1.000000e+06],
	[0, 1.000000e+06],
	[0, 1.000000e+06],
	[0, 1.000000e+06],
	[0, 1.000000e+06],
	[0, 1.000000e+06],
	[0, 1.000000e+06],
	[0, 1.000000e+06],
	[0, 1.000000e+06],
	[0, 1.000000e+06],
	[0, 1.000000e+06],
	[0, 1.000000e+06],
	[0, 0],
	[0, 0],
	[0, 0],
	[0, 0],
	[0, 0],
	[0, 0],
	[0, 0],
	[0, 0],
	[0, 0],
	[0, 0],
	[0, 0],
	[0, 0],
	[0, 0],
	[0, 0],
	[0, 0],
	[0, 0] ]
