49 384 430 1094 1658 1899 2265 2408 2721 3610
SHOE
ACT	10
SHIFT	96
demand [
	[0, 0, 0, 0, 0, 0, 0, 0, 0, 0],
	[0, 0, 0, 0, 0, 0, 0, 0, 0, 0],
	[0, 0, 0, 0, 0, 0, 0, 0, 0, 0],
	[0, 0, 0, 0, 0, 0, 0, 0, 0, 0],
	[0, 0, 0, 0, 0, 0, 0, 0, 0, 0],
	[0, 0, 0, 0, 0, 0, 0, 0, 0, 0],
	[0, 0, 0, 0, 0, 0, 0, 0, 0, 0],
	[0, 0, 0, 0, 0, 0, 0, 0, 0, 0],
	[0, 0, 0, 0, 0, 0, 0, 0, 0, 0],
	[0, 0, 0, 0, 0, 0, 0, 0, 0, 0],
	[0, 0, 0, 0, 0, 0, 0, 0, 0, 0],
	[0, 0, 0, 0, 0, 0, 0, 0, 0, 0],
	[0, 0, 0, 0, 0, 0, 0, 0, 0, 0],
	[0, 0, 0, 0, 0, 0, 0, 0, 0, 0],
	[0, 0, 0, 0, 0, 0, 0, 0, 0, 0],
	[0, 0, 0, 0, 0, 0, 0, 0, 0, 0],
	[0, 0, 0, 0, 0, 0, 0, 0, 0, 0],
	[0, 0, 0, 0, 0, 0, 0, 0, 0, 0],
	[0, 0, 0, 0, 0, 0, 0, 0, 0, 0],
	[0, 0, 0, 0, 0, 0, 0, 0, 0, 0],
	[0, 0, 0, 0, 0, 0, 0, 0, 0, 0],
	[0, 0, 0, 0, 0, 0, 0, 0, 0, 0],
	[0, 0, 0, 0, 0, 0, 0, 0, 0, 0],
	[0, 0, 0, 0, 0, 0, 0, 0, 0, 0],
	[0, 0, 0, 0, 0, 0, 0, 0, 0, 0],
	[0, 0, 0, 0, 0, 0, 0, 0, 0, 0],
	[0, 0, 0, 0, 0, 0, 0, 0, 0, 0],
	[0, 0, 0, 0, 0, 0, 0, 0, 0, 0],
	[0, 0, 0, 0, 0, 0, 0, 0, 0, 0],
	[0, 0, 0, 0, 0, 0, 0, 0, 0, 0],
	[0, 0, 0, 0, 0, 0, 0, 0, 0, 0],
	[0, 0, 0, 0, 0, 0, 0, 0, 0, 0],
	[0, 0, 1.00, 0, 0, 0, 0, 0, 0, 0],
	[0, 0, 1.00, 0, 0, 0, 0, 0, 0, 0],
	[0, 0, 1.00, 0, 0, 0, 0, 0, 0, 0],
	[0, 0, 1.00, 0, 0, 0, 0, 0, 0, 0],
	[1.00, 1.00, 1.75, 0, 0, 1.25, 1.00, 1.00, 1.00, 1.00],
	[1.00, 1.00, 1.75, 0, 0, 1.25, 1.00, 1.00, 1.00, 1.00],
	[1.00, 1.00, 1.75, 0, 0, 1.25, 1.00, 1.00, 1.00, 1.00],
	[1.00, 1.00, 1.75, 0, 0, 1.25, 1.00, 1.00, 1.00, 1.00],
	[1.00, 1.00, 2.25, 0, 1.75, 1.25, 1.00, 0, 1.25, 1.00],
	[1.00, 1.00, 2.25, 0, 1.75, 1.25, 1.00, 0, 1.25, 1.00],
	[1.00, 1.00, 2.25, 0, 1.75, 1.25, 1.00, 0, 1.25, 1.00],
	[1.00, 1.00, 2.25, 0, 1.75, 1.25, 1.00, 0, 1.25, 1.00],
	[1.00, 1.00, 3.00, 1.00, 2.50, 1.75, 1.25, 1.00, 2.25, 1.00],
	[1.00, 1.00, 3.00, 1.00, 2.50, 1.75, 1.25, 1.00, 2.25, 1.00],
	[1.00, 1.00, 3.00, 1.00, 2.50, 1.75, 1.25, 1.00, 2.25, 1.00],
	[1.00, 1.00, 3.00, 1.00, 2.50, 1.75, 1.25, 1.00, 2.25, 1.00],
	[1.00, 1.00, 3.25, 1.00, 2.75, 2.00, 1.50, 1.00, 2.75, 1.50],
	[1.00, 1.00, 3.25, 1.00, 2.75, 2.00, 1.50, 1.00, 2.75, 1.50],
	[1.00, 1.00, 3.25, 1.00, 2.75, 2.00, 1.50, 1.00, 2.75, 1.50],
	[1.00, 1.00, 3.25, 1.00, 2.75, 2.00, 1.50, 1.00, 2.75, 1.50],
	[1.00, 1.00, 3.25, 1.00, 2.75, 2.00, 1.50, 1.00, 3.00, 1.75],
	[1.00, 1.00, 3.25, 1.00, 2.75, 2.00, 1.50, 1.00, 3.00, 1.75],
	[1.00, 1.00, 3.25, 1.00, 2.75, 2.00, 1.50, 1.00, 3.00, 1.75],
	[1.00, 1.00, 3.25, 1.00, 2.75, 2.00, 1.50, 1.00, 3.00, 1.75],
	[1.00, 1.00, 3.50, 1.00, 0, 2.00, 1.50, 1.00, 3.00, 1.75],
	[1.00, 1.00, 3.50, 1.00, 0, 2.00, 1.50, 1.00, 3.00, 1.75],
	[1.00, 1.00, 3.50, 1.00, 0, 2.00, 1.50, 1.00, 3.00, 1.75],
	[1.00, 1.00, 3.50, 1.00, 0, 2.00, 1.50, 1.00, 3.00, 1.75],
	[1.00, 1.00, 3.50, 1.00, 2.75, 2.00, 1.50, 1.00, 2.75, 1.50],
	[1.00, 1.00, 3.50, 1.00, 2.75, 2.00, 1.50, 1.00, 2.75, 1.50],
	[1.00, 1.00, 3.50, 1.00, 2.75, 2.00, 1.50, 1.00, 2.75, 1.50],
	[1.00, 1.00, 3.50, 1.00, 2.75, 2.00, 1.50, 1.00, 2.75, 1.50],
	[1.00, 1.00, 0, 1.00, 2.50, 2.00, 1.25, 0, 2.25, 1.00],
	[1.00, 1.00, 0, 1.00, 2.50, 2.00, 1.25, 0, 2.25, 1.00],
	[1.00, 1.00, 0, 1.00, 2.50, 2.00, 1.25, 0, 2.25, 1.00],
	[1.00, 1.00, 0, 1.00, 2.50, 2.00, 1.25, 0, 2.25, 1.00],
	[0, 1.00, 0, 0, 0, 2.00, 1.25, 1.00, 2.50, 1.00],
	[0, 1.00, 0, 0, 0, 2.00, 1.25, 1.00, 2.50, 1.00],
	[0, 1.00, 0, 0, 0, 2.00, 1.25, 1.00, 2.50, 1.00],
	[0, 1.00, 0, 0, 0, 2.00, 1.25, 1.00, 2.50, 1.00],
	[0, 1.00, 0, 0, 0, 2.25, 1.50, 0, 3.00, 1.50],
	[0, 1.00, 0, 0, 0, 2.25, 1.50, 0, 3.00, 1.50],
	[0, 1.00, 0, 0, 0, 2.25, 1.50, 0, 3.00, 1.50],
	[0, 1.00, 0, 0, 0, 2.25, 1.50, 0, 3.00, 1.50],
	[0, 1.00, 0, 0, 0, 2.25, 1.50, 0, 2.75, 1.00],
	[0, 1.00, 0, 0, 0, 2.25, 1.50, 0, 2.75, 1.00],
	[0, 1.00, 0, 0, 0, 2.25, 1.50, 0, 2.75, 1.00],
	[0, 1.00, 0, 0, 0, 2.25, 1.50, 0, 2.75, 1.00],
	[0, 0, 0, 0, 0, 0, 0, 0, 0, 0],
	[0, 0, 0, 0, 0, 0, 0, 0, 0, 0],
	[0, 0, 0, 0, 0, 0, 0, 0, 0, 0],
	[0, 0, 0, 0, 0, 0, 0, 0, 0, 0],
	[0, 0, 0, 0, 0, 0, 0, 0, 0, 0],
	[0, 0, 0, 0, 0, 0, 0, 0, 0, 0],
	[0, 0, 0, 0, 0, 0, 0, 0, 0, 0],
	[0, 0, 0, 0, 0, 0, 0, 0, 0, 0],
	[0, 0, 0, 0, 0, 0, 0, 0, 0, 0],
	[0, 0, 0, 0, 0, 0, 0, 0, 0, 0],
	[0, 0, 0, 0, 0, 0, 0, 0, 0, 0],
	[0, 0, 0, 0, 0, 0, 0, 0, 0, 0],
	[0, 0, 0, 0, 0, 0, 0, 0, 0, 0],
	[0, 0, 0, 0, 0, 0, 0, 0, 0, 0],
	[0, 0, 0, 0, 0, 0, 0, 0, 0, 0],
	[0, 0, 0, 0, 0, 0, 0, 0, 0, 0] ]
overcost [
	[0, 0, 0, 0, 0, 0, 0, 0, 0, 0],
	[0, 0, 0, 0, 0, 0, 0, 0, 0, 0],
	[0, 0, 0, 0, 0, 0, 0, 0, 0, 0],
	[0, 0, 0, 0, 0, 0, 0, 0, 0, 0],
	[0, 0, 0, 0, 0, 0, 0, 0, 0, 0],
	[0, 0, 0, 0, 0, 0, 0, 0, 0, 0],
	[0, 0, 0, 0, 0, 0, 0, 0, 0, 0],
	[0, 0, 0, 0, 0, 0, 0, 0, 0, 0],
	[0, 0, 0, 0, 0, 0, 0, 0, 0, 0],
	[0, 0, 0, 0, 0, 0, 0, 0, 0, 0],
	[0, 0, 0, 0, 0, 0, 0, 0, 0, 0],
	[0, 0, 0, 0, 0, 0, 0, 0, 0, 0],
	[0, 0, 0, 0, 0, 0, 0, 0, 0, 0],
	[0, 0, 0, 0, 0, 0, 0, 0, 0, 0],
	[0, 0, 0, 0, 0, 0, 0, 0, 0, 0],
	[0, 0, 0, 0, 0, 0, 0, 0, 0, 0],
	[0, 0, 0, 0, 0, 0, 0, 0, 0, 0],
	[0, 0, 0, 0, 0, 0, 0, 0, 0, 0],
	[0, 0, 0, 0, 0, 0, 0, 0, 0, 0],
	[0, 0, 0, 0, 0, 0, 0, 0, 0, 0],
	[0, 0, 0, 0, 0, 0, 0, 0, 0, 0],
	[0, 0, 0, 0, 0, 0, 0, 0, 0, 0],
	[0, 0, 0, 0, 0, 0, 0, 0, 0, 0],
	[0, 0, 0, 0, 0, 0, 0, 0, 0, 0],
	[0, 0, 0, 0, 0, 0, 0, 0, 0, 0],
	[0, 0, 0, 0, 0, 0, 0, 0, 0, 0],
	[0, 0, 0, 0, 0, 0, 0, 0, 0, 0],
	[0, 0, 0, 0, 0, 0, 0, 0, 0, 0],
	[0, 0, 0, 0, 0, 0, 0, 0, 0, 0],
	[0, 0, 0, 0, 0, 0, 0, 0, 0, 0],
	[0, 0, 0, 0, 0, 0, 0, 0, 0, 0],
	[0, 0, 0, 0, 0, 0, 0, 0, 0, 0],
	[0, 0, 2.123370e+00, 0, 0, 0, 0, 0, 0, 0],
	[0, 0, 2.123370e+00, 0, 0, 0, 0, 0, 0, 0],
	[0, 0, 2.123370e+00, 0, 0, 0, 0, 0, 0, 0],
	[0, 0, 2.123370e+00, 0, 0, 0, 0, 0, 0, 0],
	[9.243918e+00, 9.557795e+00, 1.213856e+00, 0, 0, 2.632379e+00, 4.981560e+00, 6.815119e+00, 5.147276e+00, 1.065736e+01],
	[9.243918e+00, 9.557795e+00, 1.213856e+00, 0, 0, 2.632379e+00, 4.981560e+00, 6.815119e+00, 5.147276e+00, 1.065736e+01],
	[9.243918e+00, 9.557795e+00, 1.213856e+00, 0, 0, 2.632379e+00, 4.981560e+00, 6.815119e+00, 5.147276e+00, 1.065736e+01],
	[9.243918e+00, 9.557795e+00, 1.213856e+00, 0, 0, 2.632379e+00, 4.981560e+00, 6.815119e+00, 5.147276e+00, 1.065736e+01],
	[7.995319e+00, 9.538013e+00, 1.267187e+00, 0, 1.695453e+00, 1.515128e+00, 3.517904e+00, 0, 2.614805e+00, 1.060783e+01],
	[7.995319e+00, 9.538013e+00, 1.267187e+00, 0, 1.695453e+00, 1.515128e+00, 3.517904e+00, 0, 2.614805e+00, 1.060783e+01],
	[7.995319e+00, 9.538013e+00, 1.267187e+00, 0, 1.695453e+00, 1.515128e+00, 3.517904e+00, 0, 2.614805e+00, 1.060783e+01],
	[7.995319e+00, 9.538013e+00, 1.267187e+00, 0, 1.695453e+00, 1.515128e+00, 3.517904e+00, 0, 2.614805e+00, 1.060783e+01],
	[6.245884e+00, 6.684028e+00, 9.561808e-01, 8.435715e+00, 1.143754e+00, 1.378232e+00, 2.113296e+00, 3.581674e+00, 1.450448e+00, 3.526228e+00],
	[6.245884e+00, 6.684028e+00, 9.561808e-01, 8.435715e+00, 1.143754e+00, 1.378232e+00, 2.113296e+00, 3.581674e+00, 1.450448e+00, 3.526228e+00],
	[6.245884e+00, 6.684028e+00, 9.561808e-01, 8.435715e+00, 1.143754e+00, 1.378232e+00, 2.113296e+00, 3.581674e+00, 1.450448e+00, 3.526228e+00],
	[6.245884e+00, 6.684028e+00, 9.561808e-01, 8.435715e+00, 1.143754e+00, 1.378232e+00, 2.113296e+00, 3.581674e+00, 1.450448e+00, 3.526228e+00],
	[5.553985e+00, 4.528362e+00, 1.062328e+00, 5.482369e+00, 1.087143e+00, 1.764851e+00, 2.224850e+00, 2.835704e+00, 1.314668e+00, 2.096634e+00],
	[5.553985e+00, 4.528362e+00, 1.062328e+00, 5.482369e+00, 1.087143e+00, 1.764851e+00, 2.224850e+00, 2.835704e+00, 1.314668e+00, 2.096634e+00],
	[5.553985e+00, 4.528362e+00, 1.062328e+00, 5.482369e+00, 1.087143e+00, 1.764851e+00, 2.224850e+00, 2.835704e+00, 1.314668e+00, 2.096634e+00],
	[5.553985e+00, 4.528362e+00, 1.062328e+00, 5.482369e+00, 1.087143e+00, 1.764851e+00, 2.224850e+00, 2.835704e+00, 1.314668e+00, 2.096634e+00],
	[5.289785e+00, 3.956619e+00, 7.931400e-01, 4.734639e+00, 8.004694e-01, 1.514396e+00, 1.898427e+00, 2.519285e+00, 1.342365e+00, 2.063136e+00],
	[5.289785e+00, 3.956619e+00, 7.931400e-01, 4.734639e+00, 8.004694e-01, 1.514396e+00, 1.898427e+00, 2.519285e+00, 1.342365e+00, 2.063136e+00],
	[5.289785e+00, 3.956619e+00, 7.931400e-01, 4.734639e+00, 8.004694e-01, 1.514396e+00, 1.898427e+00, 2.519285e+00, 1.342365e+00, 2.063136e+00],
	[5.289785e+00, 3.956619e+00, 7.931400e-01, 4.734639e+00, 8.004694e-01, 1.514396e+00, 1.898427e+00, 2.519285e+00, 1.342365e+00, 2.063136e+00],
	[5.241967e+00, 3.905828e+00, 1.087403e+00, 4.681956e+00, 0, 1.383515e+00, 1.774165e+00, 2.424891e+00, 1.230163e+00, 1.991486e+00],
	[5.241967e+00, 3.905828e+00, 1.087403e+00, 4.681956e+00, 0, 1.383515e+00, 1.774165e+00, 2.424891e+00, 1.230163e+00, 1.991486e+00],
	[5.241967e+00, 3.905828e+00, 1.087403e+00, 4.681956e+00, 0, 1.383515e+00, 1.774165e+00, 2.424891e+00, 1.230163e+00, 1.991486e+00],
	[5.241967e+00, 3.905828e+00, 1.087403e+00, 4.681956e+00, 0, 1.383515e+00, 1.774165e+00, 2.424891e+00, 1.230163e+00, 1.991486e+00],
	[5.459542e+00, 4.797445e+00, 9.683129e-01, 5.909954e+00, 7.127611e-01, 1.240098e+00, 1.853682e+00, 2.589665e+00, 1.027039e+00, 2.353404e+00],
	[5.459542e+00, 4.797445e+00, 9.683129e-01, 5.909954e+00, 7.127611e-01, 1.240098e+00, 1.853682e+00, 2.589665e+00, 1.027039e+00, 2.353404e+00],
	[5.459542e+00, 4.797445e+00, 9.683129e-01, 5.909954e+00, 7.127611e-01, 1.240098e+00, 1.853682e+00, 2.589665e+00, 1.027039e+00, 2.353404e+00],
	[5.459542e+00, 4.797445e+00, 9.683129e-01, 5.909954e+00, 7.127611e-01, 1.240098e+00, 1.853682e+00, 2.589665e+00, 1.027039e+00, 2.353404e+00],
	[6.317370e+00, 7.225138e+00, 0, 9.271266e+00, 1.029469e+00, 1.805394e+00, 1.970382e+00, 0, 1.497349e+00, 4.336342e+00],
	[6.317370e+00, 7.225138e+00, 0, 9.271266e+00, 1.029469e+00, 1.805394e+00, 1.970382e+00, 0, 1.497349e+00, 4.336342e+00],
	[6.317370e+00, 7.225138e+00, 0, 9.271266e+00, 1.029469e+00, 1.805394e+00, 1.970382e+00, 0, 1.497349e+00, 4.336342e+00],
	[6.317370e+00, 7.225138e+00, 0, 9.271266e+00, 1.029469e+00, 1.805394e+00, 1.970382e+00, 0, 1.497349e+00, 4.336342e+00],
	[0, 6.296481e+00, 0, 0, 0, 1.507724e+00, 1.537078e+00, 3.145079e+00, 1.382046e+00, 2.751556e+00],
	[0, 6.296481e+00, 0, 0, 0, 1.507724e+00, 1.537078e+00, 3.145079e+00, 1.382046e+00, 2.751556e+00],
	[0, 6.296481e+00, 0, 0, 0, 1.507724e+00, 1.537078e+00, 3.145079e+00, 1.382046e+00, 2.751556e+00],
	[0, 6.296481e+00, 0, 0, 0, 1.507724e+00, 1.537078e+00, 3.145079e+00, 1.382046e+00, 2.751556e+00],
	[0, 4.483495e+00, 0, 0, 0, 1.531442e+00, 1.534717e+00, 0, 1.075962e+00, 1.770060e+00],
	[0, 4.483495e+00, 0, 0, 0, 1.531442e+00, 1.534717e+00, 0, 1.075962e+00, 1.770060e+00],
	[0, 4.483495e+00, 0, 0, 0, 1.531442e+00, 1.534717e+00, 0, 1.075962e+00, 1.770060e+00],
	[0, 4.483495e+00, 0, 0, 0, 1.531442e+00, 1.534717e+00, 0, 1.075962e+00, 1.770060e+00],
	[0, 6.937808e+00, 0, 0, 0, 1.275733e+00, 1.815150e+00, 0, 1.330028e+00, 3.353583e+00],
	[0, 6.937808e+00, 0, 0, 0, 1.275733e+00, 1.815150e+00, 0, 1.330028e+00, 3.353583e+00],
	[0, 6.937808e+00, 0, 0, 0, 1.275733e+00, 1.815150e+00, 0, 1.330028e+00, 3.353583e+00],
	[0, 6.937808e+00, 0, 0, 0, 1.275733e+00, 1.815150e+00, 0, 1.330028e+00, 3.353583e+00],
	[0, 0, 0, 0, 0, 0, 0, 0, 0, 0],
	[0, 0, 0, 0, 0, 0, 0, 0, 0, 0],
	[0, 0, 0, 0, 0, 0, 0, 0, 0, 0],
	[0, 0, 0, 0, 0, 0, 0, 0, 0, 0],
	[0, 0, 0, 0, 0, 0, 0, 0, 0, 0],
	[0, 0, 0, 0, 0, 0, 0, 0, 0, 0],
	[0, 0, 0, 0, 0, 0, 0, 0, 0, 0],
	[0, 0, 0, 0, 0, 0, 0, 0, 0, 0],
	[0, 0, 0, 0, 0, 0, 0, 0, 0, 0],
	[0, 0, 0, 0, 0, 0, 0, 0, 0, 0],
	[0, 0, 0, 0, 0, 0, 0, 0, 0, 0],
	[0, 0, 0, 0, 0, 0, 0, 0, 0, 0],
	[0, 0, 0, 0, 0, 0, 0, 0, 0, 0],
	[0, 0, 0, 0, 0, 0, 0, 0, 0, 0],
	[0, 0, 0, 0, 0, 0, 0, 0, 0, 0],
	[0, 0, 0, 0, 0, 0, 0, 0, 0, 0] ]
undercost [
	[0, 0, 0, 0, 0, 0, 0, 0, 0, 0],
	[0, 0, 0, 0, 0, 0, 0, 0, 0, 0],
	[0, 0, 0, 0, 0, 0, 0, 0, 0, 0],
	[0, 0, 0, 0, 0, 0, 0, 0, 0, 0],
	[0, 0, 0, 0, 0, 0, 0, 0, 0, 0],
	[0, 0, 0, 0, 0, 0, 0, 0, 0, 0],
	[0, 0, 0, 0, 0, 0, 0, 0, 0, 0],
	[0, 0, 0, 0, 0, 0, 0, 0, 0, 0],
	[0, 0, 0, 0, 0, 0, 0, 0, 0, 0],
	[0, 0, 0, 0, 0, 0, 0, 0, 0, 0],
	[0, 0, 0, 0, 0, 0, 0, 0, 0, 0],
	[0, 0, 0, 0, 0, 0, 0, 0, 0, 0],
	[0, 0, 0, 0, 0, 0, 0, 0, 0, 0],
	[0, 0, 0, 0, 0, 0, 0, 0, 0, 0],
	[0, 0, 0, 0, 0, 0, 0, 0, 0, 0],
	[0, 0, 0, 0, 0, 0, 0, 0, 0, 0],
	[0, 0, 0, 0, 0, 0, 0, 0, 0, 0],
	[0, 0, 0, 0, 0, 0, 0, 0, 0, 0],
	[0, 0, 0, 0, 0, 0, 0, 0, 0, 0],
	[0, 0, 0, 0, 0, 0, 0, 0, 0, 0],
	[0, 0, 0, 0, 0, 0, 0, 0, 0, 0],
	[0, 0, 0, 0, 0, 0, 0, 0, 0, 0],
	[0, 0, 0, 0, 0, 0, 0, 0, 0, 0],
	[0, 0, 0, 0, 0, 0, 0, 0, 0, 0],
	[0, 0, 0, 0, 0, 0, 0, 0, 0, 0],
	[0, 0, 0, 0, 0, 0, 0, 0, 0, 0],
	[0, 0, 0, 0, 0, 0, 0, 0, 0, 0],
	[0, 0, 0, 0, 0, 0, 0, 0, 0, 0],
	[0, 0, 0, 0, 0, 0, 0, 0, 0, 0],
	[0, 0, 0, 0, 0, 0, 0, 0, 0, 0],
	[0, 0, 0, 0, 0, 0, 0, 0, 0, 0],
	[0, 0, 0, 0, 0, 0, 0, 0, 0, 0],
	[0, 0, 1.000000e+06, 0, 0, 0, 0, 0, 0, 0],
	[0, 0, 1.000000e+06, 0, 0, 0, 0, 0, 0, 0],
	[0, 0, 1.000000e+06, 0, 0, 0, 0, 0, 0, 0],
	[0, 0, 1.000000e+06, 0, 0, 0, 0, 0, 0, 0],
	[1.000000e+06, 1.000000e+06, 1.000000e+06, 0, 0, 1.000000e+06, 1.000000e+06, 1.000000e+06, 1.000000e+06, 1.000000e+06],
	[1.000000e+06, 1.000000e+06, 1.000000e+06, 0, 0, 1.000000e+06, 1.000000e+06, 1.000000e+06, 1.000000e+06, 1.000000e+06],
	[1.000000e+06, 1.000000e+06, 1.000000e+06, 0, 0, 1.000000e+06, 1.000000e+06, 1.000000e+06, 1.000000e+06, 1.000000e+06],
	[1.000000e+06, 1.000000e+06, 1.000000e+06, 0, 0, 1.000000e+06, 1.000000e+06, 1.000000e+06, 1.000000e+06, 1.000000e+06],
	[1.000000e+06, 1.000000e+06, 2.163441e+00, 0, 1.000000e+06, 1.000000e+06, 1.000000e+06, 0, 1.000000e+06, 1.000000e+06],
	[1.000000e+06, 1.000000e+06, 2.163441e+00, 0, 1.000000e+06, 1.000000e+06, 1.000000e+06, 0, 1.000000e+06, 1.000000e+06],
	[1.000000e+06, 1.000000e+06, 2.163441e+00, 0, 1.000000e+06, 1.000000e+06, 1.000000e+06, 0, 1.000000e+06, 1.000000e+06],
	[1.000000e+06, 1.000000e+06, 2.163441e+00, 0, 1.000000e+06, 1.000000e+06, 1.000000e+06, 0, 1.000000e+06, 1.000000e+06],
	[1.000000e+06, 1.000000e+06, 1.542691e+00, 1.000000e+06, 1.426741e+00, 1.000000e+06, 1.000000e+06, 1.000000e+06, 2.288349e+00, 1.000000e+06],
	[1.000000e+06, 1.000000e+06, 1.542691e+00, 1.000000e+06, 1.426741e+00, 1.000000e+06, 1.000000e+06, 1.000000e+06, 2.288349e+00, 1.000000e+06],
	[1.000000e+06, 1.000000e+06, 1.542691e+00, 1.000000e+06, 1.426741e+00, 1.000000e+06, 1.000000e+06, 1.000000e+06, 2.288349e+00, 1.000000e+06],
	[1.000000e+06, 1.000000e+06, 1.542691e+00, 1.000000e+06, 1.426741e+00, 1.000000e+06, 1.000000e+06, 1.000000e+06, 2.288349e+00, 1.000000e+06],
	[1.000000e+06, 1.000000e+06, 1.186835e+00, 1.000000e+06, 1.213805e+00, 2.149759e+00, 1.000000e+06, 1.000000e+06, 1.636511e+00, 1.000000e+06],
	[1.000000e+06, 1.000000e+06, 1.186835e+00, 1.000000e+06, 1.213805e+00, 2.149759e+00, 1.000000e+06, 1.000000e+06, 1.636511e+00, 1.000000e+06],
	[1.000000e+06, 1.000000e+06, 1.186835e+00, 1.000000e+06, 1.213805e+00, 2.149759e+00, 1.000000e+06, 1.000000e+06, 1.636511e+00, 1.000000e+06],
	[1.000000e+06, 1.000000e+06, 1.186835e+00, 1.000000e+06, 1.213805e+00, 2.149759e+00, 1.000000e+06, 1.000000e+06, 1.636511e+00, 1.000000e+06],
	[1.000000e+06, 1.000000e+06, 1.517356e+00, 1.000000e+06, 1.579700e+00, 2.500982e+00, 1.000000e+06, 1.000000e+06, 1.312467e+00, 1.000000e+06],
	[1.000000e+06, 1.000000e+06, 1.517356e+00, 1.000000e+06, 1.579700e+00, 2.500982e+00, 1.000000e+06, 1.000000e+06, 1.312467e+00, 1.000000e+06],
	[1.000000e+06, 1.000000e+06, 1.517356e+00, 1.000000e+06, 1.579700e+00, 2.500982e+00, 1.000000e+06, 1.000000e+06, 1.312467e+00, 1.000000e+06],
	[1.000000e+06, 1.000000e+06, 1.517356e+00, 1.000000e+06, 1.579700e+00, 2.500982e+00, 1.000000e+06, 1.000000e+06, 1.312467e+00, 1.000000e+06],
	[1.000000e+06, 1.000000e+06, 9.743599e-01, 1.000000e+06, 0, 2.685599e+00, 1.000000e+06, 1.000000e+06, 1.453279e+00, 1.000000e+06],
	[1.000000e+06, 1.000000e+06, 9.743599e-01, 1.000000e+06, 0, 2.685599e+00, 1.000000e+06, 1.000000e+06, 1.453279e+00, 1.000000e+06],
	[1.000000e+06, 1.000000e+06, 9.743599e-01, 1.000000e+06, 0, 2.685599e+00, 1.000000e+06, 1.000000e+06, 1.453279e+00, 1.000000e+06],
	[1.000000e+06, 1.000000e+06, 9.743599e-01, 1.000000e+06, 0, 2.685599e+00, 1.000000e+06, 1.000000e+06, 1.453279e+00, 1.000000e+06],
	[1.000000e+06, 1.000000e+06, 1.121029e+00, 1.000000e+06, 1.695932e+00, 2.897930e+00, 1.000000e+06, 1.000000e+06, 2.008363e+00, 1.000000e+06],
	[1.000000e+06, 1.000000e+06, 1.121029e+00, 1.000000e+06, 1.695932e+00, 2.897930e+00, 1.000000e+06, 1.000000e+06, 2.008363e+00, 1.000000e+06],
	[1.000000e+06, 1.000000e+06, 1.121029e+00, 1.000000e+06, 1.695932e+00, 2.897930e+00, 1.000000e+06, 1.000000e+06, 2.008363e+00, 1.000000e+06],
	[1.000000e+06, 1.000000e+06, 1.121029e+00, 1.000000e+06, 1.695932e+00, 2.897930e+00, 1.000000e+06, 1.000000e+06, 2.008363e+00, 1.000000e+06],
	[1.000000e+06, 1.000000e+06, 0, 1.000000e+06, 1.578215e+00, 2.110759e+00, 1.000000e+06, 0, 2.226461e+00, 1.000000e+06],
	[1.000000e+06, 1.000000e+06, 0, 1.000000e+06, 1.578215e+00, 2.110759e+00, 1.000000e+06, 0, 2.226461e+00, 1.000000e+06],
	[1.000000e+06, 1.000000e+06, 0, 1.000000e+06, 1.578215e+00, 2.110759e+00, 1.000000e+06, 0, 2.226461e+00, 1.000000e+06],
	[1.000000e+06, 1.000000e+06, 0, 1.000000e+06, 1.578215e+00, 2.110759e+00, 1.000000e+06, 0, 2.226461e+00, 1.000000e+06],
	[0, 1.000000e+06, 0, 0, 0, 2.530170e+00, 1.000000e+06, 1.000000e+06, 1.917249e+00, 1.000000e+06],
	[0, 1.000000e+06, 0, 0, 0, 2.530170e+00, 1.000000e+06, 1.000000e+06, 1.917249e+00, 1.000000e+06],
	[0, 1.000000e+06, 0, 0, 0, 2.530170e+00, 1.000000e+06, 1.000000e+06, 1.917249e+00, 1.000000e+06],
	[0, 1.000000e+06, 0, 0, 0, 2.530170e+00, 1.000000e+06, 1.000000e+06, 1.917249e+00, 1.000000e+06],
	[0, 1.000000e+06, 0, 0, 0, 1.927513e+00, 1.000000e+06, 0, 1.651335e+00, 1.000000e+06],
	[0, 1.000000e+06, 0, 0, 0, 1.927513e+00, 1.000000e+06, 0, 1.651335e+00, 1.000000e+06],
	[0, 1.000000e+06, 0, 0, 0, 1.927513e+00, 1.000000e+06, 0, 1.651335e+00, 1.000000e+06],
	[0, 1.000000e+06, 0, 0, 0, 1.927513e+00, 1.000000e+06, 0, 1.651335e+00, 1.000000e+06],
	[0, 1.000000e+06, 0, 0, 0, 2.290441e+00, 1.000000e+06, 0, 1.629139e+00, 1.000000e+06],
	[0, 1.000000e+06, 0, 0, 0, 2.290441e+00, 1.000000e+06, 0, 1.629139e+00, 1.000000e+06],
	[0, 1.000000e+06, 0, 0, 0, 2.290441e+00, 1.000000e+06, 0, 1.629139e+00, 1.000000e+06],
	[0, 1.000000e+06, 0, 0, 0, 2.290441e+00, 1.000000e+06, 0, 1.629139e+00, 1.000000e+06],
	[0, 0, 0, 0, 0, 0, 0, 0, 0, 0],
	[0, 0, 0, 0, 0, 0, 0, 0, 0, 0],
	[0, 0, 0, 0, 0, 0, 0, 0, 0, 0],
	[0, 0, 0, 0, 0, 0, 0, 0, 0, 0],
	[0, 0, 0, 0, 0, 0, 0, 0, 0, 0],
	[0, 0, 0, 0, 0, 0, 0, 0, 0, 0],
	[0, 0, 0, 0, 0, 0, 0, 0, 0, 0],
	[0, 0, 0, 0, 0, 0, 0, 0, 0, 0],
	[0, 0, 0, 0, 0, 0, 0, 0, 0, 0],
	[0, 0, 0, 0, 0, 0, 0, 0, 0, 0],
	[0, 0, 0, 0, 0, 0, 0, 0, 0, 0],
	[0, 0, 0, 0, 0, 0, 0, 0, 0, 0],
	[0, 0, 0, 0, 0, 0, 0, 0, 0, 0],
	[0, 0, 0, 0, 0, 0, 0, 0, 0, 0],
	[0, 0, 0, 0, 0, 0, 0, 0, 0, 0],
	[0, 0, 0, 0, 0, 0, 0, 0, 0, 0] ]
