1244 1427 1767 2722 2961 3350 3487 3732 3884
SHOE
ACT	9
SHIFT	96
demand [
	[0, 0, 0, 0, 0, 0, 0, 0, 0],
	[0, 0, 0, 0, 0, 0, 0, 0, 0],
	[0, 0, 0, 0, 0, 0, 0, 0, 0],
	[0, 0, 0, 0, 0, 0, 0, 0, 0],
	[0, 0, 0, 0, 0, 0, 0, 0, 0],
	[0, 0, 0, 0, 0, 0, 0, 0, 0],
	[0, 0, 0, 0, 0, 0, 0, 0, 0],
	[0, 0, 0, 0, 0, 0, 0, 0, 0],
	[0, 0, 0, 0, 0, 0, 0, 0, 0],
	[0, 0, 0, 0, 0, 0, 0, 0, 0],
	[0, 0, 0, 0, 0, 0, 0, 0, 0],
	[0, 0, 0, 0, 0, 0, 0, 0, 0],
	[0, 0, 0, 0, 0, 0, 0, 0, 0],
	[0, 0, 0, 0, 0, 0, 0, 0, 0],
	[0, 0, 0, 0, 0, 0, 0, 0, 0],
	[0, 0, 0, 0, 0, 0, 0, 0, 0],
	[0, 0, 0, 0, 0, 0, 0, 0, 0],
	[0, 0, 0, 0, 0, 0, 0, 0, 0],
	[0, 0, 0, 0, 0, 0, 0, 0, 0],
	[0, 0, 0, 0, 0, 0, 0, 0, 0],
	[0, 0, 0, 0, 0, 0, 0, 0, 0],
	[0, 0, 0, 0, 0, 0, 0, 0, 0],
	[0, 0, 0, 0, 0, 0, 0, 0, 0],
	[0, 0, 0, 0, 0, 0, 0, 0, 0],
	[0, 0, 0, 0, 0, 0, 0, 0, 0],
	[0, 0, 0, 0, 0, 0, 0, 0, 0],
	[0, 0, 0, 0, 0, 0, 0, 0, 0],
	[0, 0, 0, 0, 0, 0, 0, 0, 0],
	[0, 0, 0, 0, 0, 0, 0, 0, 0],
	[0, 0, 0, 0, 0, 0, 0, 0, 0],
	[0, 0, 0, 0, 0, 0, 0, 0, 0],
	[0, 0, 0, 0, 0, 0, 0, 0, 0],
	[0, 0, 0, 0, 0, 0, 1.75, 0, 0],
	[0, 0, 0, 0, 0, 0, 1.75, 0, 0],
	[0, 0, 0, 0, 0, 0, 1.75, 0, 0],
	[0, 0, 0, 0, 0, 0, 1.75, 0, 0],
	[2.00, 1.00, 1.00, 3.25, 1.50, 1.00, 3.50, 0, 0],
	[2.00, 1.00, 1.00, 3.25, 1.50, 1.00, 3.50, 0, 0],
	[2.00, 1.00, 1.00, 3.25, 1.50, 1.00, 3.50, 0, 0],
	[2.00, 1.00, 1.00, 3.25, 1.50, 1.00, 3.50, 0, 0],
	[2.25, 1.00, 1.00, 4.00, 2.00, 1.00, 4.50, 1.50, 1.75],
	[2.25, 1.00, 1.00, 4.00, 2.00, 1.00, 4.50, 1.50, 1.75],
	[2.25, 1.00, 1.00, 4.00, 2.00, 1.00, 4.50, 1.50, 1.75],
	[2.25, 1.00, 1.00, 4.00, 2.00, 1.00, 4.50, 1.50, 1.75],
	[3.25, 1.00, 1.75, 5.75, 2.75, 1.25, 6.25, 3.00, 3.25],
	[3.25, 1.00, 1.75, 5.75, 2.75, 1.25, 6.25, 3.00, 3.25],
	[3.25, 1.00, 1.75, 5.75, 2.75, 1.25, 6.25, 3.00, 3.25],
	[3.25, 1.00, 1.75, 5.75, 2.75, 1.25, 6.25, 3.00, 3.25],
	[3.50, 1.00, 2.00, 6.50, 3.00, 1.75, 6.75, 3.75, 3.75],
	[3.50, 1.00, 2.00, 6.50, 3.00, 1.75, 6.75, 3.75, 3.75],
	[3.50, 1.00, 2.00, 6.50, 3.00, 1.75, 6.75, 3.75, 3.75],
	[3.50, 1.00, 2.00, 6.50, 3.00, 1.75, 6.75, 3.75, 3.75],
	[3.75, 1.25, 2.00, 6.75, 3.25, 2.00, 7.00, 4.25, 4.00],
	[3.75, 1.25, 2.00, 6.75, 3.25, 2.00, 7.00, 4.25, 4.00],
	[3.75, 1.25, 2.00, 6.75, 3.25, 2.00, 7.00, 4.25, 4.00],
	[3.75, 1.25, 2.00, 6.75, 3.25, 2.00, 7.00, 4.25, 4.00],
	[3.75, 1.25, 2.00, 6.75, 3.25, 2.00, 7.25, 4.25, 4.25],
	[3.75, 1.25, 2.00, 6.75, 3.25, 2.00, 7.25, 4.25, 4.25],
	[3.75, 1.25, 2.00, 6.75, 3.25, 2.00, 7.25, 4.25, 4.25],
	[3.75, 1.25, 2.00, 6.75, 3.25, 2.00, 7.25, 4.25, 4.25],
	[3.75, 1.25, 2.00, 6.75, 3.25, 1.75, 7.25, 4.00, 4.00],
	[3.75, 1.25, 2.00, 6.75, 3.25, 1.75, 7.25, 4.00, 4.00],
	[3.75, 1.25, 2.00, 6.75, 3.25, 1.75, 7.25, 4.00, 4.00],
	[3.75, 1.25, 2.00, 6.75, 3.25, 1.75, 7.25, 4.00, 4.00],
	[3.25, 1.00, 1.75, 6.00, 0, 1.25, 6.50, 0, 0],
	[3.25, 1.00, 1.75, 6.00, 0, 1.25, 6.50, 0, 0],
	[3.25, 1.00, 1.75, 6.00, 0, 1.25, 6.50, 0, 0],
	[3.25, 1.00, 1.75, 6.00, 0, 1.25, 6.50, 0, 0],
	[0, 1.00, 1.75, 0, 0, 0, 6.75, 0, 0],
	[0, 1.00, 1.75, 0, 0, 0, 6.75, 0, 0],
	[0, 1.00, 1.75, 0, 0, 0, 6.75, 0, 0],
	[0, 1.00, 1.75, 0, 0, 0, 6.75, 0, 0],
	[0, 1.25, 2.25, 0, 0, 0, 0, 0, 0],
	[0, 1.25, 2.25, 0, 0, 0, 0, 0, 0],
	[0, 1.25, 2.25, 0, 0, 0, 0, 0, 0],
	[0, 1.25, 2.25, 0, 0, 0, 0, 0, 0],
	[0, 1.00, 2.00, 0, 0, 0, 0, 0, 0],
	[0, 1.00, 2.00, 0, 0, 0, 0, 0, 0],
	[0, 1.00, 2.00, 0, 0, 0, 0, 0, 0],
	[0, 1.00, 2.00, 0, 0, 0, 0, 0, 0],
	[0, 0, 0, 0, 0, 0, 0, 0, 0],
	[0, 0, 0, 0, 0, 0, 0, 0, 0],
	[0, 0, 0, 0, 0, 0, 0, 0, 0],
	[0, 0, 0, 0, 0, 0, 0, 0, 0],
	[0, 0, 0, 0, 0, 0, 0, 0, 0],
	[0, 0, 0, 0, 0, 0, 0, 0, 0],
	[0, 0, 0, 0, 0, 0, 0, 0, 0],
	[0, 0, 0, 0, 0, 0, 0, 0, 0],
	[0, 0, 0, 0, 0, 0, 0, 0, 0],
	[0, 0, 0, 0, 0, 0, 0, 0, 0],
	[0, 0, 0, 0, 0, 0, 0, 0, 0],
	[0, 0, 0, 0, 0, 0, 0, 0, 0],
	[0, 0, 0, 0, 0, 0, 0, 0, 0],
	[0, 0, 0, 0, 0, 0, 0, 0, 0],
	[0, 0, 0, 0, 0, 0, 0, 0, 0],
	[0, 0, 0, 0, 0, 0, 0, 0, 0] ]
overcost [
	[0, 0, 0, 0, 0, 0, 0, 0, 0],
	[0, 0, 0, 0, 0, 0, 0, 0, 0],
	[0, 0, 0, 0, 0, 0, 0, 0, 0],
	[0, 0, 0, 0, 0, 0, 0, 0, 0],
	[0, 0, 0, 0, 0, 0, 0, 0, 0],
	[0, 0, 0, 0, 0, 0, 0, 0, 0],
	[0, 0, 0, 0, 0, 0, 0, 0, 0],
	[0, 0, 0, 0, 0, 0, 0, 0, 0],
	[0, 0, 0, 0, 0, 0, 0, 0, 0],
	[0, 0, 0, 0, 0, 0, 0, 0, 0],
	[0, 0, 0, 0, 0, 0, 0, 0, 0],
	[0, 0, 0, 0, 0, 0, 0, 0, 0],
	[0, 0, 0, 0, 0, 0, 0, 0, 0],
	[0, 0, 0, 0, 0, 0, 0, 0, 0],
	[0, 0, 0, 0, 0, 0, 0, 0, 0],
	[0, 0, 0, 0, 0, 0, 0, 0, 0],
	[0, 0, 0, 0, 0, 0, 0, 0, 0],
	[0, 0, 0, 0, 0, 0, 0, 0, 0],
	[0, 0, 0, 0, 0, 0, 0, 0, 0],
	[0, 0, 0, 0, 0, 0, 0, 0, 0],
	[0, 0, 0, 0, 0, 0, 0, 0, 0],
	[0, 0, 0, 0, 0, 0, 0, 0, 0],
	[0, 0, 0, 0, 0, 0, 0, 0, 0],
	[0, 0, 0, 0, 0, 0, 0, 0, 0],
	[0, 0, 0, 0, 0, 0, 0, 0, 0],
	[0, 0, 0, 0, 0, 0, 0, 0, 0],
	[0, 0, 0, 0, 0, 0, 0, 0, 0],
	[0, 0, 0, 0, 0, 0, 0, 0, 0],
	[0, 0, 0, 0, 0, 0, 0, 0, 0],
	[0, 0, 0, 0, 0, 0, 0, 0, 0],
	[0, 0, 0, 0, 0, 0, 0, 0, 0],
	[0, 0, 0, 0, 0, 0, 0, 0, 0],
	[0, 0, 0, 0, 0, 0, 1.808755e+00, 0, 0],
	[0, 0, 0, 0, 0, 0, 1.808755e+00, 0, 0],
	[0, 0, 0, 0, 0, 0, 1.808755e+00, 0, 0],
	[0, 0, 0, 0, 0, 0, 1.808755e+00, 0, 0],
	[1.509593e+00, 7.725382e+00, 4.058911e+00, 1.303916e+00, 1.477605e+00, 8.683288e+00, 1.032988e+00, 0, 0],
	[1.509593e+00, 7.725382e+00, 4.058911e+00, 1.303916e+00, 1.477605e+00, 8.683288e+00, 1.032988e+00, 0, 0],
	[1.509593e+00, 7.725382e+00, 4.058911e+00, 1.303916e+00, 1.477605e+00, 8.683288e+00, 1.032988e+00, 0, 0],
	[1.509593e+00, 7.725382e+00, 4.058911e+00, 1.303916e+00, 1.477605e+00, 8.683288e+00, 1.032988e+00, 0, 0],
	[8.460440e-01, 5.836617e+00, 2.106986e+00, 7.373656e-01, 1.413202e+00, 6.613518e+00, 8.940446e-01, 2.095849e+00, 1.122582e+00],
	[8.460440e-01, 5.836617e+00, 2.106986e+00, 7.373656e-01, 1.413202e+00, 6.613518e+00, 8.940446e-01, 2.095849e+00, 1.122582e+00],
	[8.460440e-01, 5.836617e+00, 2.106986e+00, 7.373656e-01, 1.413202e+00, 6.613518e+00, 8.940446e-01, 2.095849e+00, 1.122582e+00],
	[8.460440e-01, 5.836617e+00, 2.106986e+00, 7.373656e-01, 1.413202e+00, 6.613518e+00, 8.940446e-01, 2.095849e+00, 1.122582e+00],
	[8.076011e-01, 3.000873e+00, 1.664368e+00, 4.893517e-01, 9.508705e-01, 1.862400e+00, 5.864411e-01, 9.148791e-01, 8.793038e-01],
	[8.076011e-01, 3.000873e+00, 1.664368e+00, 4.893517e-01, 9.508705e-01, 1.862400e+00, 5.864411e-01, 9.148791e-01, 8.793038e-01],
	[8.076011e-01, 3.000873e+00, 1.664368e+00, 4.893517e-01, 9.508705e-01, 1.862400e+00, 5.864411e-01, 9.148791e-01, 8.793038e-01],
	[8.076011e-01, 3.000873e+00, 1.664368e+00, 4.893517e-01, 9.508705e-01, 1.862400e+00, 5.864411e-01, 9.148791e-01, 8.793038e-01],
	[7.941632e-01, 1.882059e+00, 1.484570e+00, 6.998647e-01, 7.977367e-01, 1.303532e+00, 5.116791e-01, 6.527641e-01, 6.495682e-01],
	[7.941632e-01, 1.882059e+00, 1.484570e+00, 6.998647e-01, 7.977367e-01, 1.303532e+00, 5.116791e-01, 6.527641e-01, 6.495682e-01],
	[7.941632e-01, 1.882059e+00, 1.484570e+00, 6.998647e-01, 7.977367e-01, 1.303532e+00, 5.116791e-01, 6.527641e-01, 6.495682e-01],
	[7.941632e-01, 1.882059e+00, 1.484570e+00, 6.998647e-01, 7.977367e-01, 1.303532e+00, 5.116791e-01, 6.527641e-01, 6.495682e-01],
	[8.869462e-01, 2.405710e+00, 1.129893e+00, 5.997379e-01, 9.421820e-01, 1.333794e+00, 4.179505e-01, 8.753007e-01, 5.996253e-01],
	[8.869462e-01, 2.405710e+00, 1.129893e+00, 5.997379e-01, 9.421820e-01, 1.333794e+00, 4.179505e-01, 8.753007e-01, 5.996253e-01],
	[8.869462e-01, 2.405710e+00, 1.129893e+00, 5.997379e-01, 9.421820e-01, 1.333794e+00, 4.179505e-01, 8.753007e-01, 5.996253e-01],
	[8.869462e-01, 2.405710e+00, 1.129893e+00, 5.997379e-01, 9.421820e-01, 1.333794e+00, 4.179505e-01, 8.753007e-01, 5.996253e-01],
	[7.776515e-01, 2.310248e+00, 1.028104e+00, 4.590913e-01, 7.972020e-01, 1.264756e+00, 5.124834e-01, 7.632942e-01, 8.409067e-01],
	[7.776515e-01, 2.310248e+00, 1.028104e+00, 4.590913e-01, 7.972020e-01, 1.264756e+00, 5.124834e-01, 7.632942e-01, 8.409067e-01],
	[7.776515e-01, 2.310248e+00, 1.028104e+00, 4.590913e-01, 7.972020e-01, 1.264756e+00, 5.124834e-01, 7.632942e-01, 8.409067e-01],
	[7.776515e-01, 2.310248e+00, 1.028104e+00, 4.590913e-01, 7.972020e-01, 1.264756e+00, 5.124834e-01, 7.632942e-01, 8.409067e-01],
	[7.145622e-01, 2.591093e+00, 1.169562e+00, 4.440335e-01, 8.076237e-01, 1.319612e+00, 4.828879e-01, 8.354958e-01, 7.105095e-01],
	[7.145622e-01, 2.591093e+00, 1.169562e+00, 4.440335e-01, 8.076237e-01, 1.319612e+00, 4.828879e-01, 8.354958e-01, 7.105095e-01],
	[7.145622e-01, 2.591093e+00, 1.169562e+00, 4.440335e-01, 8.076237e-01, 1.319612e+00, 4.828879e-01, 8.354958e-01, 7.105095e-01],
	[7.145622e-01, 2.591093e+00, 1.169562e+00, 4.440335e-01, 8.076237e-01, 1.319612e+00, 4.828879e-01, 8.354958e-01, 7.105095e-01],
	[6.153811e-01, 3.040025e+00, 1.613542e+00, 5.784127e-01, 0, 2.235710e+00, 6.252536e-01, 0, 0],
	[6.153811e-01, 3.040025e+00, 1.613542e+00, 5.784127e-01, 0, 2.235710e+00, 6.252536e-01, 0, 0],
	[6.153811e-01, 3.040025e+00, 1.613542e+00, 5.784127e-01, 0, 2.235710e+00, 6.252536e-01, 0, 0],
	[6.153811e-01, 3.040025e+00, 1.613542e+00, 5.784127e-01, 0, 2.235710e+00, 6.252536e-01, 0, 0],
	[0, 2.459056e+00, 1.121854e+00, 0, 0, 0, 4.592323e-01, 0, 0],
	[0, 2.459056e+00, 1.121854e+00, 0, 0, 0, 4.592323e-01, 0, 0],
	[0, 2.459056e+00, 1.121854e+00, 0, 0, 0, 4.592323e-01, 0, 0],
	[0, 2.459056e+00, 1.121854e+00, 0, 0, 0, 4.592323e-01, 0, 0],
	[0, 2.222516e+00, 1.359369e+00, 0, 0, 0, 0, 0, 0],
	[0, 2.222516e+00, 1.359369e+00, 0, 0, 0, 0, 0, 0],
	[0, 2.222516e+00, 1.359369e+00, 0, 0, 0, 0, 0, 0],
	[0, 2.222516e+00, 1.359369e+00, 0, 0, 0, 0, 0, 0],
	[0, 2.007316e+00, 1.116406e+00, 0, 0, 0, 0, 0, 0],
	[0, 2.007316e+00, 1.116406e+00, 0, 0, 0, 0, 0, 0],
	[0, 2.007316e+00, 1.116406e+00, 0, 0, 0, 0, 0, 0],
	[0, 2.007316e+00, 1.116406e+00, 0, 0, 0, 0, 0, 0],
	[0, 0, 0, 0, 0, 0, 0, 0, 0],
	[0, 0, 0, 0, 0, 0, 0, 0, 0],
	[0, 0, 0, 0, 0, 0, 0, 0, 0],
	[0, 0, 0, 0, 0, 0, 0, 0, 0],
	[0, 0, 0, 0, 0, 0, 0, 0, 0],
	[0, 0, 0, 0, 0, 0, 0, 0, 0],
	[0, 0, 0, 0, 0, 0, 0, 0, 0],
	[0, 0, 0, 0, 0, 0, 0, 0, 0],
	[0, 0, 0, 0, 0, 0, 0, 0, 0],
	[0, 0, 0, 0, 0, 0, 0, 0, 0],
	[0, 0, 0, 0, 0, 0, 0, 0, 0],
	[0, 0, 0, 0, 0, 0, 0, 0, 0],
	[0, 0, 0, 0, 0, 0, 0, 0, 0],
	[0, 0, 0, 0, 0, 0, 0, 0, 0],
	[0, 0, 0, 0, 0, 0, 0, 0, 0],
	[0, 0, 0, 0, 0, 0, 0, 0, 0] ]
undercost [
	[0, 0, 0, 0, 0, 0, 0, 0, 0],
	[0, 0, 0, 0, 0, 0, 0, 0, 0],
	[0, 0, 0, 0, 0, 0, 0, 0, 0],
	[0, 0, 0, 0, 0, 0, 0, 0, 0],
	[0, 0, 0, 0, 0, 0, 0, 0, 0],
	[0, 0, 0, 0, 0, 0, 0, 0, 0],
	[0, 0, 0, 0, 0, 0, 0, 0, 0],
	[0, 0, 0, 0, 0, 0, 0, 0, 0],
	[0, 0, 0, 0, 0, 0, 0, 0, 0],
	[0, 0, 0, 0, 0, 0, 0, 0, 0],
	[0, 0, 0, 0, 0, 0, 0, 0, 0],
	[0, 0, 0, 0, 0, 0, 0, 0, 0],
	[0, 0, 0, 0, 0, 0, 0, 0, 0],
	[0, 0, 0, 0, 0, 0, 0, 0, 0],
	[0, 0, 0, 0, 0, 0, 0, 0, 0],
	[0, 0, 0, 0, 0, 0, 0, 0, 0],
	[0, 0, 0, 0, 0, 0, 0, 0, 0],
	[0, 0, 0, 0, 0, 0, 0, 0, 0],
	[0, 0, 0, 0, 0, 0, 0, 0, 0],
	[0, 0, 0, 0, 0, 0, 0, 0, 0],
	[0, 0, 0, 0, 0, 0, 0, 0, 0],
	[0, 0, 0, 0, 0, 0, 0, 0, 0],
	[0, 0, 0, 0, 0, 0, 0, 0, 0],
	[0, 0, 0, 0, 0, 0, 0, 0, 0],
	[0, 0, 0, 0, 0, 0, 0, 0, 0],
	[0, 0, 0, 0, 0, 0, 0, 0, 0],
	[0, 0, 0, 0, 0, 0, 0, 0, 0],
	[0, 0, 0, 0, 0, 0, 0, 0, 0],
	[0, 0, 0, 0, 0, 0, 0, 0, 0],
	[0, 0, 0, 0, 0, 0, 0, 0, 0],
	[0, 0, 0, 0, 0, 0, 0, 0, 0],
	[0, 0, 0, 0, 0, 0, 0, 0, 0],
	[0, 0, 0, 0, 0, 0, 1.000000e+06, 0, 0],
	[0, 0, 0, 0, 0, 0, 1.000000e+06, 0, 0],
	[0, 0, 0, 0, 0, 0, 1.000000e+06, 0, 0],
	[0, 0, 0, 0, 0, 0, 1.000000e+06, 0, 0],
	[1.723832e+00, 1.000000e+06, 1.000000e+06, 1.129597e+00, 1.000000e+06, 1.000000e+06, 1.146532e+00, 0, 0],
	[1.723832e+00, 1.000000e+06, 1.000000e+06, 1.129597e+00, 1.000000e+06, 1.000000e+06, 1.146532e+00, 0, 0],
	[1.723832e+00, 1.000000e+06, 1.000000e+06, 1.129597e+00, 1.000000e+06, 1.000000e+06, 1.146532e+00, 0, 0],
	[1.723832e+00, 1.000000e+06, 1.000000e+06, 1.129597e+00, 1.000000e+06, 1.000000e+06, 1.146532e+00, 0, 0],
	[2.164741e+00, 1.000000e+06, 1.000000e+06, 1.289635e+00, 2.471275e+00, 1.000000e+06, 7.742205e-01, 1.000000e+06, 1.000000e+06],
	[2.164741e+00, 1.000000e+06, 1.000000e+06, 1.289635e+00, 2.471275e+00, 1.000000e+06, 7.742205e-01, 1.000000e+06, 1.000000e+06],
	[2.164741e+00, 1.000000e+06, 1.000000e+06, 1.289635e+00, 2.471275e+00, 1.000000e+06, 7.742205e-01, 1.000000e+06, 1.000000e+06],
	[2.164741e+00, 1.000000e+06, 1.000000e+06, 1.289635e+00, 2.471275e+00, 1.000000e+06, 7.742205e-01, 1.000000e+06, 1.000000e+06],
	[1.135839e+00, 1.000000e+06, 1.000000e+06, 9.055009e-01, 1.777847e+00, 1.000000e+06, 6.183195e-01, 1.535262e+00, 1.335193e+00],
	[1.135839e+00, 1.000000e+06, 1.000000e+06, 9.055009e-01, 1.777847e+00, 1.000000e+06, 6.183195e-01, 1.535262e+00, 1.335193e+00],
	[1.135839e+00, 1.000000e+06, 1.000000e+06, 9.055009e-01, 1.777847e+00, 1.000000e+06, 6.183195e-01, 1.535262e+00, 1.335193e+00],
	[1.135839e+00, 1.000000e+06, 1.000000e+06, 9.055009e-01, 1.777847e+00, 1.000000e+06, 6.183195e-01, 1.535262e+00, 1.335193e+00],
	[9.914568e-01, 1.000000e+06, 2.111069e+00, 5.003184e-01, 1.699710e+00, 1.000000e+06, 6.056078e-01, 1.292758e+00, 1.274517e+00],
	[9.914568e-01, 1.000000e+06, 2.111069e+00, 5.003184e-01, 1.699710e+00, 1.000000e+06, 6.056078e-01, 1.292758e+00, 1.274517e+00],
	[9.914568e-01, 1.000000e+06, 2.111069e+00, 5.003184e-01, 1.699710e+00, 1.000000e+06, 6.056078e-01, 1.292758e+00, 1.274517e+00],
	[9.914568e-01, 1.000000e+06, 2.111069e+00, 5.003184e-01, 1.699710e+00, 1.000000e+06, 6.056078e-01, 1.292758e+00, 1.274517e+00],
	[7.467860e-01, 1.000000e+06, 2.611379e+00, 5.637906e-01, 1.299773e+00, 2.133022e+00, 6.665690e-01, 7.780402e-01, 1.199303e+00],
	[7.467860e-01, 1.000000e+06, 2.611379e+00, 5.637906e-01, 1.299773e+00, 2.133022e+00, 6.665690e-01, 7.780402e-01, 1.199303e+00],
	[7.467860e-01, 1.000000e+06, 2.611379e+00, 5.637906e-01, 1.299773e+00, 2.133022e+00, 6.665690e-01, 7.780402e-01, 1.199303e+00],
	[7.467860e-01, 1.000000e+06, 2.611379e+00, 5.637906e-01, 1.299773e+00, 2.133022e+00, 6.665690e-01, 7.780402e-01, 1.199303e+00],
	[8.775548e-01, 1.000000e+06, 2.755644e+00, 7.191235e-01, 1.478532e+00, 2.231267e+00, 5.235496e-01, 9.093959e-01, 7.997296e-01],
	[8.775548e-01, 1.000000e+06, 2.755644e+00, 7.191235e-01, 1.478532e+00, 2.231267e+00, 5.235496e-01, 9.093959e-01, 7.997296e-01],
	[8.775548e-01, 1.000000e+06, 2.755644e+00, 7.191235e-01, 1.478532e+00, 2.231267e+00, 5.235496e-01, 9.093959e-01, 7.997296e-01],
	[8.775548e-01, 1.000000e+06, 2.755644e+00, 7.191235e-01, 1.478532e+00, 2.231267e+00, 5.235496e-01, 9.093959e-01, 7.997296e-01],
	[9.547220e-01, 1.000000e+06, 2.563746e+00, 7.363738e-01, 1.467456e+00, 1.000000e+06, 5.564836e-01, 9.415554e-01, 1.069624e+00],
	[9.547220e-01, 1.000000e+06, 2.563746e+00, 7.363738e-01, 1.467456e+00, 1.000000e+06, 5.564836e-01, 9.415554e-01, 1.069624e+00],
	[9.547220e-01, 1.000000e+06, 2.563746e+00, 7.363738e-01, 1.467456e+00, 1.000000e+06, 5.564836e-01, 9.415554e-01, 1.069624e+00],
	[9.547220e-01, 1.000000e+06, 2.563746e+00, 7.363738e-01, 1.467456e+00, 1.000000e+06, 5.564836e-01, 9.415554e-01, 1.069624e+00],
	[1.373176e+00, 1.000000e+06, 1.000000e+06, 7.441384e-01, 0, 1.000000e+06, 5.263283e-01, 0, 0],
	[1.373176e+00, 1.000000e+06, 1.000000e+06, 7.441384e-01, 0, 1.000000e+06, 5.263283e-01, 0, 0],
	[1.373176e+00, 1.000000e+06, 1.000000e+06, 7.441384e-01, 0, 1.000000e+06, 5.263283e-01, 0, 0],
	[1.373176e+00, 1.000000e+06, 1.000000e+06, 7.441384e-01, 0, 1.000000e+06, 5.263283e-01, 0, 0],
	[0, 1.000000e+06, 1.000000e+06, 0, 0, 0, 6.645061e-01, 0, 0],
	[0, 1.000000e+06, 1.000000e+06, 0, 0, 0, 6.645061e-01, 0, 0],
	[0, 1.000000e+06, 1.000000e+06, 0, 0, 0, 6.645061e-01, 0, 0],
	[0, 1.000000e+06, 1.000000e+06, 0, 0, 0, 6.645061e-01, 0, 0],
	[0, 1.000000e+06, 1.779545e+00, 0, 0, 0, 0, 0, 0],
	[0, 1.000000e+06, 1.779545e+00, 0, 0, 0, 0, 0, 0],
	[0, 1.000000e+06, 1.779545e+00, 0, 0, 0, 0, 0, 0],
	[0, 1.000000e+06, 1.779545e+00, 0, 0, 0, 0, 0, 0],
	[0, 1.000000e+06, 2.659866e+00, 0, 0, 0, 0, 0, 0],
	[0, 1.000000e+06, 2.659866e+00, 0, 0, 0, 0, 0, 0],
	[0, 1.000000e+06, 2.659866e+00, 0, 0, 0, 0, 0, 0],
	[0, 1.000000e+06, 2.659866e+00, 0, 0, 0, 0, 0, 0],
	[0, 0, 0, 0, 0, 0, 0, 0, 0],
	[0, 0, 0, 0, 0, 0, 0, 0, 0],
	[0, 0, 0, 0, 0, 0, 0, 0, 0],
	[0, 0, 0, 0, 0, 0, 0, 0, 0],
	[0, 0, 0, 0, 0, 0, 0, 0, 0],
	[0, 0, 0, 0, 0, 0, 0, 0, 0],
	[0, 0, 0, 0, 0, 0, 0, 0, 0],
	[0, 0, 0, 0, 0, 0, 0, 0, 0],
	[0, 0, 0, 0, 0, 0, 0, 0, 0],
	[0, 0, 0, 0, 0, 0, 0, 0, 0],
	[0, 0, 0, 0, 0, 0, 0, 0, 0],
	[0, 0, 0, 0, 0, 0, 0, 0, 0],
	[0, 0, 0, 0, 0, 0, 0, 0, 0],
	[0, 0, 0, 0, 0, 0, 0, 0, 0],
	[0, 0, 0, 0, 0, 0, 0, 0, 0],
	[0, 0, 0, 0, 0, 0, 0, 0, 0] ]
