217 358 1273 1944 1952 1982 2320 2523 3037 3537
SHOE
ACT	10
SHIFT	96
demand [
	[0, 0, 0, 0, 0, 0, 0, 0, 0, 0],
	[0, 0, 0, 0, 0, 0, 0, 0, 0, 0],
	[0, 0, 0, 0, 0, 0, 0, 0, 0, 0],
	[0, 0, 0, 0, 0, 0, 0, 0, 0, 0],
	[0, 0, 0, 0, 0, 0, 0, 0, 0, 0],
	[0, 0, 0, 0, 0, 0, 0, 0, 0, 0],
	[0, 0, 0, 0, 0, 0, 0, 0, 0, 0],
	[0, 0, 0, 0, 0, 0, 0, 0, 0, 0],
	[0, 0, 0, 0, 0, 0, 0, 0, 0, 0],
	[0, 0, 0, 0, 0, 0, 0, 0, 0, 0],
	[0, 0, 0, 0, 0, 0, 0, 0, 0, 0],
	[0, 0, 0, 0, 0, 0, 0, 0, 0, 0],
	[0, 0, 0, 0, 0, 0, 0, 0, 0, 0],
	[0, 0, 0, 0, 0, 0, 0, 0, 0, 0],
	[0, 0, 0, 0, 0, 0, 0, 0, 0, 0],
	[0, 0, 0, 0, 0, 0, 0, 0, 0, 0],
	[0, 0, 0, 0, 0, 0, 0, 0, 0, 0],
	[0, 0, 0, 0, 0, 0, 0, 0, 0, 0],
	[0, 0, 0, 0, 0, 0, 0, 0, 0, 0],
	[0, 0, 0, 0, 0, 0, 0, 0, 0, 0],
	[0, 0, 0, 0, 0, 0, 0, 0, 0, 0],
	[0, 0, 0, 0, 0, 0, 0, 0, 0, 0],
	[0, 0, 0, 0, 0, 0, 0, 0, 0, 0],
	[0, 0, 0, 0, 0, 0, 0, 0, 0, 0],
	[0, 0, 0, 0, 0, 0, 0, 0, 0, 0],
	[0, 0, 0, 0, 0, 0, 0, 0, 0, 0],
	[0, 0, 0, 0, 0, 0, 0, 0, 0, 0],
	[0, 0, 0, 0, 0, 0, 0, 0, 0, 0],
	[0, 0, 0, 0, 0, 0, 0, 0, 0, 0],
	[0, 0, 0, 0, 0, 0, 0, 0, 0, 0],
	[0, 0, 0, 0, 0, 0, 0, 0, 0, 0],
	[0, 0, 0, 0, 0, 0, 0, 0, 0, 0],
	[0, 0, 0, 0, 0, 0, 0, 0, 0, 0],
	[0, 0, 0, 0, 0, 0, 0, 0, 0, 0],
	[0, 0, 0, 0, 0, 0, 0, 0, 0, 0],
	[0, 0, 0, 0, 0, 0, 0, 0, 0, 0],
	[1.00, 1.00, 1.50, 0, 1.50, 0, 1.00, 1.00, 0, 0],
	[1.00, 1.00, 1.50, 0, 1.50, 0, 1.00, 1.00, 0, 0],
	[1.00, 1.00, 1.50, 0, 1.50, 0, 1.00, 1.00, 0, 0],
	[1.00, 1.00, 1.50, 0, 1.50, 0, 1.00, 1.00, 0, 0],
	[1.00, 1.00, 2.00, 1.00, 2.00, 0, 1.00, 1.25, 0, 1.50],
	[1.00, 1.00, 2.00, 1.00, 2.00, 0, 1.00, 1.25, 0, 1.50],
	[1.00, 1.00, 2.00, 1.00, 2.00, 0, 1.00, 1.25, 0, 1.50],
	[1.00, 1.00, 2.00, 1.00, 2.00, 0, 1.00, 1.25, 0, 1.50],
	[1.50, 1.00, 2.50, 1.00, 2.75, 1.00, 1.00, 2.00, 0, 3.00],
	[1.50, 1.00, 2.50, 1.00, 2.75, 1.00, 1.00, 2.00, 0, 3.00],
	[1.50, 1.00, 2.50, 1.00, 2.75, 1.00, 1.00, 2.00, 0, 3.00],
	[1.50, 1.00, 2.50, 1.00, 2.75, 1.00, 1.00, 2.00, 0, 3.00],
	[1.75, 1.00, 2.75, 1.00, 3.00, 1.00, 1.25, 2.25, 0, 3.75],
	[1.75, 1.00, 2.75, 1.00, 3.00, 1.00, 1.25, 2.25, 0, 3.75],
	[1.75, 1.00, 2.75, 1.00, 3.00, 1.00, 1.25, 2.25, 0, 3.75],
	[1.75, 1.00, 2.75, 1.00, 3.00, 1.00, 1.25, 2.25, 0, 3.75],
	[2.00, 1.25, 2.75, 1.25, 3.25, 1.00, 1.25, 2.25, 1.00, 4.25],
	[2.00, 1.25, 2.75, 1.25, 3.25, 1.00, 1.25, 2.25, 1.00, 4.25],
	[2.00, 1.25, 2.75, 1.25, 3.25, 1.00, 1.25, 2.25, 1.00, 4.25],
	[2.00, 1.25, 2.75, 1.25, 3.25, 1.00, 1.25, 2.25, 1.00, 4.25],
	[2.00, 1.25, 2.75, 1.25, 3.25, 1.00, 1.25, 2.25, 1.00, 4.25],
	[2.00, 1.25, 2.75, 1.25, 3.25, 1.00, 1.25, 2.25, 1.00, 4.25],
	[2.00, 1.25, 2.75, 1.25, 3.25, 1.00, 1.25, 2.25, 1.00, 4.25],
	[2.00, 1.25, 2.75, 1.25, 3.25, 1.00, 1.25, 2.25, 1.00, 4.25],
	[2.00, 1.00, 3.00, 1.00, 3.25, 1.00, 1.25, 2.25, 1.00, 4.00],
	[2.00, 1.00, 3.00, 1.00, 3.25, 1.00, 1.25, 2.25, 1.00, 4.00],
	[2.00, 1.00, 3.00, 1.00, 3.25, 1.00, 1.25, 2.25, 1.00, 4.00],
	[2.00, 1.00, 3.00, 1.00, 3.25, 1.00, 1.25, 2.25, 1.00, 4.00],
	[1.75, 1.00, 0, 1.00, 3.00, 1.00, 1.00, 2.00, 1.00, 0],
	[1.75, 1.00, 0, 1.00, 3.00, 1.00, 1.00, 2.00, 1.00, 0],
	[1.75, 1.00, 0, 1.00, 3.00, 1.00, 1.00, 2.00, 1.00, 0],
	[1.75, 1.00, 0, 1.00, 3.00, 1.00, 1.00, 2.00, 1.00, 0],
	[1.75, 1.00, 0, 1.00, 0, 1.00, 1.00, 2.00, 0, 0],
	[1.75, 1.00, 0, 1.00, 0, 1.00, 1.00, 2.00, 0, 0],
	[1.75, 1.00, 0, 1.00, 0, 1.00, 1.00, 2.00, 0, 0],
	[1.75, 1.00, 0, 1.00, 0, 1.00, 1.00, 2.00, 0, 0],
	[2.00, 1.25, 0, 1.25, 0, 1.00, 1.25, 2.50, 0, 0],
	[2.00, 1.25, 0, 1.25, 0, 1.00, 1.25, 2.50, 0, 0],
	[2.00, 1.25, 0, 1.25, 0, 1.00, 1.25, 2.50, 0, 0],
	[2.00, 1.25, 0, 1.25, 0, 1.00, 1.25, 2.50, 0, 0],
	[2.00, 1.00, 0, 1.00, 0, 1.00, 1.25, 2.25, 0, 0],
	[2.00, 1.00, 0, 1.00, 0, 1.00, 1.25, 2.25, 0, 0],
	[2.00, 1.00, 0, 1.00, 0, 1.00, 1.25, 2.25, 0, 0],
	[2.00, 1.00, 0, 1.00, 0, 1.00, 1.25, 2.25, 0, 0],
	[0, 0, 0, 0, 0, 0, 0, 1.00, 0, 0],
	[0, 0, 0, 0, 0, 0, 0, 1.00, 0, 0],
	[0, 0, 0, 0, 0, 0, 0, 1.00, 0, 0],
	[0, 0, 0, 0, 0, 0, 0, 1.00, 0, 0],
	[0, 0, 0, 0, 0, 0, 0, 0, 0, 0],
	[0, 0, 0, 0, 0, 0, 0, 0, 0, 0],
	[0, 0, 0, 0, 0, 0, 0, 0, 0, 0],
	[0, 0, 0, 0, 0, 0, 0, 0, 0, 0],
	[0, 0, 0, 0, 0, 0, 0, 0, 0, 0],
	[0, 0, 0, 0, 0, 0, 0, 0, 0, 0],
	[0, 0, 0, 0, 0, 0, 0, 0, 0, 0],
	[0, 0, 0, 0, 0, 0, 0, 0, 0, 0],
	[0, 0, 0, 0, 0, 0, 0, 0, 0, 0],
	[0, 0, 0, 0, 0, 0, 0, 0, 0, 0],
	[0, 0, 0, 0, 0, 0, 0, 0, 0, 0],
	[0, 0, 0, 0, 0, 0, 0, 0, 0, 0] ]
overcost [
	[0, 0, 0, 0, 0, 0, 0, 0, 0, 0],
	[0, 0, 0, 0, 0, 0, 0, 0, 0, 0],
	[0, 0, 0, 0, 0, 0, 0, 0, 0, 0],
	[0, 0, 0, 0, 0, 0, 0, 0, 0, 0],
	[0, 0, 0, 0, 0, 0, 0, 0, 0, 0],
	[0, 0, 0, 0, 0, 0, 0, 0, 0, 0],
	[0, 0, 0, 0, 0, 0, 0, 0, 0, 0],
	[0, 0, 0, 0, 0, 0, 0, 0, 0, 0],
	[0, 0, 0, 0, 0, 0, 0, 0, 0, 0],
	[0, 0, 0, 0, 0, 0, 0, 0, 0, 0],
	[0, 0, 0, 0, 0, 0, 0, 0, 0, 0],
	[0, 0, 0, 0, 0, 0, 0, 0, 0, 0],
	[0, 0, 0, 0, 0, 0, 0, 0, 0, 0],
	[0, 0, 0, 0, 0, 0, 0, 0, 0, 0],
	[0, 0, 0, 0, 0, 0, 0, 0, 0, 0],
	[0, 0, 0, 0, 0, 0, 0, 0, 0, 0],
	[0, 0, 0, 0, 0, 0, 0, 0, 0, 0],
	[0, 0, 0, 0, 0, 0, 0, 0, 0, 0],
	[0, 0, 0, 0, 0, 0, 0, 0, 0, 0],
	[0, 0, 0, 0, 0, 0, 0, 0, 0, 0],
	[0, 0, 0, 0, 0, 0, 0, 0, 0, 0],
	[0, 0, 0, 0, 0, 0, 0, 0, 0, 0],
	[0, 0, 0, 0, 0, 0, 0, 0, 0, 0],
	[0, 0, 0, 0, 0, 0, 0, 0, 0, 0],
	[0, 0, 0, 0, 0, 0, 0, 0, 0, 0],
	[0, 0, 0, 0, 0, 0, 0, 0, 0, 0],
	[0, 0, 0, 0, 0, 0, 0, 0, 0, 0],
	[0, 0, 0, 0, 0, 0, 0, 0, 0, 0],
	[0, 0, 0, 0, 0, 0, 0, 0, 0, 0],
	[0, 0, 0, 0, 0, 0, 0, 0, 0, 0],
	[0, 0, 0, 0, 0, 0, 0, 0, 0, 0],
	[0, 0, 0, 0, 0, 0, 0, 0, 0, 0],
	[0, 0, 0, 0, 0, 0, 0, 0, 0, 0],
	[0, 0, 0, 0, 0, 0, 0, 0, 0, 0],
	[0, 0, 0, 0, 0, 0, 0, 0, 0, 0],
	[0, 0, 0, 0, 0, 0, 0, 0, 0, 0],
	[4.279462e+00, 9.493210e+00, 1.425588e+00, 0, 1.218691e+00, 0, 6.606893e+00, 3.260368e+00, 0, 0],
	[4.279462e+00, 9.493210e+00, 1.425588e+00, 0, 1.218691e+00, 0, 6.606893e+00, 3.260368e+00, 0, 0],
	[4.279462e+00, 9.493210e+00, 1.425588e+00, 0, 1.218691e+00, 0, 6.606893e+00, 3.260368e+00, 0, 0],
	[4.279462e+00, 9.493210e+00, 1.425588e+00, 0, 1.218691e+00, 0, 6.606893e+00, 3.260368e+00, 0, 0],
	[2.378647e+00, 7.878212e+00, 1.621979e+00, 5.123528e+00, 1.216622e+00, 0, 4.996135e+00, 2.220655e+00, 0, 1.949680e+00],
	[2.378647e+00, 7.878212e+00, 1.621979e+00, 5.123528e+00, 1.216622e+00, 0, 4.996135e+00, 2.220655e+00, 0, 1.949680e+00],
	[2.378647e+00, 7.878212e+00, 1.621979e+00, 5.123528e+00, 1.216622e+00, 0, 4.996135e+00, 2.220655e+00, 0, 1.949680e+00],
	[2.378647e+00, 7.878212e+00, 1.621979e+00, 5.123528e+00, 1.216622e+00, 0, 4.996135e+00, 2.220655e+00, 0, 1.949680e+00],
	[1.494520e+00, 3.590284e+00, 9.929326e-01, 2.738801e+00, 8.690598e-01, 3.242180e+00, 2.439223e+00, 1.754378e+00, 0, 8.362340e-01],
	[1.494520e+00, 3.590284e+00, 9.929326e-01, 2.738801e+00, 8.690598e-01, 3.242180e+00, 2.439223e+00, 1.754378e+00, 0, 8.362340e-01],
	[1.494520e+00, 3.590284e+00, 9.929326e-01, 2.738801e+00, 8.690598e-01, 3.242180e+00, 2.439223e+00, 1.754378e+00, 0, 8.362340e-01],
	[1.494520e+00, 3.590284e+00, 9.929326e-01, 2.738801e+00, 8.690598e-01, 3.242180e+00, 2.439223e+00, 1.754378e+00, 0, 8.362340e-01],
	[1.521960e+00, 1.761865e+00, 1.290257e+00, 1.814629e+00, 8.973732e-01, 2.182255e+00, 2.483101e+00, 1.495130e+00, 0, 6.467046e-01],
	[1.521960e+00, 1.761865e+00, 1.290257e+00, 1.814629e+00, 8.973732e-01, 2.182255e+00, 2.483101e+00, 1.495130e+00, 0, 6.467046e-01],
	[1.521960e+00, 1.761865e+00, 1.290257e+00, 1.814629e+00, 8.973732e-01, 2.182255e+00, 2.483101e+00, 1.495130e+00, 0, 6.467046e-01],
	[1.521960e+00, 1.761865e+00, 1.290257e+00, 1.814629e+00, 8.973732e-01, 2.182255e+00, 2.483101e+00, 1.495130e+00, 0, 6.467046e-01],
	[1.868238e+00, 2.095521e+00, 1.045320e+00, 2.255568e+00, 1.034777e+00, 1.781967e+00, 2.122224e+00, 1.139382e+00, 3.074716e+00, 8.808531e-01],
	[1.868238e+00, 2.095521e+00, 1.045320e+00, 2.255568e+00, 1.034777e+00, 1.781967e+00, 2.122224e+00, 1.139382e+00, 3.074716e+00, 8.808531e-01],
	[1.868238e+00, 2.095521e+00, 1.045320e+00, 2.255568e+00, 1.034777e+00, 1.781967e+00, 2.122224e+00, 1.139382e+00, 3.074716e+00, 8.808531e-01],
	[1.868238e+00, 2.095521e+00, 1.045320e+00, 2.255568e+00, 1.034777e+00, 1.781967e+00, 2.122224e+00, 1.139382e+00, 3.074716e+00, 8.808531e-01],
	[1.747733e+00, 2.019825e+00, 9.325425e-01, 2.177595e+00, 9.258264e-01, 1.687438e+00, 2.032773e+00, 1.006532e+00, 2.973728e+00, 7.735448e-01],
	[1.747733e+00, 2.019825e+00, 9.325425e-01, 2.177595e+00, 9.258264e-01, 1.687438e+00, 2.032773e+00, 1.006532e+00, 2.973728e+00, 7.735448e-01],
	[1.747733e+00, 2.019825e+00, 9.325425e-01, 2.177595e+00, 9.258264e-01, 1.687438e+00, 2.032773e+00, 1.006532e+00, 2.973728e+00, 7.735448e-01],
	[1.747733e+00, 2.019825e+00, 9.325425e-01, 2.177595e+00, 9.258264e-01, 1.687438e+00, 2.032773e+00, 1.006532e+00, 2.973728e+00, 7.735448e-01],
	[1.832917e+00, 1.777394e+00, 1.232131e+00, 1.610564e+00, 8.696427e-01, 2.000673e+00, 2.206693e+00, 1.145707e+00, 3.522238e+00, 8.181673e-01],
	[1.832917e+00, 1.777394e+00, 1.232131e+00, 1.610564e+00, 8.696427e-01, 2.000673e+00, 2.206693e+00, 1.145707e+00, 3.522238e+00, 8.181673e-01],
	[1.832917e+00, 1.777394e+00, 1.232131e+00, 1.610564e+00, 8.696427e-01, 2.000673e+00, 2.206693e+00, 1.145707e+00, 3.522238e+00, 8.181673e-01],
	[1.832917e+00, 1.777394e+00, 1.232131e+00, 1.610564e+00, 8.696427e-01, 2.000673e+00, 2.206693e+00, 1.145707e+00, 3.522238e+00, 8.181673e-01],
	[2.170268e+00, 3.893259e+00, 0, 2.774395e+00, 1.105305e+00, 3.294330e+00, 2.433495e+00, 1.628460e+00, 5.234959e+00, 0],
	[2.170268e+00, 3.893259e+00, 0, 2.774395e+00, 1.105305e+00, 3.294330e+00, 2.433495e+00, 1.628460e+00, 5.234959e+00, 0],
	[2.170268e+00, 3.893259e+00, 0, 2.774395e+00, 1.105305e+00, 3.294330e+00, 2.433495e+00, 1.628460e+00, 5.234959e+00, 0],
	[2.170268e+00, 3.893259e+00, 0, 2.774395e+00, 1.105305e+00, 3.294330e+00, 2.433495e+00, 1.628460e+00, 5.234959e+00, 0],
	[1.686740e+00, 3.064233e+00, 0, 2.283542e+00, 0, 2.768819e+00, 1.901320e+00, 1.173754e+00, 0, 0],
	[1.686740e+00, 3.064233e+00, 0, 2.283542e+00, 0, 2.768819e+00, 1.901320e+00, 1.173754e+00, 0, 0],
	[1.686740e+00, 3.064233e+00, 0, 2.283542e+00, 0, 2.768819e+00, 1.901320e+00, 1.173754e+00, 0, 0],
	[1.686740e+00, 3.064233e+00, 0, 2.283542e+00, 0, 2.768819e+00, 1.901320e+00, 1.173754e+00, 0, 0],
	[1.434479e+00, 2.243428e+00, 0, 2.085455e+00, 0, 1.655602e+00, 1.799086e+00, 1.406111e+00, 0, 0],
	[1.434479e+00, 2.243428e+00, 0, 2.085455e+00, 0, 1.655602e+00, 1.799086e+00, 1.406111e+00, 0, 0],
	[1.434479e+00, 2.243428e+00, 0, 2.085455e+00, 0, 1.655602e+00, 1.799086e+00, 1.406111e+00, 0, 0],
	[1.434479e+00, 2.243428e+00, 0, 2.085455e+00, 0, 1.655602e+00, 1.799086e+00, 1.406111e+00, 0, 0],
	[1.664613e+00, 3.079223e+00, 0, 1.871321e+00, 0, 2.451787e+00, 2.184694e+00, 1.302372e+00, 0, 0],
	[1.664613e+00, 3.079223e+00, 0, 1.871321e+00, 0, 2.451787e+00, 2.184694e+00, 1.302372e+00, 0, 0],
	[1.664613e+00, 3.079223e+00, 0, 1.871321e+00, 0, 2.451787e+00, 2.184694e+00, 1.302372e+00, 0, 0],
	[1.664613e+00, 3.079223e+00, 0, 1.871321e+00, 0, 2.451787e+00, 2.184694e+00, 1.302372e+00, 0, 0],
	[0, 0, 0, 0, 0, 0, 0, 4.458062e+00, 0, 0],
	[0, 0, 0, 0, 0, 0, 0, 4.458062e+00, 0, 0],
	[0, 0, 0, 0, 0, 0, 0, 4.458062e+00, 0, 0],
	[0, 0, 0, 0, 0, 0, 0, 4.458062e+00, 0, 0],
	[0, 0, 0, 0, 0, 0, 0, 0, 0, 0],
	[0, 0, 0, 0, 0, 0, 0, 0, 0, 0],
	[0, 0, 0, 0, 0, 0, 0, 0, 0, 0],
	[0, 0, 0, 0, 0, 0, 0, 0, 0, 0],
	[0, 0, 0, 0, 0, 0, 0, 0, 0, 0],
	[0, 0, 0, 0, 0, 0, 0, 0, 0, 0],
	[0, 0, 0, 0, 0, 0, 0, 0, 0, 0],
	[0, 0, 0, 0, 0, 0, 0, 0, 0, 0],
	[0, 0, 0, 0, 0, 0, 0, 0, 0, 0],
	[0, 0, 0, 0, 0, 0, 0, 0, 0, 0],
	[0, 0, 0, 0, 0, 0, 0, 0, 0, 0],
	[0, 0, 0, 0, 0, 0, 0, 0, 0, 0] ]
undercost [
	[0, 0, 0, 0, 0, 0, 0, 0, 0, 0],
	[0, 0, 0, 0, 0, 0, 0, 0, 0, 0],
	[0, 0, 0, 0, 0, 0, 0, 0, 0, 0],
	[0, 0, 0, 0, 0, 0, 0, 0, 0, 0],
	[0, 0, 0, 0, 0, 0, 0, 0, 0, 0],
	[0, 0, 0, 0, 0, 0, 0, 0, 0, 0],
	[0, 0, 0, 0, 0, 0, 0, 0, 0, 0],
	[0, 0, 0, 0, 0, 0, 0, 0, 0, 0],
	[0, 0, 0, 0, 0, 0, 0, 0, 0, 0],
	[0, 0, 0, 0, 0, 0, 0, 0, 0, 0],
	[0, 0, 0, 0, 0, 0, 0, 0, 0, 0],
	[0, 0, 0, 0, 0, 0, 0, 0, 0, 0],
	[0, 0, 0, 0, 0, 0, 0, 0, 0, 0],
	[0, 0, 0, 0, 0, 0, 0, 0, 0, 0],
	[0, 0, 0, 0, 0, 0, 0, 0, 0, 0],
	[0, 0, 0, 0, 0, 0, 0, 0, 0, 0],
	[0, 0, 0, 0, 0, 0, 0, 0, 0, 0],
	[0, 0, 0, 0, 0, 0, 0, 0, 0, 0],
	[0, 0, 0, 0, 0, 0, 0, 0, 0, 0],
	[0, 0, 0, 0, 0, 0, 0, 0, 0, 0],
	[0, 0, 0, 0, 0, 0, 0, 0, 0, 0],
	[0, 0, 0, 0, 0, 0, 0, 0, 0, 0],
	[0, 0, 0, 0, 0, 0, 0, 0, 0, 0],
	[0, 0, 0, 0, 0, 0, 0, 0, 0, 0],
	[0, 0, 0, 0, 0, 0, 0, 0, 0, 0],
	[0, 0, 0, 0, 0, 0, 0, 0, 0, 0],
	[0, 0, 0, 0, 0, 0, 0, 0, 0, 0],
	[0, 0, 0, 0, 0, 0, 0, 0, 0, 0],
	[0, 0, 0, 0, 0, 0, 0, 0, 0, 0],
	[0, 0, 0, 0, 0, 0, 0, 0, 0, 0],
	[0, 0, 0, 0, 0, 0, 0, 0, 0, 0],
	[0, 0, 0, 0, 0, 0, 0, 0, 0, 0],
	[0, 0, 0, 0, 0, 0, 0, 0, 0, 0],
	[0, 0, 0, 0, 0, 0, 0, 0, 0, 0],
	[0, 0, 0, 0, 0, 0, 0, 0, 0, 0],
	[0, 0, 0, 0, 0, 0, 0, 0, 0, 0],
	[1.000000e+06, 1.000000e+06, 1.000000e+06, 0, 1.000000e+06, 0, 1.000000e+06, 1.000000e+06, 0, 0],
	[1.000000e+06, 1.000000e+06, 1.000000e+06, 0, 1.000000e+06, 0, 1.000000e+06, 1.000000e+06, 0, 0],
	[1.000000e+06, 1.000000e+06, 1.000000e+06, 0, 1.000000e+06, 0, 1.000000e+06, 1.000000e+06, 0, 0],
	[1.000000e+06, 1.000000e+06, 1.000000e+06, 0, 1.000000e+06, 0, 1.000000e+06, 1.000000e+06, 0, 0],
	[1.000000e+06, 1.000000e+06, 2.075516e+00, 1.000000e+06, 2.232305e+00, 0, 1.000000e+06, 1.000000e+06, 0, 1.000000e+06],
	[1.000000e+06, 1.000000e+06, 2.075516e+00, 1.000000e+06, 2.232305e+00, 0, 1.000000e+06, 1.000000e+06, 0, 1.000000e+06],
	[1.000000e+06, 1.000000e+06, 2.075516e+00, 1.000000e+06, 2.232305e+00, 0, 1.000000e+06, 1.000000e+06, 0, 1.000000e+06],
	[1.000000e+06, 1.000000e+06, 2.075516e+00, 1.000000e+06, 2.232305e+00, 0, 1.000000e+06, 1.000000e+06, 0, 1.000000e+06],
	[1.000000e+06, 1.000000e+06, 1.992687e+00, 1.000000e+06, 1.540691e+00, 1.000000e+06, 1.000000e+06, 2.021180e+00, 0, 1.701037e+00],
	[1.000000e+06, 1.000000e+06, 1.992687e+00, 1.000000e+06, 1.540691e+00, 1.000000e+06, 1.000000e+06, 2.021180e+00, 0, 1.701037e+00],
	[1.000000e+06, 1.000000e+06, 1.992687e+00, 1.000000e+06, 1.540691e+00, 1.000000e+06, 1.000000e+06, 2.021180e+00, 0, 1.701037e+00],
	[1.000000e+06, 1.000000e+06, 1.992687e+00, 1.000000e+06, 1.540691e+00, 1.000000e+06, 1.000000e+06, 2.021180e+00, 0, 1.701037e+00],
	[1.000000e+06, 1.000000e+06, 1.282912e+00, 1.000000e+06, 1.265753e+00, 1.000000e+06, 1.000000e+06, 1.829536e+00, 0, 1.351641e+00],
	[1.000000e+06, 1.000000e+06, 1.282912e+00, 1.000000e+06, 1.265753e+00, 1.000000e+06, 1.000000e+06, 1.829536e+00, 0, 1.351641e+00],
	[1.000000e+06, 1.000000e+06, 1.282912e+00, 1.000000e+06, 1.265753e+00, 1.000000e+06, 1.000000e+06, 1.829536e+00, 0, 1.351641e+00],
	[1.000000e+06, 1.000000e+06, 1.282912e+00, 1.000000e+06, 1.265753e+00, 1.000000e+06, 1.000000e+06, 1.829536e+00, 0, 1.351641e+00],
	[2.266497e+00, 1.000000e+06, 1.594473e+00, 1.000000e+06, 9.052849e-01, 1.000000e+06, 1.000000e+06, 2.312519e+00, 1.000000e+06, 8.165865e-01],
	[2.266497e+00, 1.000000e+06, 1.594473e+00, 1.000000e+06, 9.052849e-01, 1.000000e+06, 1.000000e+06, 2.312519e+00, 1.000000e+06, 8.165865e-01],
	[2.266497e+00, 1.000000e+06, 1.594473e+00, 1.000000e+06, 9.052849e-01, 1.000000e+06, 1.000000e+06, 2.312519e+00, 1.000000e+06, 8.165865e-01],
	[2.266497e+00, 1.000000e+06, 1.594473e+00, 1.000000e+06, 9.052849e-01, 1.000000e+06, 1.000000e+06, 2.312519e+00, 1.000000e+06, 8.165865e-01],
	[2.437264e+00, 1.000000e+06, 1.738206e+00, 1.000000e+06, 1.039367e+00, 1.000000e+06, 1.000000e+06, 2.493529e+00, 1.000000e+06, 9.424042e-01],
	[2.437264e+00, 1.000000e+06, 1.738206e+00, 1.000000e+06, 1.039367e+00, 1.000000e+06, 1.000000e+06, 2.493529e+00, 1.000000e+06, 9.424042e-01],
	[2.437264e+00, 1.000000e+06, 1.738206e+00, 1.000000e+06, 1.039367e+00, 1.000000e+06, 1.000000e+06, 2.493529e+00, 1.000000e+06, 9.424042e-01],
	[2.437264e+00, 1.000000e+06, 1.738206e+00, 1.000000e+06, 1.039367e+00, 1.000000e+06, 1.000000e+06, 2.493529e+00, 1.000000e+06, 9.424042e-01],
	[2.325757e+00, 1.000000e+06, 1.110955e+00, 1.000000e+06, 1.110918e+00, 1.000000e+06, 1.000000e+06, 2.308639e+00, 1.000000e+06, 1.010392e+00],
	[2.325757e+00, 1.000000e+06, 1.110955e+00, 1.000000e+06, 1.110918e+00, 1.000000e+06, 1.000000e+06, 2.308639e+00, 1.000000e+06, 1.010392e+00],
	[2.325757e+00, 1.000000e+06, 1.110955e+00, 1.000000e+06, 1.110918e+00, 1.000000e+06, 1.000000e+06, 2.308639e+00, 1.000000e+06, 1.010392e+00],
	[2.325757e+00, 1.000000e+06, 1.110955e+00, 1.000000e+06, 1.110918e+00, 1.000000e+06, 1.000000e+06, 2.308639e+00, 1.000000e+06, 1.010392e+00],
	[1.000000e+06, 1.000000e+06, 0, 1.000000e+06, 1.010721e+00, 1.000000e+06, 1.000000e+06, 2.202391e+00, 1.000000e+06, 0],
	[1.000000e+06, 1.000000e+06, 0, 1.000000e+06, 1.010721e+00, 1.000000e+06, 1.000000e+06, 2.202391e+00, 1.000000e+06, 0],
	[1.000000e+06, 1.000000e+06, 0, 1.000000e+06, 1.010721e+00, 1.000000e+06, 1.000000e+06, 2.202391e+00, 1.000000e+06, 0],
	[1.000000e+06, 1.000000e+06, 0, 1.000000e+06, 1.010721e+00, 1.000000e+06, 1.000000e+06, 2.202391e+00, 1.000000e+06, 0],
	[1.000000e+06, 1.000000e+06, 0, 1.000000e+06, 0, 1.000000e+06, 1.000000e+06, 2.847514e+00, 0, 0],
	[1.000000e+06, 1.000000e+06, 0, 1.000000e+06, 0, 1.000000e+06, 1.000000e+06, 2.847514e+00, 0, 0],
	[1.000000e+06, 1.000000e+06, 0, 1.000000e+06, 0, 1.000000e+06, 1.000000e+06, 2.847514e+00, 0, 0],
	[1.000000e+06, 1.000000e+06, 0, 1.000000e+06, 0, 1.000000e+06, 1.000000e+06, 2.847514e+00, 0, 0],
	[2.894229e+00, 1.000000e+06, 0, 1.000000e+06, 0, 1.000000e+06, 1.000000e+06, 1.540638e+00, 0, 0],
	[2.894229e+00, 1.000000e+06, 0, 1.000000e+06, 0, 1.000000e+06, 1.000000e+06, 1.540638e+00, 0, 0],
	[2.894229e+00, 1.000000e+06, 0, 1.000000e+06, 0, 1.000000e+06, 1.000000e+06, 1.540638e+00, 0, 0],
	[2.894229e+00, 1.000000e+06, 0, 1.000000e+06, 0, 1.000000e+06, 1.000000e+06, 1.540638e+00, 0, 0],
	[2.587207e+00, 1.000000e+06, 0, 1.000000e+06, 0, 1.000000e+06, 1.000000e+06, 2.105186e+00, 0, 0],
	[2.587207e+00, 1.000000e+06, 0, 1.000000e+06, 0, 1.000000e+06, 1.000000e+06, 2.105186e+00, 0, 0],
	[2.587207e+00, 1.000000e+06, 0, 1.000000e+06, 0, 1.000000e+06, 1.000000e+06, 2.105186e+00, 0, 0],
	[2.587207e+00, 1.000000e+06, 0, 1.000000e+06, 0, 1.000000e+06, 1.000000e+06, 2.105186e+00, 0, 0],
	[0, 0, 0, 0, 0, 0, 0, 1.000000e+06, 0, 0],
	[0, 0, 0, 0, 0, 0, 0, 1.000000e+06, 0, 0],
	[0, 0, 0, 0, 0, 0, 0, 1.000000e+06, 0, 0],
	[0, 0, 0, 0, 0, 0, 0, 1.000000e+06, 0, 0],
	[0, 0, 0, 0, 0, 0, 0, 0, 0, 0],
	[0, 0, 0, 0, 0, 0, 0, 0, 0, 0],
	[0, 0, 0, 0, 0, 0, 0, 0, 0, 0],
	[0, 0, 0, 0, 0, 0, 0, 0, 0, 0],
	[0, 0, 0, 0, 0, 0, 0, 0, 0, 0],
	[0, 0, 0, 0, 0, 0, 0, 0, 0, 0],
	[0, 0, 0, 0, 0, 0, 0, 0, 0, 0],
	[0, 0, 0, 0, 0, 0, 0, 0, 0, 0],
	[0, 0, 0, 0, 0, 0, 0, 0, 0, 0],
	[0, 0, 0, 0, 0, 0, 0, 0, 0, 0],
	[0, 0, 0, 0, 0, 0, 0, 0, 0, 0],
	[0, 0, 0, 0, 0, 0, 0, 0, 0, 0] ]
