1928 2050 2479 2644 2709 2970
SHOE
ACT	6
SHIFT	96
demand [
	[0, 0, 0, 0, 0, 0],
	[0, 0, 0, 0, 0, 0],
	[0, 0, 0, 0, 0, 0],
	[0, 0, 0, 0, 0, 0],
	[0, 0, 0, 0, 0, 0],
	[0, 0, 0, 0, 0, 0],
	[0, 0, 0, 0, 0, 0],
	[0, 0, 0, 0, 0, 0],
	[0, 0, 0, 0, 0, 0],
	[0, 0, 0, 0, 0, 0],
	[0, 0, 0, 0, 0, 0],
	[0, 0, 0, 0, 0, 0],
	[0, 0, 0, 0, 0, 0],
	[0, 0, 0, 0, 0, 0],
	[0, 0, 0, 0, 0, 0],
	[0, 0, 0, 0, 0, 0],
	[0, 0, 0, 0, 0, 0],
	[0, 0, 0, 0, 0, 0],
	[0, 0, 0, 0, 0, 0],
	[0, 0, 0, 0, 0, 0],
	[0, 0, 0, 0, 0, 0],
	[0, 0, 0, 0, 0, 0],
	[0, 0, 0, 0, 0, 0],
	[0, 0, 0, 0, 0, 0],
	[0, 0, 0, 0, 0, 0],
	[0, 0, 0, 0, 0, 0],
	[0, 0, 0, 0, 0, 0],
	[0, 0, 0, 0, 0, 0],
	[0, 0, 0, 0, 0, 0],
	[0, 0, 0, 0, 0, 0],
	[0, 0, 0, 0, 0, 0],
	[0, 0, 0, 0, 0, 0],
	[0, 0, 1.00, 0, 0, 1.00],
	[0, 0, 1.00, 0, 0, 1.00],
	[0, 0, 1.00, 0, 0, 1.00],
	[0, 0, 1.00, 0, 0, 1.00],
	[0, 0, 1.00, 1.00, 0, 1.50],
	[0, 0, 1.00, 1.00, 0, 1.50],
	[0, 0, 1.00, 1.00, 0, 1.50],
	[0, 0, 1.00, 1.00, 0, 1.50],
	[1.50, 0, 0, 1.00, 0, 2.00],
	[1.50, 0, 0, 1.00, 0, 2.00],
	[1.50, 0, 0, 1.00, 0, 2.00],
	[1.50, 0, 0, 1.00, 0, 2.00],
	[2.25, 1.00, 1.50, 1.75, 4.00, 2.75],
	[2.25, 1.00, 1.50, 1.75, 4.00, 2.75],
	[2.25, 1.00, 1.50, 1.75, 4.00, 2.75],
	[2.25, 1.00, 1.50, 1.75, 4.00, 2.75],
	[2.25, 1.00, 1.75, 2.25, 4.50, 3.00],
	[2.25, 1.00, 1.75, 2.25, 4.50, 3.00],
	[2.25, 1.00, 1.75, 2.25, 4.50, 3.00],
	[2.25, 1.00, 1.75, 2.25, 4.50, 3.00],
	[2.50, 1.00, 2.00, 2.50, 4.75, 3.25],
	[2.50, 1.00, 2.00, 2.50, 4.75, 3.25],
	[2.50, 1.00, 2.00, 2.50, 4.75, 3.25],
	[2.50, 1.00, 2.00, 2.50, 4.75, 3.25],
	[2.50, 0, 2.00, 2.50, 4.75, 3.25],
	[2.50, 0, 2.00, 2.50, 4.75, 3.25],
	[2.50, 0, 2.00, 2.50, 4.75, 3.25],
	[2.50, 0, 2.00, 2.50, 4.75, 3.25],
	[2.50, 1.00, 2.00, 2.25, 4.75, 3.25],
	[2.50, 1.00, 2.00, 2.25, 4.75, 3.25],
	[2.50, 1.00, 2.00, 2.25, 4.75, 3.25],
	[2.50, 1.00, 2.00, 2.25, 4.75, 3.25],
	[0, 1.00, 1.50, 1.75, 4.00, 3.00],
	[0, 1.00, 1.50, 1.75, 4.00, 3.00],
	[0, 1.00, 1.50, 1.75, 4.00, 3.00],
	[0, 1.00, 1.50, 1.75, 4.00, 3.00],
	[0, 1.00, 1.75, 2.00, 0, 0],
	[0, 1.00, 1.75, 2.00, 0, 0],
	[0, 1.00, 1.75, 2.00, 0, 0],
	[0, 1.00, 1.75, 2.00, 0, 0],
	[0, 1.00, 0, 2.50, 0, 0],
	[0, 1.00, 0, 2.50, 0, 0],
	[0, 1.00, 0, 2.50, 0, 0],
	[0, 1.00, 0, 2.50, 0, 0],
	[0, 1.00, 0, 2.25, 0, 0],
	[0, 1.00, 0, 2.25, 0, 0],
	[0, 1.00, 0, 2.25, 0, 0],
	[0, 1.00, 0, 2.25, 0, 0],
	[0, 0, 0, 1.00, 0, 0],
	[0, 0, 0, 1.00, 0, 0],
	[0, 0, 0, 1.00, 0, 0],
	[0, 0, 0, 1.00, 0, 0],
	[0, 0, 0, 0, 0, 0],
	[0, 0, 0, 0, 0, 0],
	[0, 0, 0, 0, 0, 0],
	[0, 0, 0, 0, 0, 0],
	[0, 0, 0, 0, 0, 0],
	[0, 0, 0, 0, 0, 0],
	[0, 0, 0, 0, 0, 0],
	[0, 0, 0, 0, 0, 0],
	[0, 0, 0, 0, 0, 0],
	[0, 0, 0, 0, 0, 0],
	[0, 0, 0, 0, 0, 0],
	[0, 0, 0, 0, 0, 0] ]
overcost [
	[0, 0, 0, 0, 0, 0],
	[0, 0, 0, 0, 0, 0],
	[0, 0, 0, 0, 0, 0],
	[0, 0, 0, 0, 0, 0],
	[0, 0, 0, 0, 0, 0],
	[0, 0, 0, 0, 0, 0],
	[0, 0, 0, 0, 0, 0],
	[0, 0, 0, 0, 0, 0],
	[0, 0, 0, 0, 0, 0],
	[0, 0, 0, 0, 0, 0],
	[0, 0, 0, 0, 0, 0],
	[0, 0, 0, 0, 0, 0],
	[0, 0, 0, 0, 0, 0],
	[0, 0, 0, 0, 0, 0],
	[0, 0, 0, 0, 0, 0],
	[0, 0, 0, 0, 0, 0],
	[0, 0, 0, 0, 0, 0],
	[0, 0, 0, 0, 0, 0],
	[0, 0, 0, 0, 0, 0],
	[0, 0, 0, 0, 0, 0],
	[0, 0, 0, 0, 0, 0],
	[0, 0, 0, 0, 0, 0],
	[0, 0, 0, 0, 0, 0],
	[0, 0, 0, 0, 0, 0],
	[0, 0, 0, 0, 0, 0],
	[0, 0, 0, 0, 0, 0],
	[0, 0, 0, 0, 0, 0],
	[0, 0, 0, 0, 0, 0],
	[0, 0, 0, 0, 0, 0],
	[0, 0, 0, 0, 0, 0],
	[0, 0, 0, 0, 0, 0],
	[0, 0, 0, 0, 0, 0],
	[0, 0, 1.003121e+01, 0, 0, 3.551693e+00],
	[0, 0, 1.003121e+01, 0, 0, 3.551693e+00],
	[0, 0, 1.003121e+01, 0, 0, 3.551693e+00],
	[0, 0, 1.003121e+01, 0, 0, 3.551693e+00],
	[0, 0, 5.937481e+00, 7.511653e+00, 0, 1.477605e+00],
	[0, 0, 5.937481e+00, 7.511653e+00, 0, 1.477605e+00],
	[0, 0, 5.937481e+00, 7.511653e+00, 0, 1.477605e+00],
	[0, 0, 5.937481e+00, 7.511653e+00, 0, 1.477605e+00],
	[1.637781e+00, 0, 0, 3.709900e+00, 0, 1.413202e+00],
	[1.637781e+00, 0, 0, 3.709900e+00, 0, 1.413202e+00],
	[1.637781e+00, 0, 0, 3.709900e+00, 0, 1.413202e+00],
	[1.637781e+00, 0, 0, 3.709900e+00, 0, 1.413202e+00],
	[1.291849e+00, 6.398563e+00, 1.632524e+00, 1.482909e+00, 8.860553e-01, 9.508705e-01],
	[1.291849e+00, 6.398563e+00, 1.632524e+00, 1.482909e+00, 8.860553e-01, 9.508705e-01],
	[1.291849e+00, 6.398563e+00, 1.632524e+00, 1.482909e+00, 8.860553e-01, 9.508705e-01],
	[1.291849e+00, 6.398563e+00, 1.632524e+00, 1.482909e+00, 8.860553e-01, 9.508705e-01],
	[8.451337e-01, 5.679524e+00, 1.143770e+00, 1.382732e+00, 8.322630e-01, 7.977367e-01],
	[8.451337e-01, 5.679524e+00, 1.143770e+00, 1.382732e+00, 8.322630e-01, 7.977367e-01],
	[8.451337e-01, 5.679524e+00, 1.143770e+00, 1.382732e+00, 8.322630e-01, 7.977367e-01],
	[8.451337e-01, 5.679524e+00, 1.143770e+00, 1.382732e+00, 8.322630e-01, 7.977367e-01],
	[1.054465e+00, 5.403657e+00, 1.380486e+00, 1.442669e+00, 7.844441e-01, 9.421820e-01],
	[1.054465e+00, 5.403657e+00, 1.380486e+00, 1.442669e+00, 7.844441e-01, 9.421820e-01],
	[1.054465e+00, 5.403657e+00, 1.380486e+00, 1.442669e+00, 7.844441e-01, 9.421820e-01],
	[1.054465e+00, 5.403657e+00, 1.380486e+00, 1.442669e+00, 7.844441e-01, 9.421820e-01],
	[9.634311e-01, 0, 1.263042e+00, 1.355250e+00, 6.556890e-01, 7.972020e-01],
	[9.634311e-01, 0, 1.263042e+00, 1.355250e+00, 6.556890e-01, 7.972020e-01],
	[9.634311e-01, 0, 1.263042e+00, 1.355250e+00, 6.556890e-01, 7.972020e-01],
	[9.634311e-01, 0, 1.263042e+00, 1.355250e+00, 6.556890e-01, 7.972020e-01],
	[9.482357e-01, 5.580335e+00, 1.568309e+00, 1.166495e+00, 7.427340e-01, 8.076237e-01],
	[9.482357e-01, 5.580335e+00, 1.568309e+00, 1.166495e+00, 7.427340e-01, 8.076237e-01],
	[9.482357e-01, 5.580335e+00, 1.568309e+00, 1.166495e+00, 7.427340e-01, 8.076237e-01],
	[9.482357e-01, 5.580335e+00, 1.568309e+00, 1.166495e+00, 7.427340e-01, 8.076237e-01],
	[0, 6.474367e+00, 1.636875e+00, 1.655294e+00, 7.625742e-01, 1.198221e+00],
	[0, 6.474367e+00, 1.636875e+00, 1.655294e+00, 7.625742e-01, 1.198221e+00],
	[0, 6.474367e+00, 1.636875e+00, 1.655294e+00, 7.625742e-01, 1.198221e+00],
	[0, 6.474367e+00, 1.636875e+00, 1.655294e+00, 7.625742e-01, 1.198221e+00],
	[0, 6.095180e+00, 1.762257e+00, 1.529427e+00, 0, 0],
	[0, 6.095180e+00, 1.762257e+00, 1.529427e+00, 0, 0],
	[0, 6.095180e+00, 1.762257e+00, 1.529427e+00, 0, 0],
	[0, 6.095180e+00, 1.762257e+00, 1.529427e+00, 0, 0],
	[0, 5.305897e+00, 0, 1.206212e+00, 0, 0],
	[0, 5.305897e+00, 0, 1.206212e+00, 0, 0],
	[0, 5.305897e+00, 0, 1.206212e+00, 0, 0],
	[0, 5.305897e+00, 0, 1.206212e+00, 0, 0],
	[0, 5.835699e+00, 0, 1.533737e+00, 0, 0],
	[0, 5.835699e+00, 0, 1.533737e+00, 0, 0],
	[0, 5.835699e+00, 0, 1.533737e+00, 0, 0],
	[0, 5.835699e+00, 0, 1.533737e+00, 0, 0],
	[0, 0, 0, 9.707910e+00, 0, 0],
	[0, 0, 0, 9.707910e+00, 0, 0],
	[0, 0, 0, 9.707910e+00, 0, 0],
	[0, 0, 0, 9.707910e+00, 0, 0],
	[0, 0, 0, 0, 0, 0],
	[0, 0, 0, 0, 0, 0],
	[0, 0, 0, 0, 0, 0],
	[0, 0, 0, 0, 0, 0],
	[0, 0, 0, 0, 0, 0],
	[0, 0, 0, 0, 0, 0],
	[0, 0, 0, 0, 0, 0],
	[0, 0, 0, 0, 0, 0],
	[0, 0, 0, 0, 0, 0],
	[0, 0, 0, 0, 0, 0],
	[0, 0, 0, 0, 0, 0],
	[0, 0, 0, 0, 0, 0] ]
undercost [
	[0, 0, 0, 0, 0, 0],
	[0, 0, 0, 0, 0, 0],
	[0, 0, 0, 0, 0, 0],
	[0, 0, 0, 0, 0, 0],
	[0, 0, 0, 0, 0, 0],
	[0, 0, 0, 0, 0, 0],
	[0, 0, 0, 0, 0, 0],
	[0, 0, 0, 0, 0, 0],
	[0, 0, 0, 0, 0, 0],
	[0, 0, 0, 0, 0, 0],
	[0, 0, 0, 0, 0, 0],
	[0, 0, 0, 0, 0, 0],
	[0, 0, 0, 0, 0, 0],
	[0, 0, 0, 0, 0, 0],
	[0, 0, 0, 0, 0, 0],
	[0, 0, 0, 0, 0, 0],
	[0, 0, 0, 0, 0, 0],
	[0, 0, 0, 0, 0, 0],
	[0, 0, 0, 0, 0, 0],
	[0, 0, 0, 0, 0, 0],
	[0, 0, 0, 0, 0, 0],
	[0, 0, 0, 0, 0, 0],
	[0, 0, 0, 0, 0, 0],
	[0, 0, 0, 0, 0, 0],
	[0, 0, 0, 0, 0, 0],
	[0, 0, 0, 0, 0, 0],
	[0, 0, 0, 0, 0, 0],
	[0, 0, 0, 0, 0, 0],
	[0, 0, 0, 0, 0, 0],
	[0, 0, 0, 0, 0, 0],
	[0, 0, 0, 0, 0, 0],
	[0, 0, 0, 0, 0, 0],
	[0, 0, 1.000000e+06, 0, 0, 1.000000e+06],
	[0, 0, 1.000000e+06, 0, 0, 1.000000e+06],
	[0, 0, 1.000000e+06, 0, 0, 1.000000e+06],
	[0, 0, 1.000000e+06, 0, 0, 1.000000e+06],
	[0, 0, 1.000000e+06, 1.000000e+06, 0, 1.000000e+06],
	[0, 0, 1.000000e+06, 1.000000e+06, 0, 1.000000e+06],
	[0, 0, 1.000000e+06, 1.000000e+06, 0, 1.000000e+06],
	[0, 0, 1.000000e+06, 1.000000e+06, 0, 1.000000e+06],
	[1.000000e+06, 0, 0, 1.000000e+06, 0, 2.471275e+00],
	[1.000000e+06, 0, 0, 1.000000e+06, 0, 2.471275e+00],
	[1.000000e+06, 0, 0, 1.000000e+06, 0, 2.471275e+00],
	[1.000000e+06, 0, 0, 1.000000e+06, 0, 2.471275e+00],
	[1.629047e+00, 1.000000e+06, 1.000000e+06, 1.000000e+06, 1.112304e+00, 1.777847e+00],
	[1.629047e+00, 1.000000e+06, 1.000000e+06, 1.000000e+06, 1.112304e+00, 1.777847e+00],
	[1.629047e+00, 1.000000e+06, 1.000000e+06, 1.000000e+06, 1.112304e+00, 1.777847e+00],
	[1.629047e+00, 1.000000e+06, 1.000000e+06, 1.000000e+06, 1.112304e+00, 1.777847e+00],
	[2.222297e+00, 1.000000e+06, 1.000000e+06, 2.287623e+00, 9.286420e-01, 1.699710e+00],
	[2.222297e+00, 1.000000e+06, 1.000000e+06, 2.287623e+00, 9.286420e-01, 1.699710e+00],
	[2.222297e+00, 1.000000e+06, 1.000000e+06, 2.287623e+00, 9.286420e-01, 1.699710e+00],
	[2.222297e+00, 1.000000e+06, 1.000000e+06, 2.287623e+00, 9.286420e-01, 1.699710e+00],
	[1.572665e+00, 1.000000e+06, 2.546827e+00, 1.755759e+00, 8.824991e-01, 1.299773e+00],
	[1.572665e+00, 1.000000e+06, 2.546827e+00, 1.755759e+00, 8.824991e-01, 1.299773e+00],
	[1.572665e+00, 1.000000e+06, 2.546827e+00, 1.755759e+00, 8.824991e-01, 1.299773e+00],
	[1.572665e+00, 1.000000e+06, 2.546827e+00, 1.755759e+00, 8.824991e-01, 1.299773e+00],
	[1.691972e+00, 0, 2.713977e+00, 1.870728e+00, 1.030822e+00, 1.478532e+00],
	[1.691972e+00, 0, 2.713977e+00, 1.870728e+00, 1.030822e+00, 1.478532e+00],
	[1.691972e+00, 0, 2.713977e+00, 1.870728e+00, 1.030822e+00, 1.478532e+00],
	[1.691972e+00, 0, 2.713977e+00, 1.870728e+00, 1.030822e+00, 1.478532e+00],
	[1.717547e+00, 1.000000e+06, 2.286344e+00, 2.587402e+00, 9.318715e-01, 1.467456e+00],
	[1.717547e+00, 1.000000e+06, 2.286344e+00, 2.587402e+00, 9.318715e-01, 1.467456e+00],
	[1.717547e+00, 1.000000e+06, 2.286344e+00, 2.587402e+00, 9.318715e-01, 1.467456e+00],
	[1.717547e+00, 1.000000e+06, 2.286344e+00, 2.587402e+00, 9.318715e-01, 1.467456e+00],
	[0, 1.000000e+06, 1.000000e+06, 1.000000e+06, 1.259015e+00, 1.201119e+00],
	[0, 1.000000e+06, 1.000000e+06, 1.000000e+06, 1.259015e+00, 1.201119e+00],
	[0, 1.000000e+06, 1.000000e+06, 1.000000e+06, 1.259015e+00, 1.201119e+00],
	[0, 1.000000e+06, 1.000000e+06, 1.000000e+06, 1.259015e+00, 1.201119e+00],
	[0, 1.000000e+06, 1.000000e+06, 2.704296e+00, 0, 0],
	[0, 1.000000e+06, 1.000000e+06, 2.704296e+00, 0, 0],
	[0, 1.000000e+06, 1.000000e+06, 2.704296e+00, 0, 0],
	[0, 1.000000e+06, 1.000000e+06, 2.704296e+00, 0, 0],
	[0, 1.000000e+06, 0, 2.075375e+00, 0, 0],
	[0, 1.000000e+06, 0, 2.075375e+00, 0, 0],
	[0, 1.000000e+06, 0, 2.075375e+00, 0, 0],
	[0, 1.000000e+06, 0, 2.075375e+00, 0, 0],
	[0, 1.000000e+06, 0, 2.105968e+00, 0, 0],
	[0, 1.000000e+06, 0, 2.105968e+00, 0, 0],
	[0, 1.000000e+06, 0, 2.105968e+00, 0, 0],
	[0, 1.000000e+06, 0, 2.105968e+00, 0, 0],
	[0, 0, 0, 1.000000e+06, 0, 0],
	[0, 0, 0, 1.000000e+06, 0, 0],
	[0, 0, 0, 1.000000e+06, 0, 0],
	[0, 0, 0, 1.000000e+06, 0, 0],
	[0, 0, 0, 0, 0, 0],
	[0, 0, 0, 0, 0, 0],
	[0, 0, 0, 0, 0, 0],
	[0, 0, 0, 0, 0, 0],
	[0, 0, 0, 0, 0, 0],
	[0, 0, 0, 0, 0, 0],
	[0, 0, 0, 0, 0, 0],
	[0, 0, 0, 0, 0, 0],
	[0, 0, 0, 0, 0, 0],
	[0, 0, 0, 0, 0, 0],
	[0, 0, 0, 0, 0, 0],
	[0, 0, 0, 0, 0, 0] ]
