885 1255 1328 2599 3407 3501 3808 3957
SHOE
ACT	8
SHIFT	96
demand [
	[0, 0, 0, 0, 0, 0, 0, 0],
	[0, 0, 0, 0, 0, 0, 0, 0],
	[0, 0, 0, 0, 0, 0, 0, 0],
	[0, 0, 0, 0, 0, 0, 0, 0],
	[0, 0, 0, 0, 0, 0, 0, 0],
	[0, 0, 0, 0, 0, 0, 0, 0],
	[0, 0, 0, 0, 0, 0, 0, 0],
	[0, 0, 0, 0, 0, 0, 0, 0],
	[0, 0, 0, 0, 0, 0, 0, 0],
	[0, 0, 0, 0, 0, 0, 0, 0],
	[0, 0, 0, 0, 0, 0, 0, 0],
	[0, 0, 0, 0, 0, 0, 0, 0],
	[0, 0, 0, 0, 0, 0, 0, 0],
	[0, 0, 0, 0, 0, 0, 0, 0],
	[0, 0, 0, 0, 0, 0, 0, 0],
	[0, 0, 0, 0, 0, 0, 0, 0],
	[0, 0, 0, 0, 0, 0, 0, 0],
	[0, 0, 0, 0, 0, 0, 0, 0],
	[0, 0, 0, 0, 0, 0, 0, 0],
	[0, 0, 0, 0, 0, 0, 0, 0],
	[0, 0, 0, 0, 0, 0, 0, 0],
	[0, 0, 0, 0, 0, 0, 0, 0],
	[0, 0, 0, 0, 0, 0, 0, 0],
	[0, 0, 0, 0, 0, 0, 0, 0],
	[0, 0, 0, 0, 0, 0, 0, 0],
	[0, 0, 0, 0, 0, 0, 0, 0],
	[0, 0, 0, 0, 0, 0, 0, 0],
	[0, 0, 0, 0, 0, 0, 0, 0],
	[0, 0, 0, 0, 0, 0, 0, 0],
	[0, 0, 0, 0, 0, 0, 0, 0],
	[0, 0, 0, 0, 0, 0, 0, 0],
	[0, 0, 0, 0, 0, 0, 0, 0],
	[1.00, 1.00, 0, 0, 1.00, 1.75, 1.00, 0],
	[1.00, 1.00, 0, 0, 1.00, 1.75, 1.00, 0],
	[1.00, 1.00, 0, 0, 1.00, 1.75, 1.00, 0],
	[1.00, 1.00, 0, 0, 1.00, 1.75, 1.00, 0],
	[1.00, 1.00, 0, 0, 1.00, 3.75, 2.75, 0],
	[1.00, 1.00, 0, 0, 1.00, 3.75, 2.75, 0],
	[1.00, 1.00, 0, 0, 1.00, 3.75, 2.75, 0],
	[1.00, 1.00, 0, 0, 1.00, 3.75, 2.75, 0],
	[1.00, 1.00, 0, 1.00, 1.00, 5.00, 3.75, 0],
	[1.00, 1.00, 0, 1.00, 1.00, 5.00, 3.75, 0],
	[1.00, 1.00, 0, 1.00, 1.00, 5.00, 3.75, 0],
	[1.00, 1.00, 0, 1.00, 1.00, 5.00, 3.75, 0],
	[1.50, 1.00, 4.50, 0, 1.50, 7.50, 5.75, 1.00],
	[1.50, 1.00, 4.50, 0, 1.50, 7.50, 5.75, 1.00],
	[1.50, 1.00, 4.50, 0, 1.50, 7.50, 5.75, 1.00],
	[1.50, 1.00, 4.50, 0, 1.50, 7.50, 5.75, 1.00],
	[1.75, 1.25, 4.50, 1.00, 2.50, 8.25, 6.50, 1.00],
	[1.75, 1.25, 4.50, 1.00, 2.50, 8.25, 6.50, 1.00],
	[1.75, 1.25, 4.50, 1.00, 2.50, 8.25, 6.50, 1.00],
	[1.75, 1.25, 4.50, 1.00, 2.50, 8.25, 6.50, 1.00],
	[1.75, 1.25, 4.75, 1.00, 2.75, 8.75, 6.75, 1.25],
	[1.75, 1.25, 4.75, 1.00, 2.75, 8.75, 6.75, 1.25],
	[1.75, 1.25, 4.75, 1.00, 2.75, 8.75, 6.75, 1.25],
	[1.75, 1.25, 4.75, 1.00, 2.75, 8.75, 6.75, 1.25],
	[2.00, 1.25, 4.75, 1.00, 2.75, 9.00, 6.75, 1.25],
	[2.00, 1.25, 4.75, 1.00, 2.75, 9.00, 6.75, 1.25],
	[2.00, 1.25, 4.75, 1.00, 2.75, 9.00, 6.75, 1.25],
	[2.00, 1.25, 4.75, 1.00, 2.75, 9.00, 6.75, 1.25],
	[2.00, 1.25, 5.00, 1.00, 2.25, 9.00, 6.75, 1.00],
	[2.00, 1.25, 5.00, 1.00, 2.25, 9.00, 6.75, 1.00],
	[2.00, 1.25, 5.00, 1.00, 2.25, 9.00, 6.75, 1.00],
	[2.00, 1.25, 5.00, 1.00, 2.25, 9.00, 6.75, 1.00],
	[1.75, 0, 4.75, 1.00, 1.25, 7.75, 5.75, 1.00],
	[1.75, 0, 4.75, 1.00, 1.25, 7.75, 5.75, 1.00],
	[1.75, 0, 4.75, 1.00, 1.25, 7.75, 5.75, 1.00],
	[1.75, 0, 4.75, 1.00, 1.25, 7.75, 5.75, 1.00],
	[1.75, 1.00, 0, 1.00, 1.75, 0, 0, 1.00],
	[1.75, 1.00, 0, 1.00, 1.75, 0, 0, 1.00],
	[1.75, 1.00, 0, 1.00, 1.75, 0, 0, 1.00],
	[1.75, 1.00, 0, 1.00, 1.75, 0, 0, 1.00],
	[2.00, 1.25, 0, 1.00, 2.50, 0, 0, 1.00],
	[2.00, 1.25, 0, 1.00, 2.50, 0, 0, 1.00],
	[2.00, 1.25, 0, 1.00, 2.50, 0, 0, 1.00],
	[2.00, 1.25, 0, 1.00, 2.50, 0, 0, 1.00],
	[2.00, 1.00, 0, 1.00, 1.50, 0, 0, 1.00],
	[2.00, 1.00, 0, 1.00, 1.50, 0, 0, 1.00],
	[2.00, 1.00, 0, 1.00, 1.50, 0, 0, 1.00],
	[2.00, 1.00, 0, 1.00, 1.50, 0, 0, 1.00],
	[0, 0, 0, 0, 0, 0, 0, 0],
	[0, 0, 0, 0, 0, 0, 0, 0],
	[0, 0, 0, 0, 0, 0, 0, 0],
	[0, 0, 0, 0, 0, 0, 0, 0],
	[0, 0, 0, 0, 0, 0, 0, 0],
	[0, 0, 0, 0, 0, 0, 0, 0],
	[0, 0, 0, 0, 0, 0, 0, 0],
	[0, 0, 0, 0, 0, 0, 0, 0],
	[0, 0, 0, 0, 0, 0, 0, 0],
	[0, 0, 0, 0, 0, 0, 0, 0],
	[0, 0, 0, 0, 0, 0, 0, 0],
	[0, 0, 0, 0, 0, 0, 0, 0],
	[0, 0, 0, 0, 0, 0, 0, 0],
	[0, 0, 0, 0, 0, 0, 0, 0],
	[0, 0, 0, 0, 0, 0, 0, 0],
	[0, 0, 0, 0, 0, 0, 0, 0] ]
overcost [
	[0, 0, 0, 0, 0, 0, 0, 0],
	[0, 0, 0, 0, 0, 0, 0, 0],
	[0, 0, 0, 0, 0, 0, 0, 0],
	[0, 0, 0, 0, 0, 0, 0, 0],
	[0, 0, 0, 0, 0, 0, 0, 0],
	[0, 0, 0, 0, 0, 0, 0, 0],
	[0, 0, 0, 0, 0, 0, 0, 0],
	[0, 0, 0, 0, 0, 0, 0, 0],
	[0, 0, 0, 0, 0, 0, 0, 0],
	[0, 0, 0, 0, 0, 0, 0, 0],
	[0, 0, 0, 0, 0, 0, 0, 0],
	[0, 0, 0, 0, 0, 0, 0, 0],
	[0, 0, 0, 0, 0, 0, 0, 0],
	[0, 0, 0, 0, 0, 0, 0, 0],
	[0, 0, 0, 0, 0, 0, 0, 0],
	[0, 0, 0, 0, 0, 0, 0, 0],
	[0, 0, 0, 0, 0, 0, 0, 0],
	[0, 0, 0, 0, 0, 0, 0, 0],
	[0, 0, 0, 0, 0, 0, 0, 0],
	[0, 0, 0, 0, 0, 0, 0, 0],
	[0, 0, 0, 0, 0, 0, 0, 0],
	[0, 0, 0, 0, 0, 0, 0, 0],
	[0, 0, 0, 0, 0, 0, 0, 0],
	[0, 0, 0, 0, 0, 0, 0, 0],
	[0, 0, 0, 0, 0, 0, 0, 0],
	[0, 0, 0, 0, 0, 0, 0, 0],
	[0, 0, 0, 0, 0, 0, 0, 0],
	[0, 0, 0, 0, 0, 0, 0, 0],
	[0, 0, 0, 0, 0, 0, 0, 0],
	[0, 0, 0, 0, 0, 0, 0, 0],
	[0, 0, 0, 0, 0, 0, 0, 0],
	[0, 0, 0, 0, 0, 0, 0, 0],
	[7.763307e+00, 8.781040e+00, 0, 0, 8.224712e+00, 1.886044e+00, 2.622590e+00, 0],
	[7.763307e+00, 8.781040e+00, 0, 0, 8.224712e+00, 1.886044e+00, 2.622590e+00, 0],
	[7.763307e+00, 8.781040e+00, 0, 0, 8.224712e+00, 1.886044e+00, 2.622590e+00, 0],
	[7.763307e+00, 8.781040e+00, 0, 0, 8.224712e+00, 1.886044e+00, 2.622590e+00, 0],
	[4.123421e+00, 6.906414e+00, 0, 0, 7.995951e+00, 6.723100e-01, 1.300854e+00, 0],
	[4.123421e+00, 6.906414e+00, 0, 0, 7.995951e+00, 6.723100e-01, 1.300854e+00, 0],
	[4.123421e+00, 6.906414e+00, 0, 0, 7.995951e+00, 6.723100e-01, 1.300854e+00, 0],
	[4.123421e+00, 6.906414e+00, 0, 0, 7.995951e+00, 6.723100e-01, 1.300854e+00, 0],
	[2.283692e+00, 5.104248e+00, 0, 6.060435e+00, 7.941019e+00, 4.698197e-01, 8.764918e-01, 0],
	[2.283692e+00, 5.104248e+00, 0, 6.060435e+00, 7.941019e+00, 4.698197e-01, 8.764918e-01, 0],
	[2.283692e+00, 5.104248e+00, 0, 6.060435e+00, 7.941019e+00, 4.698197e-01, 8.764918e-01, 0],
	[2.283692e+00, 5.104248e+00, 0, 6.060435e+00, 7.941019e+00, 4.698197e-01, 8.764918e-01, 0],
	[1.489108e+00, 2.498278e+00, 9.441205e-01, 0, 1.666684e+00, 3.717946e-01, 5.663916e-01, 7.411350e+00],
	[1.489108e+00, 2.498278e+00, 9.441205e-01, 0, 1.666684e+00, 3.717946e-01, 5.663916e-01, 7.411350e+00],
	[1.489108e+00, 2.498278e+00, 9.441205e-01, 0, 1.666684e+00, 3.717946e-01, 5.663916e-01, 7.411350e+00],
	[1.489108e+00, 2.498278e+00, 9.441205e-01, 0, 1.666684e+00, 3.717946e-01, 5.663916e-01, 7.411350e+00],
	[1.711461e+00, 2.231206e+00, 7.052255e-01, 3.598487e+00, 1.197192e+00, 3.252526e-01, 6.080048e-01, 2.155899e+00],
	[1.711461e+00, 2.231206e+00, 7.052255e-01, 3.598487e+00, 1.197192e+00, 3.252526e-01, 6.080048e-01, 2.155899e+00],
	[1.711461e+00, 2.231206e+00, 7.052255e-01, 3.598487e+00, 1.197192e+00, 3.252526e-01, 6.080048e-01, 2.155899e+00],
	[1.711461e+00, 2.231206e+00, 7.052255e-01, 3.598487e+00, 1.197192e+00, 3.252526e-01, 6.080048e-01, 2.155899e+00],
	[1.345827e+00, 1.870055e+00, 8.132712e-01, 3.313438e+00, 9.753603e-01, 3.528576e-01, 4.761178e-01, 1.935479e+00],
	[1.345827e+00, 1.870055e+00, 8.132712e-01, 3.313438e+00, 9.753603e-01, 3.528576e-01, 4.761178e-01, 1.935479e+00],
	[1.345827e+00, 1.870055e+00, 8.132712e-01, 3.313438e+00, 9.753603e-01, 3.528576e-01, 4.761178e-01, 1.935479e+00],
	[1.345827e+00, 1.870055e+00, 8.132712e-01, 3.313438e+00, 9.753603e-01, 3.528576e-01, 4.761178e-01, 1.935479e+00],
	[1.967509e+00, 1.789964e+00, 6.464485e-01, 3.249304e+00, 9.160886e-01, 4.067866e-01, 3.652396e-01, 1.896203e+00],
	[1.967509e+00, 1.789964e+00, 6.464485e-01, 3.249304e+00, 9.160886e-01, 4.067866e-01, 3.652396e-01, 1.896203e+00],
	[1.967509e+00, 1.789964e+00, 6.464485e-01, 3.249304e+00, 9.160886e-01, 4.067866e-01, 3.652396e-01, 1.896203e+00],
	[1.967509e+00, 1.789964e+00, 6.464485e-01, 3.249304e+00, 9.160886e-01, 4.067866e-01, 3.652396e-01, 1.896203e+00],
	[1.976985e+00, 2.076238e+00, 7.819514e-01, 3.394275e+00, 9.012530e-01, 4.310888e-01, 4.293926e-01, 3.057534e+00],
	[1.976985e+00, 2.076238e+00, 7.819514e-01, 3.394275e+00, 9.012530e-01, 4.310888e-01, 4.293926e-01, 3.057534e+00],
	[1.976985e+00, 2.076238e+00, 7.819514e-01, 3.394275e+00, 9.012530e-01, 4.310888e-01, 4.293926e-01, 3.057534e+00],
	[1.976985e+00, 2.076238e+00, 7.819514e-01, 3.394275e+00, 9.012530e-01, 4.310888e-01, 4.293926e-01, 3.057534e+00],
	[2.188111e+00, 0, 9.863442e-01, 4.240318e+00, 1.667326e+00, 4.192795e-01, 4.626566e-01, 9.028241e+00],
	[2.188111e+00, 0, 9.863442e-01, 4.240318e+00, 1.667326e+00, 4.192795e-01, 4.626566e-01, 9.028241e+00],
	[2.188111e+00, 0, 9.863442e-01, 4.240318e+00, 1.667326e+00, 4.192795e-01, 4.626566e-01, 9.028241e+00],
	[2.188111e+00, 0, 9.863442e-01, 4.240318e+00, 1.667326e+00, 4.192795e-01, 4.626566e-01, 9.028241e+00],
	[1.699130e+00, 2.031252e+00, 0, 3.855506e+00, 1.621031e+00, 0, 0, 6.707994e+00],
	[1.699130e+00, 2.031252e+00, 0, 3.855506e+00, 1.621031e+00, 0, 0, 6.707994e+00],
	[1.699130e+00, 2.031252e+00, 0, 3.855506e+00, 1.621031e+00, 0, 0, 6.707994e+00],
	[1.699130e+00, 2.031252e+00, 0, 3.855506e+00, 1.621031e+00, 0, 0, 6.707994e+00],
	[1.479754e+00, 1.753538e+00, 0, 3.060707e+00, 8.866002e-01, 0, 0, 2.472253e+00],
	[1.479754e+00, 1.753538e+00, 0, 3.060707e+00, 8.866002e-01, 0, 0, 2.472253e+00],
	[1.479754e+00, 1.753538e+00, 0, 3.060707e+00, 8.866002e-01, 0, 0, 2.472253e+00],
	[1.479754e+00, 1.753538e+00, 0, 3.060707e+00, 8.866002e-01, 0, 0, 2.472253e+00],
	[1.400514e+00, 1.695691e+00, 0, 3.366892e+00, 1.383536e+00, 0, 0, 8.856817e+00],
	[1.400514e+00, 1.695691e+00, 0, 3.366892e+00, 1.383536e+00, 0, 0, 8.856817e+00],
	[1.400514e+00, 1.695691e+00, 0, 3.366892e+00, 1.383536e+00, 0, 0, 8.856817e+00],
	[1.400514e+00, 1.695691e+00, 0, 3.366892e+00, 1.383536e+00, 0, 0, 8.856817e+00],
	[0, 0, 0, 0, 0, 0, 0, 0],
	[0, 0, 0, 0, 0, 0, 0, 0],
	[0, 0, 0, 0, 0, 0, 0, 0],
	[0, 0, 0, 0, 0, 0, 0, 0],
	[0, 0, 0, 0, 0, 0, 0, 0],
	[0, 0, 0, 0, 0, 0, 0, 0],
	[0, 0, 0, 0, 0, 0, 0, 0],
	[0, 0, 0, 0, 0, 0, 0, 0],
	[0, 0, 0, 0, 0, 0, 0, 0],
	[0, 0, 0, 0, 0, 0, 0, 0],
	[0, 0, 0, 0, 0, 0, 0, 0],
	[0, 0, 0, 0, 0, 0, 0, 0],
	[0, 0, 0, 0, 0, 0, 0, 0],
	[0, 0, 0, 0, 0, 0, 0, 0],
	[0, 0, 0, 0, 0, 0, 0, 0],
	[0, 0, 0, 0, 0, 0, 0, 0] ]
undercost [
	[0, 0, 0, 0, 0, 0, 0, 0],
	[0, 0, 0, 0, 0, 0, 0, 0],
	[0, 0, 0, 0, 0, 0, 0, 0],
	[0, 0, 0, 0, 0, 0, 0, 0],
	[0, 0, 0, 0, 0, 0, 0, 0],
	[0, 0, 0, 0, 0, 0, 0, 0],
	[0, 0, 0, 0, 0, 0, 0, 0],
	[0, 0, 0, 0, 0, 0, 0, 0],
	[0, 0, 0, 0, 0, 0, 0, 0],
	[0, 0, 0, 0, 0, 0, 0, 0],
	[0, 0, 0, 0, 0, 0, 0, 0],
	[0, 0, 0, 0, 0, 0, 0, 0],
	[0, 0, 0, 0, 0, 0, 0, 0],
	[0, 0, 0, 0, 0, 0, 0, 0],
	[0, 0, 0, 0, 0, 0, 0, 0],
	[0, 0, 0, 0, 0, 0, 0, 0],
	[0, 0, 0, 0, 0, 0, 0, 0],
	[0, 0, 0, 0, 0, 0, 0, 0],
	[0, 0, 0, 0, 0, 0, 0, 0],
	[0, 0, 0, 0, 0, 0, 0, 0],
	[0, 0, 0, 0, 0, 0, 0, 0],
	[0, 0, 0, 0, 0, 0, 0, 0],
	[0, 0, 0, 0, 0, 0, 0, 0],
	[0, 0, 0, 0, 0, 0, 0, 0],
	[0, 0, 0, 0, 0, 0, 0, 0],
	[0, 0, 0, 0, 0, 0, 0, 0],
	[0, 0, 0, 0, 0, 0, 0, 0],
	[0, 0, 0, 0, 0, 0, 0, 0],
	[0, 0, 0, 0, 0, 0, 0, 0],
	[0, 0, 0, 0, 0, 0, 0, 0],
	[0, 0, 0, 0, 0, 0, 0, 0],
	[0, 0, 0, 0, 0, 0, 0, 0],
	[1.000000e+06, 1.000000e+06, 0, 0, 1.000000e+06, 1.000000e+06, 1.000000e+06, 0],
	[1.000000e+06, 1.000000e+06, 0, 0, 1.000000e+06, 1.000000e+06, 1.000000e+06, 0],
	[1.000000e+06, 1.000000e+06, 0, 0, 1.000000e+06, 1.000000e+06, 1.000000e+06, 0],
	[1.000000e+06, 1.000000e+06, 0, 0, 1.000000e+06, 1.000000e+06, 1.000000e+06, 0],
	[1.000000e+06, 1.000000e+06, 0, 0, 1.000000e+06, 1.184381e+00, 1.275148e+00, 0],
	[1.000000e+06, 1.000000e+06, 0, 0, 1.000000e+06, 1.184381e+00, 1.275148e+00, 0],
	[1.000000e+06, 1.000000e+06, 0, 0, 1.000000e+06, 1.184381e+00, 1.275148e+00, 0],
	[1.000000e+06, 1.000000e+06, 0, 0, 1.000000e+06, 1.184381e+00, 1.275148e+00, 0],
	[1.000000e+06, 1.000000e+06, 0, 1.000000e+06, 1.000000e+06, 9.103548e-01, 1.005041e+00, 0],
	[1.000000e+06, 1.000000e+06, 0, 1.000000e+06, 1.000000e+06, 9.103548e-01, 1.005041e+00, 0],
	[1.000000e+06, 1.000000e+06, 0, 1.000000e+06, 1.000000e+06, 9.103548e-01, 1.005041e+00, 0],
	[1.000000e+06, 1.000000e+06, 0, 1.000000e+06, 1.000000e+06, 9.103548e-01, 1.005041e+00, 0],
	[1.000000e+06, 1.000000e+06, 1.015336e+00, 0, 1.000000e+06, 5.326502e-01, 6.497252e-01, 1.000000e+06],
	[1.000000e+06, 1.000000e+06, 1.015336e+00, 0, 1.000000e+06, 5.326502e-01, 6.497252e-01, 1.000000e+06],
	[1.000000e+06, 1.000000e+06, 1.015336e+00, 0, 1.000000e+06, 5.326502e-01, 6.497252e-01, 1.000000e+06],
	[1.000000e+06, 1.000000e+06, 1.015336e+00, 0, 1.000000e+06, 5.326502e-01, 6.497252e-01, 1.000000e+06],
	[1.000000e+06, 1.000000e+06, 1.289417e+00, 1.000000e+06, 1.333171e+00, 4.965866e-01, 4.536539e-01, 1.000000e+06],
	[1.000000e+06, 1.000000e+06, 1.289417e+00, 1.000000e+06, 1.333171e+00, 4.965866e-01, 4.536539e-01, 1.000000e+06],
	[1.000000e+06, 1.000000e+06, 1.289417e+00, 1.000000e+06, 1.333171e+00, 4.965866e-01, 4.536539e-01, 1.000000e+06],
	[1.000000e+06, 1.000000e+06, 1.289417e+00, 1.000000e+06, 1.333171e+00, 4.965866e-01, 4.536539e-01, 1.000000e+06],
	[1.000000e+06, 1.000000e+06, 1.051023e+00, 1.000000e+06, 1.340290e+00, 4.177826e-01, 5.576157e-01, 1.000000e+06],
	[1.000000e+06, 1.000000e+06, 1.051023e+00, 1.000000e+06, 1.340290e+00, 4.177826e-01, 5.576157e-01, 1.000000e+06],
	[1.000000e+06, 1.000000e+06, 1.051023e+00, 1.000000e+06, 1.340290e+00, 4.177826e-01, 5.576157e-01, 1.000000e+06],
	[1.000000e+06, 1.000000e+06, 1.051023e+00, 1.000000e+06, 1.340290e+00, 4.177826e-01, 5.576157e-01, 1.000000e+06],
	[2.149046e+00, 1.000000e+06, 1.243007e+00, 1.000000e+06, 1.416437e+00, 3.374166e-01, 6.800654e-01, 1.000000e+06],
	[2.149046e+00, 1.000000e+06, 1.243007e+00, 1.000000e+06, 1.416437e+00, 3.374166e-01, 6.800654e-01, 1.000000e+06],
	[2.149046e+00, 1.000000e+06, 1.243007e+00, 1.000000e+06, 1.416437e+00, 3.374166e-01, 6.800654e-01, 1.000000e+06],
	[2.149046e+00, 1.000000e+06, 1.243007e+00, 1.000000e+06, 1.416437e+00, 3.374166e-01, 6.800654e-01, 1.000000e+06],
	[2.148277e+00, 1.000000e+06, 9.878196e-01, 1.000000e+06, 2.097314e+00, 3.115211e-01, 6.098207e-01, 1.000000e+06],
	[2.148277e+00, 1.000000e+06, 9.878196e-01, 1.000000e+06, 2.097314e+00, 3.115211e-01, 6.098207e-01, 1.000000e+06],
	[2.148277e+00, 1.000000e+06, 9.878196e-01, 1.000000e+06, 2.097314e+00, 3.115211e-01, 6.098207e-01, 1.000000e+06],
	[2.148277e+00, 1.000000e+06, 9.878196e-01, 1.000000e+06, 2.097314e+00, 3.115211e-01, 6.098207e-01, 1.000000e+06],
	[1.000000e+06, 0, 8.552194e-01, 1.000000e+06, 1.000000e+06, 4.503757e-01, 7.665330e-01, 1.000000e+06],
	[1.000000e+06, 0, 8.552194e-01, 1.000000e+06, 1.000000e+06, 4.503757e-01, 7.665330e-01, 1.000000e+06],
	[1.000000e+06, 0, 8.552194e-01, 1.000000e+06, 1.000000e+06, 4.503757e-01, 7.665330e-01, 1.000000e+06],
	[1.000000e+06, 0, 8.552194e-01, 1.000000e+06, 1.000000e+06, 4.503757e-01, 7.665330e-01, 1.000000e+06],
	[1.000000e+06, 1.000000e+06, 0, 1.000000e+06, 1.000000e+06, 0, 0, 1.000000e+06],
	[1.000000e+06, 1.000000e+06, 0, 1.000000e+06, 1.000000e+06, 0, 0, 1.000000e+06],
	[1.000000e+06, 1.000000e+06, 0, 1.000000e+06, 1.000000e+06, 0, 0, 1.000000e+06],
	[1.000000e+06, 1.000000e+06, 0, 1.000000e+06, 1.000000e+06, 0, 0, 1.000000e+06],
	[2.857687e+00, 1.000000e+06, 0, 1.000000e+06, 1.746131e+00, 0, 0, 1.000000e+06],
	[2.857687e+00, 1.000000e+06, 0, 1.000000e+06, 1.746131e+00, 0, 0, 1.000000e+06],
	[2.857687e+00, 1.000000e+06, 0, 1.000000e+06, 1.746131e+00, 0, 0, 1.000000e+06],
	[2.857687e+00, 1.000000e+06, 0, 1.000000e+06, 1.746131e+00, 0, 0, 1.000000e+06],
	[2.999272e+00, 1.000000e+06, 0, 1.000000e+06, 1.000000e+06, 0, 0, 1.000000e+06],
	[2.999272e+00, 1.000000e+06, 0, 1.000000e+06, 1.000000e+06, 0, 0, 1.000000e+06],
	[2.999272e+00, 1.000000e+06, 0, 1.000000e+06, 1.000000e+06, 0, 0, 1.000000e+06],
	[2.999272e+00, 1.000000e+06, 0, 1.000000e+06, 1.000000e+06, 0, 0, 1.000000e+06],
	[0, 0, 0, 0, 0, 0, 0, 0],
	[0, 0, 0, 0, 0, 0, 0, 0],
	[0, 0, 0, 0, 0, 0, 0, 0],
	[0, 0, 0, 0, 0, 0, 0, 0],
	[0, 0, 0, 0, 0, 0, 0, 0],
	[0, 0, 0, 0, 0, 0, 0, 0],
	[0, 0, 0, 0, 0, 0, 0, 0],
	[0, 0, 0, 0, 0, 0, 0, 0],
	[0, 0, 0, 0, 0, 0, 0, 0],
	[0, 0, 0, 0, 0, 0, 0, 0],
	[0, 0, 0, 0, 0, 0, 0, 0],
	[0, 0, 0, 0, 0, 0, 0, 0],
	[0, 0, 0, 0, 0, 0, 0, 0],
	[0, 0, 0, 0, 0, 0, 0, 0],
	[0, 0, 0, 0, 0, 0, 0, 0],
	[0, 0, 0, 0, 0, 0, 0, 0] ]
