1343 1571 1581 2858 3212
SHOE
ACT	5
SHIFT	96
demand [
	[0, 0, 0, 0, 0],
	[0, 0, 0, 0, 0],
	[0, 0, 0, 0, 0],
	[0, 0, 0, 0, 0],
	[0, 0, 0, 0, 0],
	[0, 0, 0, 0, 0],
	[0, 0, 0, 0, 0],
	[0, 0, 0, 0, 0],
	[0, 0, 0, 0, 0],
	[0, 0, 0, 0, 0],
	[0, 0, 0, 0, 0],
	[0, 0, 0, 0, 0],
	[0, 0, 0, 0, 0],
	[0, 0, 0, 0, 0],
	[0, 0, 0, 0, 0],
	[0, 0, 0, 0, 0],
	[0, 0, 0, 0, 0],
	[0, 0, 0, 0, 0],
	[0, 0, 0, 0, 0],
	[0, 0, 0, 0, 0],
	[0, 0, 0, 0, 0],
	[0, 0, 0, 0, 0],
	[0, 0, 0, 0, 0],
	[0, 0, 0, 0, 0],
	[0, 0, 0, 0, 0],
	[0, 0, 0, 0, 0],
	[0, 0, 0, 0, 0],
	[0, 0, 0, 0, 0],
	[0, 0, 0, 0, 0],
	[0, 0, 0, 0, 0],
	[0, 0, 0, 0, 0],
	[0, 0, 0, 0, 0],
	[1.00, 1.00, 1.00, 0, 0],
	[1.00, 1.00, 1.00, 0, 0],
	[1.00, 1.00, 1.00, 0, 0],
	[1.00, 1.00, 1.00, 0, 0],
	[1.25, 1.00, 1.00, 1.00, 1.00],
	[1.25, 1.00, 1.00, 1.00, 1.00],
	[1.25, 1.00, 1.00, 1.00, 1.00],
	[1.25, 1.00, 1.00, 1.00, 1.00],
	[1.75, 1.50, 1.50, 1.00, 1.00],
	[1.75, 1.50, 1.50, 1.00, 1.00],
	[1.75, 1.50, 1.50, 1.00, 1.00],
	[1.75, 1.50, 1.50, 1.00, 1.00],
	[2.25, 2.00, 2.00, 1.00, 1.75],
	[2.25, 2.00, 2.00, 1.00, 1.75],
	[2.25, 2.00, 2.00, 1.00, 1.75],
	[2.25, 2.00, 2.00, 1.00, 1.75],
	[2.50, 2.00, 2.00, 1.00, 2.75],
	[2.50, 2.00, 2.00, 1.00, 2.75],
	[2.50, 2.00, 2.00, 1.00, 2.75],
	[2.50, 2.00, 2.00, 1.00, 2.75],
	[2.50, 2.25, 2.25, 1.00, 3.25],
	[2.50, 2.25, 2.25, 1.00, 3.25],
	[2.50, 2.25, 2.25, 1.00, 3.25],
	[2.50, 2.25, 2.25, 1.00, 3.25],
	[2.50, 2.25, 2.25, 1.00, 3.25],
	[2.50, 2.25, 2.25, 1.00, 3.25],
	[2.50, 2.25, 2.25, 1.00, 3.25],
	[2.50, 2.25, 2.25, 1.00, 3.25],
	[2.75, 2.25, 2.25, 1.00, 2.75],
	[2.75, 2.25, 2.25, 1.00, 2.75],
	[2.75, 2.25, 2.25, 1.00, 2.75],
	[2.75, 2.25, 2.25, 1.00, 2.75],
	[2.50, 2.00, 2.00, 1.00, 1.50],
	[2.50, 2.00, 2.00, 1.00, 1.50],
	[2.50, 2.00, 2.00, 1.00, 1.50],
	[2.50, 2.00, 2.00, 1.00, 1.50],
	[2.50, 0, 0, 0, 2.00],
	[2.50, 0, 0, 0, 2.00],
	[2.50, 0, 0, 0, 2.00],
	[2.50, 0, 0, 0, 2.00],
	[2.75, 0, 0, 0, 0],
	[2.75, 0, 0, 0, 0],
	[2.75, 0, 0, 0, 0],
	[2.75, 0, 0, 0, 0],
	[2.75, 0, 0, 0, 0],
	[2.75, 0, 0, 0, 0],
	[2.75, 0, 0, 0, 0],
	[2.75, 0, 0, 0, 0],
	[0, 0, 0, 0, 0],
	[0, 0, 0, 0, 0],
	[0, 0, 0, 0, 0],
	[0, 0, 0, 0, 0],
	[0, 0, 0, 0, 0],
	[0, 0, 0, 0, 0],
	[0, 0, 0, 0, 0],
	[0, 0, 0, 0, 0],
	[0, 0, 0, 0, 0],
	[0, 0, 0, 0, 0],
	[0, 0, 0, 0, 0],
	[0, 0, 0, 0, 0],
	[0, 0, 0, 0, 0],
	[0, 0, 0, 0, 0],
	[0, 0, 0, 0, 0],
	[0, 0, 0, 0, 0] ]
overcost [
	[0, 0, 0, 0, 0],
	[0, 0, 0, 0, 0],
	[0, 0, 0, 0, 0],
	[0, 0, 0, 0, 0],
	[0, 0, 0, 0, 0],
	[0, 0, 0, 0, 0],
	[0, 0, 0, 0, 0],
	[0, 0, 0, 0, 0],
	[0, 0, 0, 0, 0],
	[0, 0, 0, 0, 0],
	[0, 0, 0, 0, 0],
	[0, 0, 0, 0, 0],
	[0, 0, 0, 0, 0],
	[0, 0, 0, 0, 0],
	[0, 0, 0, 0, 0],
	[0, 0, 0, 0, 0],
	[0, 0, 0, 0, 0],
	[0, 0, 0, 0, 0],
	[0, 0, 0, 0, 0],
	[0, 0, 0, 0, 0],
	[0, 0, 0, 0, 0],
	[0, 0, 0, 0, 0],
	[0, 0, 0, 0, 0],
	[0, 0, 0, 0, 0],
	[0, 0, 0, 0, 0],
	[0, 0, 0, 0, 0],
	[0, 0, 0, 0, 0],
	[0, 0, 0, 0, 0],
	[0, 0, 0, 0, 0],
	[0, 0, 0, 0, 0],
	[0, 0, 0, 0, 0],
	[0, 0, 0, 0, 0],
	[5.154259e+00, 5.164182e+00, 5.164182e+00, 0, 0],
	[5.154259e+00, 5.164182e+00, 5.164182e+00, 0, 0],
	[5.154259e+00, 5.164182e+00, 5.164182e+00, 0, 0],
	[5.154259e+00, 5.164182e+00, 5.164182e+00, 0, 0],
	[2.073330e+00, 1.862559e+00, 1.862559e+00, 1.101475e+01, 8.535672e+00],
	[2.073330e+00, 1.862559e+00, 1.862559e+00, 1.101475e+01, 8.535672e+00],
	[2.073330e+00, 1.862559e+00, 1.862559e+00, 1.101475e+01, 8.535672e+00],
	[2.073330e+00, 1.862559e+00, 1.862559e+00, 1.101475e+01, 8.535672e+00],
	[2.309331e+00, 2.204701e+00, 2.204701e+00, 1.097580e+01, 8.488996e+00],
	[2.309331e+00, 2.204701e+00, 2.204701e+00, 1.097580e+01, 8.488996e+00],
	[2.309331e+00, 2.204701e+00, 2.204701e+00, 1.097580e+01, 8.488996e+00],
	[2.309331e+00, 2.204701e+00, 2.204701e+00, 1.097580e+01, 8.488996e+00],
	[1.401613e+00, 1.546455e+00, 1.546455e+00, 7.018796e+00, 1.670961e+00],
	[1.401613e+00, 1.546455e+00, 1.546455e+00, 7.018796e+00, 1.670961e+00],
	[1.401613e+00, 1.546455e+00, 1.546455e+00, 7.018796e+00, 1.670961e+00],
	[1.401613e+00, 1.546455e+00, 1.546455e+00, 7.018796e+00, 1.670961e+00],
	[1.587825e+00, 1.170224e+00, 1.170224e+00, 4.002383e+00, 9.322393e-01],
	[1.587825e+00, 1.170224e+00, 1.170224e+00, 4.002383e+00, 9.322393e-01],
	[1.587825e+00, 1.170224e+00, 1.170224e+00, 4.002383e+00, 9.322393e-01],
	[1.587825e+00, 1.170224e+00, 1.170224e+00, 4.002383e+00, 9.322393e-01],
	[1.241309e+00, 1.490034e+00, 1.490034e+00, 3.190538e+00, 1.082663e+00],
	[1.241309e+00, 1.490034e+00, 1.490034e+00, 3.190538e+00, 1.082663e+00],
	[1.241309e+00, 1.490034e+00, 1.490034e+00, 3.190538e+00, 1.082663e+00],
	[1.241309e+00, 1.490034e+00, 1.490034e+00, 3.190538e+00, 1.082663e+00],
	[1.091056e+00, 1.382072e+00, 1.382072e+00, 3.138524e+00, 9.996879e-01],
	[1.091056e+00, 1.382072e+00, 1.382072e+00, 3.138524e+00, 9.996879e-01],
	[1.091056e+00, 1.382072e+00, 1.382072e+00, 3.138524e+00, 9.996879e-01],
	[1.091056e+00, 1.382072e+00, 1.382072e+00, 3.138524e+00, 9.996879e-01],
	[1.626241e+00, 1.299484e+00, 1.299484e+00, 4.383809e+00, 1.122054e+00],
	[1.626241e+00, 1.299484e+00, 1.299484e+00, 4.383809e+00, 1.122054e+00],
	[1.626241e+00, 1.299484e+00, 1.299484e+00, 4.383809e+00, 1.122054e+00],
	[1.626241e+00, 1.299484e+00, 1.299484e+00, 4.383809e+00, 1.122054e+00],
	[1.828461e+00, 1.370179e+00, 1.370179e+00, 7.820835e+00, 1.690702e+00],
	[1.828461e+00, 1.370179e+00, 1.370179e+00, 7.820835e+00, 1.690702e+00],
	[1.828461e+00, 1.370179e+00, 1.370179e+00, 7.820835e+00, 1.690702e+00],
	[1.828461e+00, 1.370179e+00, 1.370179e+00, 7.820835e+00, 1.690702e+00],
	[1.400330e+00, 0, 0, 0, 1.547575e+00],
	[1.400330e+00, 0, 0, 0, 1.547575e+00],
	[1.400330e+00, 0, 0, 0, 1.547575e+00],
	[1.400330e+00, 0, 0, 0, 1.547575e+00],
	[1.178026e+00, 0, 0, 0, 0],
	[1.178026e+00, 0, 0, 0, 0],
	[1.178026e+00, 0, 0, 0, 0],
	[1.178026e+00, 0, 0, 0, 0],
	[9.776009e-01, 0, 0, 0, 0],
	[9.776009e-01, 0, 0, 0, 0],
	[9.776009e-01, 0, 0, 0, 0],
	[9.776009e-01, 0, 0, 0, 0],
	[0, 0, 0, 0, 0],
	[0, 0, 0, 0, 0],
	[0, 0, 0, 0, 0],
	[0, 0, 0, 0, 0],
	[0, 0, 0, 0, 0],
	[0, 0, 0, 0, 0],
	[0, 0, 0, 0, 0],
	[0, 0, 0, 0, 0],
	[0, 0, 0, 0, 0],
	[0, 0, 0, 0, 0],
	[0, 0, 0, 0, 0],
	[0, 0, 0, 0, 0],
	[0, 0, 0, 0, 0],
	[0, 0, 0, 0, 0],
	[0, 0, 0, 0, 0],
	[0, 0, 0, 0, 0] ]
undercost [
	[0, 0, 0, 0, 0],
	[0, 0, 0, 0, 0],
	[0, 0, 0, 0, 0],
	[0, 0, 0, 0, 0],
	[0, 0, 0, 0, 0],
	[0, 0, 0, 0, 0],
	[0, 0, 0, 0, 0],
	[0, 0, 0, 0, 0],
	[0, 0, 0, 0, 0],
	[0, 0, 0, 0, 0],
	[0, 0, 0, 0, 0],
	[0, 0, 0, 0, 0],
	[0, 0, 0, 0, 0],
	[0, 0, 0, 0, 0],
	[0, 0, 0, 0, 0],
	[0, 0, 0, 0, 0],
	[0, 0, 0, 0, 0],
	[0, 0, 0, 0, 0],
	[0, 0, 0, 0, 0],
	[0, 0, 0, 0, 0],
	[0, 0, 0, 0, 0],
	[0, 0, 0, 0, 0],
	[0, 0, 0, 0, 0],
	[0, 0, 0, 0, 0],
	[0, 0, 0, 0, 0],
	[0, 0, 0, 0, 0],
	[0, 0, 0, 0, 0],
	[0, 0, 0, 0, 0],
	[0, 0, 0, 0, 0],
	[0, 0, 0, 0, 0],
	[0, 0, 0, 0, 0],
	[0, 0, 0, 0, 0],
	[1.000000e+06, 1.000000e+06, 1.000000e+06, 0, 0],
	[1.000000e+06, 1.000000e+06, 1.000000e+06, 0, 0],
	[1.000000e+06, 1.000000e+06, 1.000000e+06, 0, 0],
	[1.000000e+06, 1.000000e+06, 1.000000e+06, 0, 0],
	[1.000000e+06, 1.000000e+06, 1.000000e+06, 1.000000e+06, 1.000000e+06],
	[1.000000e+06, 1.000000e+06, 1.000000e+06, 1.000000e+06, 1.000000e+06],
	[1.000000e+06, 1.000000e+06, 1.000000e+06, 1.000000e+06, 1.000000e+06],
	[1.000000e+06, 1.000000e+06, 1.000000e+06, 1.000000e+06, 1.000000e+06],
	[1.000000e+06, 1.000000e+06, 1.000000e+06, 1.000000e+06, 1.000000e+06],
	[1.000000e+06, 1.000000e+06, 1.000000e+06, 1.000000e+06, 1.000000e+06],
	[1.000000e+06, 1.000000e+06, 1.000000e+06, 1.000000e+06, 1.000000e+06],
	[1.000000e+06, 1.000000e+06, 1.000000e+06, 1.000000e+06, 1.000000e+06],
	[2.814254e+00, 2.308451e+00, 2.308451e+00, 1.000000e+06, 1.000000e+06],
	[2.814254e+00, 2.308451e+00, 2.308451e+00, 1.000000e+06, 1.000000e+06],
	[2.814254e+00, 2.308451e+00, 2.308451e+00, 1.000000e+06, 1.000000e+06],
	[2.814254e+00, 2.308451e+00, 2.308451e+00, 1.000000e+06, 1.000000e+06],
	[2.042944e+00, 2.820099e+00, 2.820099e+00, 1.000000e+06, 1.618751e+00],
	[2.042944e+00, 2.820099e+00, 2.820099e+00, 1.000000e+06, 1.618751e+00],
	[2.042944e+00, 2.820099e+00, 2.820099e+00, 1.000000e+06, 1.618751e+00],
	[2.042944e+00, 2.820099e+00, 2.820099e+00, 1.000000e+06, 1.618751e+00],
	[2.496152e+00, 1.827934e+00, 1.827934e+00, 1.000000e+06, 9.771505e-01],
	[2.496152e+00, 1.827934e+00, 1.827934e+00, 1.000000e+06, 9.771505e-01],
	[2.496152e+00, 1.827934e+00, 1.827934e+00, 1.000000e+06, 9.771505e-01],
	[2.496152e+00, 1.827934e+00, 1.827934e+00, 1.000000e+06, 9.771505e-01],
	[2.693288e+00, 1.973864e+00, 1.973864e+00, 1.000000e+06, 1.079593e+00],
	[2.693288e+00, 1.973864e+00, 1.973864e+00, 1.000000e+06, 1.079593e+00],
	[2.693288e+00, 1.973864e+00, 1.973864e+00, 1.000000e+06, 1.079593e+00],
	[2.693288e+00, 1.973864e+00, 1.973864e+00, 1.000000e+06, 1.079593e+00],
	[1.605872e+00, 2.093901e+00, 2.093901e+00, 1.000000e+06, 1.376547e+00],
	[1.605872e+00, 2.093901e+00, 2.093901e+00, 1.000000e+06, 1.376547e+00],
	[1.605872e+00, 2.093901e+00, 2.093901e+00, 1.000000e+06, 1.376547e+00],
	[1.605872e+00, 2.093901e+00, 2.093901e+00, 1.000000e+06, 1.376547e+00],
	[1.739616e+00, 2.559911e+00, 2.559911e+00, 1.000000e+06, 1.000000e+06],
	[1.739616e+00, 2.559911e+00, 2.559911e+00, 1.000000e+06, 1.000000e+06],
	[1.739616e+00, 2.559911e+00, 2.559911e+00, 1.000000e+06, 1.000000e+06],
	[1.739616e+00, 2.559911e+00, 2.559911e+00, 1.000000e+06, 1.000000e+06],
	[2.301156e+00, 0, 0, 0, 2.014542e+00],
	[2.301156e+00, 0, 0, 0, 2.014542e+00],
	[2.301156e+00, 0, 0, 0, 2.014542e+00],
	[2.301156e+00, 0, 0, 0, 2.014542e+00],
	[2.182088e+00, 0, 0, 0, 0],
	[2.182088e+00, 0, 0, 0, 0],
	[2.182088e+00, 0, 0, 0, 0],
	[2.182088e+00, 0, 0, 0, 0],
	[2.450883e+00, 0, 0, 0, 0],
	[2.450883e+00, 0, 0, 0, 0],
	[2.450883e+00, 0, 0, 0, 0],
	[2.450883e+00, 0, 0, 0, 0],
	[0, 0, 0, 0, 0],
	[0, 0, 0, 0, 0],
	[0, 0, 0, 0, 0],
	[0, 0, 0, 0, 0],
	[0, 0, 0, 0, 0],
	[0, 0, 0, 0, 0],
	[0, 0, 0, 0, 0],
	[0, 0, 0, 0, 0],
	[0, 0, 0, 0, 0],
	[0, 0, 0, 0, 0],
	[0, 0, 0, 0, 0],
	[0, 0, 0, 0, 0],
	[0, 0, 0, 0, 0],
	[0, 0, 0, 0, 0],
	[0, 0, 0, 0, 0],
	[0, 0, 0, 0, 0] ]
