294 334 831 2816 3258 3827
SHOE
ACT	6
SHIFT	96
demand [
	[0, 0, 0, 0, 0, 0],
	[0, 0, 0, 0, 0, 0],
	[0, 0, 0, 0, 0, 0],
	[0, 0, 0, 0, 0, 0],
	[0, 0, 0, 0, 0, 0],
	[0, 0, 0, 0, 0, 0],
	[0, 0, 0, 0, 0, 0],
	[0, 0, 0, 0, 0, 0],
	[0, 0, 0, 0, 0, 0],
	[0, 0, 0, 0, 0, 0],
	[0, 0, 0, 0, 0, 0],
	[0, 0, 0, 0, 0, 0],
	[0, 0, 0, 0, 0, 0],
	[0, 0, 0, 0, 0, 0],
	[0, 0, 0, 0, 0, 0],
	[0, 0, 0, 0, 0, 0],
	[0, 0, 0, 0, 0, 0],
	[0, 0, 0, 0, 0, 0],
	[0, 0, 0, 0, 0, 0],
	[0, 0, 0, 0, 0, 0],
	[0, 0, 0, 0, 0, 0],
	[0, 0, 0, 0, 0, 0],
	[0, 0, 0, 0, 0, 0],
	[0, 0, 0, 0, 0, 0],
	[0, 0, 0, 0, 0, 0],
	[0, 0, 0, 0, 0, 0],
	[0, 0, 0, 0, 0, 0],
	[0, 0, 0, 0, 0, 0],
	[0, 0, 0, 0, 0, 0],
	[0, 0, 0, 0, 0, 0],
	[0, 0, 0, 0, 0, 0],
	[0, 0, 0, 0, 0, 0],
	[0, 1.00, 0, 0, 0, 0],
	[0, 1.00, 0, 0, 0, 0],
	[0, 1.00, 0, 0, 0, 0],
	[0, 1.00, 0, 0, 0, 0],
	[1.00, 0, 0, 1.00, 0, 0],
	[1.00, 0, 0, 1.00, 0, 0],
	[1.00, 0, 0, 1.00, 0, 0],
	[1.00, 0, 0, 1.00, 0, 0],
	[1.00, 1.00, 0, 1.00, 7.00, 4.50],
	[1.00, 1.00, 0, 1.00, 7.00, 4.50],
	[1.00, 1.00, 0, 1.00, 7.00, 4.50],
	[1.00, 1.00, 0, 1.00, 7.00, 4.50],
	[1.00, 1.00, 2.25, 1.00, 11.00, 7.00],
	[1.00, 1.00, 2.25, 1.00, 11.00, 7.00],
	[1.00, 1.00, 2.25, 1.00, 11.00, 7.00],
	[1.00, 1.00, 2.25, 1.00, 11.00, 7.00],
	[1.25, 1.00, 2.50, 1.50, 12.75, 7.75],
	[1.25, 1.00, 2.50, 1.50, 12.75, 7.75],
	[1.25, 1.00, 2.50, 1.50, 12.75, 7.75],
	[1.25, 1.00, 2.50, 1.50, 12.75, 7.75],
	[1.25, 1.00, 2.75, 1.50, 13.50, 8.25],
	[1.25, 1.00, 2.75, 1.50, 13.50, 8.25],
	[1.25, 1.00, 2.75, 1.50, 13.50, 8.25],
	[1.25, 1.00, 2.75, 1.50, 13.50, 8.25],
	[1.25, 1.00, 2.75, 1.50, 14.00, 8.25],
	[1.25, 1.00, 2.75, 1.50, 14.00, 8.25],
	[1.25, 1.00, 2.75, 1.50, 14.00, 8.25],
	[1.25, 1.00, 2.75, 1.50, 14.00, 8.25],
	[1.25, 1.00, 2.75, 1.50, 13.50, 8.25],
	[1.25, 1.00, 2.75, 1.50, 13.50, 8.25],
	[1.25, 1.00, 2.75, 1.50, 13.50, 8.25],
	[1.25, 1.00, 2.75, 1.50, 13.50, 8.25],
	[1.00, 1.00, 2.25, 1.00, 0, 0],
	[1.00, 1.00, 2.25, 1.00, 0, 0],
	[1.00, 1.00, 2.25, 1.00, 0, 0],
	[1.00, 1.00, 2.25, 1.00, 0, 0],
	[1.00, 0, 0, 1.00, 0, 0],
	[1.00, 0, 0, 1.00, 0, 0],
	[1.00, 0, 0, 1.00, 0, 0],
	[1.00, 0, 0, 1.00, 0, 0],
	[1.25, 0, 0, 1.50, 0, 0],
	[1.25, 0, 0, 1.50, 0, 0],
	[1.25, 0, 0, 1.50, 0, 0],
	[1.25, 0, 0, 1.50, 0, 0],
	[1.00, 0, 0, 1.00, 0, 0],
	[1.00, 0, 0, 1.00, 0, 0],
	[1.00, 0, 0, 1.00, 0, 0],
	[1.00, 0, 0, 1.00, 0, 0],
	[0, 0, 0, 0, 0, 0],
	[0, 0, 0, 0, 0, 0],
	[0, 0, 0, 0, 0, 0],
	[0, 0, 0, 0, 0, 0],
	[0, 0, 0, 0, 0, 0],
	[0, 0, 0, 0, 0, 0],
	[0, 0, 0, 0, 0, 0],
	[0, 0, 0, 0, 0, 0],
	[0, 0, 0, 0, 0, 0],
	[0, 0, 0, 0, 0, 0],
	[0, 0, 0, 0, 0, 0],
	[0, 0, 0, 0, 0, 0],
	[0, 0, 0, 0, 0, 0],
	[0, 0, 0, 0, 0, 0],
	[0, 0, 0, 0, 0, 0],
	[0, 0, 0, 0, 0, 0] ]
overcost [
	[0, 0, 0, 0, 0, 0],
	[0, 0, 0, 0, 0, 0],
	[0, 0, 0, 0, 0, 0],
	[0, 0, 0, 0, 0, 0],
	[0, 0, 0, 0, 0, 0],
	[0, 0, 0, 0, 0, 0],
	[0, 0, 0, 0, 0, 0],
	[0, 0, 0, 0, 0, 0],
	[0, 0, 0, 0, 0, 0],
	[0, 0, 0, 0, 0, 0],
	[0, 0, 0, 0, 0, 0],
	[0, 0, 0, 0, 0, 0],
	[0, 0, 0, 0, 0, 0],
	[0, 0, 0, 0, 0, 0],
	[0, 0, 0, 0, 0, 0],
	[0, 0, 0, 0, 0, 0],
	[0, 0, 0, 0, 0, 0],
	[0, 0, 0, 0, 0, 0],
	[0, 0, 0, 0, 0, 0],
	[0, 0, 0, 0, 0, 0],
	[0, 0, 0, 0, 0, 0],
	[0, 0, 0, 0, 0, 0],
	[0, 0, 0, 0, 0, 0],
	[0, 0, 0, 0, 0, 0],
	[0, 0, 0, 0, 0, 0],
	[0, 0, 0, 0, 0, 0],
	[0, 0, 0, 0, 0, 0],
	[0, 0, 0, 0, 0, 0],
	[0, 0, 0, 0, 0, 0],
	[0, 0, 0, 0, 0, 0],
	[0, 0, 0, 0, 0, 0],
	[0, 0, 0, 0, 0, 0],
	[0, 9.668987e+00, 0, 0, 0, 0],
	[0, 9.668987e+00, 0, 0, 0, 0],
	[0, 9.668987e+00, 0, 0, 0, 0],
	[0, 9.668987e+00, 0, 0, 0, 0],
	[9.359814e+00, 0, 0, 9.802851e+00, 0, 0],
	[9.359814e+00, 0, 0, 9.802851e+00, 0, 0],
	[9.359814e+00, 0, 0, 9.802851e+00, 0, 0],
	[9.359814e+00, 0, 0, 9.802851e+00, 0, 0],
	[9.330978e+00, 9.533242e+00, 0, 8.856336e+00, 4.235595e-01, 5.702386e-01],
	[9.330978e+00, 9.533242e+00, 0, 8.856336e+00, 4.235595e-01, 5.702386e-01],
	[9.330978e+00, 9.533242e+00, 0, 8.856336e+00, 4.235595e-01, 5.702386e-01],
	[9.330978e+00, 9.533242e+00, 0, 8.856336e+00, 4.235595e-01, 5.702386e-01],
	[3.666599e+00, 7.889267e+00, 1.509263e+00, 2.754029e+00, 2.628817e-01, 5.016001e-01],
	[3.666599e+00, 7.889267e+00, 1.509263e+00, 2.754029e+00, 2.628817e-01, 5.016001e-01],
	[3.666599e+00, 7.889267e+00, 1.509263e+00, 2.754029e+00, 2.628817e-01, 5.016001e-01],
	[3.666599e+00, 7.889267e+00, 1.509263e+00, 2.754029e+00, 2.628817e-01, 5.016001e-01],
	[2.210130e+00, 5.333801e+00, 1.165545e+00, 2.130812e+00, 1.985865e-01, 4.025868e-01],
	[2.210130e+00, 5.333801e+00, 1.165545e+00, 2.130812e+00, 1.985865e-01, 4.025868e-01],
	[2.210130e+00, 5.333801e+00, 1.165545e+00, 2.130812e+00, 1.985865e-01, 4.025868e-01],
	[2.210130e+00, 5.333801e+00, 1.165545e+00, 2.130812e+00, 1.985865e-01, 4.025868e-01],
	[1.578367e+00, 4.716811e+00, 1.325784e+00, 1.489830e+00, 1.816900e-01, 4.359589e-01],
	[1.578367e+00, 4.716811e+00, 1.325784e+00, 1.489830e+00, 1.816900e-01, 4.359589e-01],
	[1.578367e+00, 4.716811e+00, 1.325784e+00, 1.489830e+00, 1.816900e-01, 4.359589e-01],
	[1.578367e+00, 4.716811e+00, 1.325784e+00, 1.489830e+00, 1.816900e-01, 4.359589e-01],
	[1.500597e+00, 4.688754e+00, 1.188611e+00, 1.409352e+00, 2.678412e-01, 3.128856e-01],
	[1.500597e+00, 4.688754e+00, 1.188611e+00, 1.409352e+00, 2.678412e-01, 3.128856e-01],
	[1.500597e+00, 4.688754e+00, 1.188611e+00, 1.409352e+00, 2.678412e-01, 3.128856e-01],
	[1.500597e+00, 4.688754e+00, 1.188611e+00, 1.409352e+00, 2.678412e-01, 3.128856e-01],
	[2.338209e+00, 5.743531e+00, 1.337793e+00, 2.207917e+00, 2.100978e-01, 3.797023e-01],
	[2.338209e+00, 5.743531e+00, 1.337793e+00, 2.207917e+00, 2.100978e-01, 3.797023e-01],
	[2.338209e+00, 5.743531e+00, 1.337793e+00, 2.207917e+00, 2.100978e-01, 3.797023e-01],
	[2.338209e+00, 5.743531e+00, 1.337793e+00, 2.207917e+00, 2.100978e-01, 3.797023e-01],
	[4.129508e+00, 8.735689e+00, 1.382199e+00, 3.223532e+00, 0, 0],
	[4.129508e+00, 8.735689e+00, 1.382199e+00, 3.223532e+00, 0, 0],
	[4.129508e+00, 8.735689e+00, 1.382199e+00, 3.223532e+00, 0, 0],
	[4.129508e+00, 8.735689e+00, 1.382199e+00, 3.223532e+00, 0, 0],
	[3.098501e+00, 0, 0, 2.092191e+00, 0, 0],
	[3.098501e+00, 0, 0, 2.092191e+00, 0, 0],
	[3.098501e+00, 0, 0, 2.092191e+00, 0, 0],
	[3.098501e+00, 0, 0, 2.092191e+00, 0, 0],
	[1.919987e+00, 0, 0, 1.740481e+00, 0, 0],
	[1.919987e+00, 0, 0, 1.740481e+00, 0, 0],
	[1.919987e+00, 0, 0, 1.740481e+00, 0, 0],
	[1.919987e+00, 0, 0, 1.740481e+00, 0, 0],
	[3.404947e+00, 0, 0, 2.242731e+00, 0, 0],
	[3.404947e+00, 0, 0, 2.242731e+00, 0, 0],
	[3.404947e+00, 0, 0, 2.242731e+00, 0, 0],
	[3.404947e+00, 0, 0, 2.242731e+00, 0, 0],
	[0, 0, 0, 0, 0, 0],
	[0, 0, 0, 0, 0, 0],
	[0, 0, 0, 0, 0, 0],
	[0, 0, 0, 0, 0, 0],
	[0, 0, 0, 0, 0, 0],
	[0, 0, 0, 0, 0, 0],
	[0, 0, 0, 0, 0, 0],
	[0, 0, 0, 0, 0, 0],
	[0, 0, 0, 0, 0, 0],
	[0, 0, 0, 0, 0, 0],
	[0, 0, 0, 0, 0, 0],
	[0, 0, 0, 0, 0, 0],
	[0, 0, 0, 0, 0, 0],
	[0, 0, 0, 0, 0, 0],
	[0, 0, 0, 0, 0, 0],
	[0, 0, 0, 0, 0, 0] ]
undercost [
	[0, 0, 0, 0, 0, 0],
	[0, 0, 0, 0, 0, 0],
	[0, 0, 0, 0, 0, 0],
	[0, 0, 0, 0, 0, 0],
	[0, 0, 0, 0, 0, 0],
	[0, 0, 0, 0, 0, 0],
	[0, 0, 0, 0, 0, 0],
	[0, 0, 0, 0, 0, 0],
	[0, 0, 0, 0, 0, 0],
	[0, 0, 0, 0, 0, 0],
	[0, 0, 0, 0, 0, 0],
	[0, 0, 0, 0, 0, 0],
	[0, 0, 0, 0, 0, 0],
	[0, 0, 0, 0, 0, 0],
	[0, 0, 0, 0, 0, 0],
	[0, 0, 0, 0, 0, 0],
	[0, 0, 0, 0, 0, 0],
	[0, 0, 0, 0, 0, 0],
	[0, 0, 0, 0, 0, 0],
	[0, 0, 0, 0, 0, 0],
	[0, 0, 0, 0, 0, 0],
	[0, 0, 0, 0, 0, 0],
	[0, 0, 0, 0, 0, 0],
	[0, 0, 0, 0, 0, 0],
	[0, 0, 0, 0, 0, 0],
	[0, 0, 0, 0, 0, 0],
	[0, 0, 0, 0, 0, 0],
	[0, 0, 0, 0, 0, 0],
	[0, 0, 0, 0, 0, 0],
	[0, 0, 0, 0, 0, 0],
	[0, 0, 0, 0, 0, 0],
	[0, 0, 0, 0, 0, 0],
	[0, 1.000000e+06, 0, 0, 0, 0],
	[0, 1.000000e+06, 0, 0, 0, 0],
	[0, 1.000000e+06, 0, 0, 0, 0],
	[0, 1.000000e+06, 0, 0, 0, 0],
	[1.000000e+06, 0, 0, 1.000000e+06, 0, 0],
	[1.000000e+06, 0, 0, 1.000000e+06, 0, 0],
	[1.000000e+06, 0, 0, 1.000000e+06, 0, 0],
	[1.000000e+06, 0, 0, 1.000000e+06, 0, 0],
	[1.000000e+06, 1.000000e+06, 0, 1.000000e+06, 5.479266e-01, 1.017792e+00],
	[1.000000e+06, 1.000000e+06, 0, 1.000000e+06, 5.479266e-01, 1.017792e+00],
	[1.000000e+06, 1.000000e+06, 0, 1.000000e+06, 5.479266e-01, 1.017792e+00],
	[1.000000e+06, 1.000000e+06, 0, 1.000000e+06, 5.479266e-01, 1.017792e+00],
	[1.000000e+06, 1.000000e+06, 2.131712e+00, 1.000000e+06, 3.529812e-01, 4.925561e-01],
	[1.000000e+06, 1.000000e+06, 2.131712e+00, 1.000000e+06, 3.529812e-01, 4.925561e-01],
	[1.000000e+06, 1.000000e+06, 2.131712e+00, 1.000000e+06, 3.529812e-01, 4.925561e-01],
	[1.000000e+06, 1.000000e+06, 2.131712e+00, 1.000000e+06, 3.529812e-01, 4.925561e-01],
	[1.000000e+06, 1.000000e+06, 2.128595e+00, 1.000000e+06, 3.336703e-01, 4.989209e-01],
	[1.000000e+06, 1.000000e+06, 2.128595e+00, 1.000000e+06, 3.336703e-01, 4.989209e-01],
	[1.000000e+06, 1.000000e+06, 2.128595e+00, 1.000000e+06, 3.336703e-01, 4.989209e-01],
	[1.000000e+06, 1.000000e+06, 2.128595e+00, 1.000000e+06, 3.336703e-01, 4.989209e-01],
	[1.000000e+06, 1.000000e+06, 1.563513e+00, 1.000000e+06, 3.210504e-01, 4.055327e-01],
	[1.000000e+06, 1.000000e+06, 1.563513e+00, 1.000000e+06, 3.210504e-01, 4.055327e-01],
	[1.000000e+06, 1.000000e+06, 1.563513e+00, 1.000000e+06, 3.210504e-01, 4.055327e-01],
	[1.000000e+06, 1.000000e+06, 1.563513e+00, 1.000000e+06, 3.210504e-01, 4.055327e-01],
	[1.000000e+06, 1.000000e+06, 1.739523e+00, 1.000000e+06, 2.122531e-01, 5.390342e-01],
	[1.000000e+06, 1.000000e+06, 1.739523e+00, 1.000000e+06, 2.122531e-01, 5.390342e-01],
	[1.000000e+06, 1.000000e+06, 1.739523e+00, 1.000000e+06, 2.122531e-01, 5.390342e-01],
	[1.000000e+06, 1.000000e+06, 1.739523e+00, 1.000000e+06, 2.122531e-01, 5.390342e-01],
	[1.000000e+06, 1.000000e+06, 1.551393e+00, 1.000000e+06, 2.912660e-01, 4.668984e-01],
	[1.000000e+06, 1.000000e+06, 1.551393e+00, 1.000000e+06, 2.912660e-01, 4.668984e-01],
	[1.000000e+06, 1.000000e+06, 1.551393e+00, 1.000000e+06, 2.912660e-01, 4.668984e-01],
	[1.000000e+06, 1.000000e+06, 1.551393e+00, 1.000000e+06, 2.912660e-01, 4.668984e-01],
	[1.000000e+06, 1.000000e+06, 2.306589e+00, 1.000000e+06, 0, 0],
	[1.000000e+06, 1.000000e+06, 2.306589e+00, 1.000000e+06, 0, 0],
	[1.000000e+06, 1.000000e+06, 2.306589e+00, 1.000000e+06, 0, 0],
	[1.000000e+06, 1.000000e+06, 2.306589e+00, 1.000000e+06, 0, 0],
	[1.000000e+06, 0, 0, 1.000000e+06, 0, 0],
	[1.000000e+06, 0, 0, 1.000000e+06, 0, 0],
	[1.000000e+06, 0, 0, 1.000000e+06, 0, 0],
	[1.000000e+06, 0, 0, 1.000000e+06, 0, 0],
	[1.000000e+06, 0, 0, 1.000000e+06, 0, 0],
	[1.000000e+06, 0, 0, 1.000000e+06, 0, 0],
	[1.000000e+06, 0, 0, 1.000000e+06, 0, 0],
	[1.000000e+06, 0, 0, 1.000000e+06, 0, 0],
	[1.000000e+06, 0, 0, 1.000000e+06, 0, 0],
	[1.000000e+06, 0, 0, 1.000000e+06, 0, 0],
	[1.000000e+06, 0, 0, 1.000000e+06, 0, 0],
	[1.000000e+06, 0, 0, 1.000000e+06, 0, 0],
	[0, 0, 0, 0, 0, 0],
	[0, 0, 0, 0, 0, 0],
	[0, 0, 0, 0, 0, 0],
	[0, 0, 0, 0, 0, 0],
	[0, 0, 0, 0, 0, 0],
	[0, 0, 0, 0, 0, 0],
	[0, 0, 0, 0, 0, 0],
	[0, 0, 0, 0, 0, 0],
	[0, 0, 0, 0, 0, 0],
	[0, 0, 0, 0, 0, 0],
	[0, 0, 0, 0, 0, 0],
	[0, 0, 0, 0, 0, 0],
	[0, 0, 0, 0, 0, 0],
	[0, 0, 0, 0, 0, 0],
	[0, 0, 0, 0, 0, 0],
	[0, 0, 0, 0, 0, 0] ]
