758 1514 1638 1997 2337 3064 3103 3911
SHOE
ACT	8
SHIFT	96
demand [
	[0, 0, 0, 0, 0, 0, 0, 0],
	[0, 0, 0, 0, 0, 0, 0, 0],
	[0, 0, 0, 0, 0, 0, 0, 0],
	[0, 0, 0, 0, 0, 0, 0, 0],
	[0, 0, 0, 0, 0, 0, 0, 0],
	[0, 0, 0, 0, 0, 0, 0, 0],
	[0, 0, 0, 0, 0, 0, 0, 0],
	[0, 0, 0, 0, 0, 0, 0, 0],
	[0, 0, 0, 0, 0, 0, 0, 0],
	[0, 0, 0, 0, 0, 0, 0, 0],
	[0, 0, 0, 0, 0, 0, 0, 0],
	[0, 0, 0, 0, 0, 0, 0, 0],
	[0, 0, 0, 0, 0, 0, 0, 0],
	[0, 0, 0, 0, 0, 0, 0, 0],
	[0, 0, 0, 0, 0, 0, 0, 0],
	[0, 0, 0, 0, 0, 0, 0, 0],
	[0, 0, 0, 0, 0, 0, 0, 0],
	[0, 0, 0, 0, 0, 0, 0, 0],
	[0, 0, 0, 0, 0, 0, 0, 0],
	[0, 0, 0, 0, 0, 0, 0, 0],
	[0, 0, 0, 0, 0, 0, 0, 0],
	[0, 0, 0, 0, 0, 0, 0, 0],
	[0, 0, 0, 0, 0, 0, 0, 0],
	[0, 0, 0, 0, 0, 0, 0, 0],
	[0, 0, 0, 0, 0, 0, 0, 0],
	[0, 0, 0, 0, 0, 0, 0, 0],
	[0, 0, 0, 0, 0, 0, 0, 0],
	[0, 0, 0, 0, 0, 0, 0, 0],
	[0, 0, 0, 0, 0, 0, 0, 0],
	[0, 0, 0, 0, 0, 0, 0, 0],
	[0, 0, 0, 0, 0, 0, 0, 0],
	[0, 0, 0, 0, 0, 0, 0, 0],
	[0, 0, 0, 0, 0, 0, 1.00, 0],
	[0, 0, 0, 0, 0, 0, 1.00, 0],
	[0, 0, 0, 0, 0, 0, 1.00, 0],
	[0, 0, 0, 0, 0, 0, 1.00, 0],
	[0, 1.00, 0, 1.00, 1.00, 1.00, 1.00, 0],
	[0, 1.00, 0, 1.00, 1.00, 1.00, 1.00, 0],
	[0, 1.00, 0, 1.00, 1.00, 1.00, 1.00, 0],
	[0, 1.00, 0, 1.00, 1.00, 1.00, 1.00, 0],
	[0, 1.00, 0, 1.00, 1.00, 1.00, 1.25, 1.50],
	[0, 1.00, 0, 1.00, 1.00, 1.00, 1.25, 1.50],
	[0, 1.00, 0, 1.00, 1.00, 1.00, 1.25, 1.50],
	[0, 1.00, 0, 1.00, 1.00, 1.00, 1.25, 1.50],
	[2.75, 1.25, 1.00, 1.00, 1.00, 1.00, 1.75, 3.50],
	[2.75, 1.25, 1.00, 1.00, 1.00, 1.00, 1.75, 3.50],
	[2.75, 1.25, 1.00, 1.00, 1.00, 1.00, 1.75, 3.50],
	[2.75, 1.25, 1.00, 1.00, 1.00, 1.00, 1.75, 3.50],
	[3.00, 1.50, 1.00, 1.00, 1.25, 1.00, 2.00, 4.50],
	[3.00, 1.50, 1.00, 1.00, 1.25, 1.00, 2.00, 4.50],
	[3.00, 1.50, 1.00, 1.00, 1.25, 1.00, 2.00, 4.50],
	[3.00, 1.50, 1.00, 1.00, 1.25, 1.00, 2.00, 4.50],
	[3.25, 1.50, 0, 1.00, 1.25, 1.00, 0, 4.75],
	[3.25, 1.50, 0, 1.00, 1.25, 1.00, 0, 4.75],
	[3.25, 1.50, 0, 1.00, 1.25, 1.00, 0, 4.75],
	[3.25, 1.50, 0, 1.00, 1.25, 1.00, 0, 4.75],
	[3.25, 1.50, 0, 1.00, 1.25, 1.00, 2.25, 4.75],
	[3.25, 1.50, 0, 1.00, 1.25, 1.00, 2.25, 4.75],
	[3.25, 1.50, 0, 1.00, 1.25, 1.00, 2.25, 4.75],
	[3.25, 1.50, 0, 1.00, 1.25, 1.00, 2.25, 4.75],
	[3.25, 1.50, 1.00, 1.00, 1.25, 1.00, 0, 4.50],
	[3.25, 1.50, 1.00, 1.00, 1.25, 1.00, 0, 4.50],
	[3.25, 1.50, 1.00, 1.00, 1.25, 1.00, 0, 4.50],
	[3.25, 1.50, 1.00, 1.00, 1.25, 1.00, 0, 4.50],
	[0, 1.25, 0, 0, 1.00, 1.00, 2.00, 0],
	[0, 1.25, 0, 0, 1.00, 1.00, 2.00, 0],
	[0, 1.25, 0, 0, 1.00, 1.00, 2.00, 0],
	[0, 1.25, 0, 0, 1.00, 1.00, 2.00, 0],
	[0, 1.50, 1.00, 1.00, 1.25, 1.00, 0, 0],
	[0, 1.50, 1.00, 1.00, 1.25, 1.00, 0, 0],
	[0, 1.50, 1.00, 1.00, 1.25, 1.00, 0, 0],
	[0, 1.50, 1.00, 1.00, 1.25, 1.00, 0, 0],
	[0, 1.75, 1.00, 1.00, 1.50, 0, 0, 0],
	[0, 1.75, 1.00, 1.00, 1.50, 0, 0, 0],
	[0, 1.75, 1.00, 1.00, 1.50, 0, 0, 0],
	[0, 1.75, 1.00, 1.00, 1.50, 0, 0, 0],
	[0, 1.50, 0, 1.00, 1.25, 1.00, 0, 0],
	[0, 1.50, 0, 1.00, 1.25, 1.00, 0, 0],
	[0, 1.50, 0, 1.00, 1.25, 1.00, 0, 0],
	[0, 1.50, 0, 1.00, 1.25, 1.00, 0, 0],
	[0, 0, 0, 0, 0, 0, 0, 0],
	[0, 0, 0, 0, 0, 0, 0, 0],
	[0, 0, 0, 0, 0, 0, 0, 0],
	[0, 0, 0, 0, 0, 0, 0, 0],
	[0, 0, 0, 0, 0, 0, 0, 0],
	[0, 0, 0, 0, 0, 0, 0, 0],
	[0, 0, 0, 0, 0, 0, 0, 0],
	[0, 0, 0, 0, 0, 0, 0, 0],
	[0, 0, 0, 0, 0, 0, 0, 0],
	[0, 0, 0, 0, 0, 0, 0, 0],
	[0, 0, 0, 0, 0, 0, 0, 0],
	[0, 0, 0, 0, 0, 0, 0, 0],
	[0, 0, 0, 0, 0, 0, 0, 0],
	[0, 0, 0, 0, 0, 0, 0, 0],
	[0, 0, 0, 0, 0, 0, 0, 0],
	[0, 0, 0, 0, 0, 0, 0, 0] ]
overcost [
	[0, 0, 0, 0, 0, 0, 0, 0],
	[0, 0, 0, 0, 0, 0, 0, 0],
	[0, 0, 0, 0, 0, 0, 0, 0],
	[0, 0, 0, 0, 0, 0, 0, 0],
	[0, 0, 0, 0, 0, 0, 0, 0],
	[0, 0, 0, 0, 0, 0, 0, 0],
	[0, 0, 0, 0, 0, 0, 0, 0],
	[0, 0, 0, 0, 0, 0, 0, 0],
	[0, 0, 0, 0, 0, 0, 0, 0],
	[0, 0, 0, 0, 0, 0, 0, 0],
	[0, 0, 0, 0, 0, 0, 0, 0],
	[0, 0, 0, 0, 0, 0, 0, 0],
	[0, 0, 0, 0, 0, 0, 0, 0],
	[0, 0, 0, 0, 0, 0, 0, 0],
	[0, 0, 0, 0, 0, 0, 0, 0],
	[0, 0, 0, 0, 0, 0, 0, 0],
	[0, 0, 0, 0, 0, 0, 0, 0],
	[0, 0, 0, 0, 0, 0, 0, 0],
	[0, 0, 0, 0, 0, 0, 0, 0],
	[0, 0, 0, 0, 0, 0, 0, 0],
	[0, 0, 0, 0, 0, 0, 0, 0],
	[0, 0, 0, 0, 0, 0, 0, 0],
	[0, 0, 0, 0, 0, 0, 0, 0],
	[0, 0, 0, 0, 0, 0, 0, 0],
	[0, 0, 0, 0, 0, 0, 0, 0],
	[0, 0, 0, 0, 0, 0, 0, 0],
	[0, 0, 0, 0, 0, 0, 0, 0],
	[0, 0, 0, 0, 0, 0, 0, 0],
	[0, 0, 0, 0, 0, 0, 0, 0],
	[0, 0, 0, 0, 0, 0, 0, 0],
	[0, 0, 0, 0, 0, 0, 0, 0],
	[0, 0, 0, 0, 0, 0, 0, 0],
	[0, 0, 0, 0, 0, 0, 5.430297e+00, 0],
	[0, 0, 0, 0, 0, 0, 5.430297e+00, 0],
	[0, 0, 0, 0, 0, 0, 5.430297e+00, 0],
	[0, 0, 0, 0, 0, 0, 5.430297e+00, 0],
	[0, 4.809024e+00, 0, 7.690866e+00, 6.340882e+00, 1.000165e+01, 2.293749e+00, 0],
	[0, 4.809024e+00, 0, 7.690866e+00, 6.340882e+00, 1.000165e+01, 2.293749e+00, 0],
	[0, 4.809024e+00, 0, 7.690866e+00, 6.340882e+00, 1.000165e+01, 2.293749e+00, 0],
	[0, 4.809024e+00, 0, 7.690866e+00, 6.340882e+00, 1.000165e+01, 2.293749e+00, 0],
	[0, 3.262948e+00, 0, 5.938551e+00, 4.653089e+00, 8.633563e+00, 1.794271e+00, 1.387754e+00],
	[0, 3.262948e+00, 0, 5.938551e+00, 4.653089e+00, 8.633563e+00, 1.794271e+00, 1.387754e+00],
	[0, 3.262948e+00, 0, 5.938551e+00, 4.653089e+00, 8.633563e+00, 1.794271e+00, 1.387754e+00],
	[0, 3.262948e+00, 0, 5.938551e+00, 4.653089e+00, 8.633563e+00, 1.794271e+00, 1.387754e+00],
	[1.422572e+00, 1.666438e+00, 4.566789e+00, 3.396813e+00, 1.976389e+00, 5.792509e+00, 1.245283e+00, 8.292566e-01],
	[1.422572e+00, 1.666438e+00, 4.566789e+00, 3.396813e+00, 1.976389e+00, 5.792509e+00, 1.245283e+00, 8.292566e-01],
	[1.422572e+00, 1.666438e+00, 4.566789e+00, 3.396813e+00, 1.976389e+00, 5.792509e+00, 1.245283e+00, 8.292566e-01],
	[1.422572e+00, 1.666438e+00, 4.566789e+00, 3.396813e+00, 1.976389e+00, 5.792509e+00, 1.245283e+00, 8.292566e-01],
	[1.130111e+00, 1.703086e+00, 2.734742e+00, 2.352051e+00, 2.011559e+00, 4.540130e+00, 1.290646e+00, 8.058882e-01],
	[1.130111e+00, 1.703086e+00, 2.734742e+00, 2.352051e+00, 2.011559e+00, 4.540130e+00, 1.290646e+00, 8.058882e-01],
	[1.130111e+00, 1.703086e+00, 2.734742e+00, 2.352051e+00, 2.011559e+00, 4.540130e+00, 1.290646e+00, 8.058882e-01],
	[1.130111e+00, 1.703086e+00, 2.734742e+00, 2.352051e+00, 2.011559e+00, 4.540130e+00, 1.290646e+00, 8.058882e-01],
	[1.231346e+00, 1.375884e+00, 0, 1.958520e+00, 1.632004e+00, 4.142607e+00, 0, 6.125787e-01],
	[1.231346e+00, 1.375884e+00, 0, 1.958520e+00, 1.632004e+00, 4.142607e+00, 0, 6.125787e-01],
	[1.231346e+00, 1.375884e+00, 0, 1.958520e+00, 1.632004e+00, 4.142607e+00, 0, 6.125787e-01],
	[1.231346e+00, 1.375884e+00, 0, 1.958520e+00, 1.632004e+00, 4.142607e+00, 0, 6.125787e-01],
	[1.100606e+00, 1.283306e+00, 0, 1.866332e+00, 1.533021e+00, 4.074084e+00, 1.452807e+00, 5.189077e-01],
	[1.100606e+00, 1.283306e+00, 0, 1.866332e+00, 1.533021e+00, 4.074084e+00, 1.452807e+00, 5.189077e-01],
	[1.100606e+00, 1.283306e+00, 0, 1.866332e+00, 1.533021e+00, 4.074084e+00, 1.452807e+00, 5.189077e-01],
	[1.100606e+00, 1.283306e+00, 0, 1.866332e+00, 1.533021e+00, 4.074084e+00, 1.452807e+00, 5.189077e-01],
	[1.188701e+00, 1.396592e+00, 2.837356e+00, 2.176866e+00, 1.720089e+00, 4.536843e+00, 0, 6.141080e-01],
	[1.188701e+00, 1.396592e+00, 2.837356e+00, 2.176866e+00, 1.720089e+00, 4.536843e+00, 0, 6.141080e-01],
	[1.188701e+00, 1.396592e+00, 2.837356e+00, 2.176866e+00, 1.720089e+00, 4.536843e+00, 0, 6.141080e-01],
	[1.188701e+00, 1.396592e+00, 2.837356e+00, 2.176866e+00, 1.720089e+00, 4.536843e+00, 0, 6.141080e-01],
	[0, 1.615494e+00, 0, 0, 1.959787e+00, 5.971353e+00, 1.688825e+00, 0],
	[0, 1.615494e+00, 0, 0, 1.959787e+00, 5.971353e+00, 1.688825e+00, 0],
	[0, 1.615494e+00, 0, 0, 1.959787e+00, 5.971353e+00, 1.688825e+00, 0],
	[0, 1.615494e+00, 0, 0, 1.959787e+00, 5.971353e+00, 1.688825e+00, 0],
	[0, 1.902904e+00, 4.119980e+00, 2.933524e+00, 2.350272e+00, 5.422073e+00, 0, 0],
	[0, 1.902904e+00, 4.119980e+00, 2.933524e+00, 2.350272e+00, 5.422073e+00, 0, 0],
	[0, 1.902904e+00, 4.119980e+00, 2.933524e+00, 2.350272e+00, 5.422073e+00, 0, 0],
	[0, 1.902904e+00, 4.119980e+00, 2.933524e+00, 2.350272e+00, 5.422073e+00, 0, 0],
	[0, 1.689354e+00, 2.477103e+00, 1.838010e+00, 2.130936e+00, 0, 0, 0],
	[0, 1.689354e+00, 2.477103e+00, 1.838010e+00, 2.130936e+00, 0, 0, 0],
	[0, 1.689354e+00, 2.477103e+00, 1.838010e+00, 2.130936e+00, 0, 0, 0],
	[0, 1.689354e+00, 2.477103e+00, 1.838010e+00, 2.130936e+00, 0, 0, 0],
	[0, 1.266629e+00, 0, 2.626381e+00, 1.747976e+00, 5.463026e+00, 0, 0],
	[0, 1.266629e+00, 0, 2.626381e+00, 1.747976e+00, 5.463026e+00, 0, 0],
	[0, 1.266629e+00, 0, 2.626381e+00, 1.747976e+00, 5.463026e+00, 0, 0],
	[0, 1.266629e+00, 0, 2.626381e+00, 1.747976e+00, 5.463026e+00, 0, 0],
	[0, 0, 0, 0, 0, 0, 0, 0],
	[0, 0, 0, 0, 0, 0, 0, 0],
	[0, 0, 0, 0, 0, 0, 0, 0],
	[0, 0, 0, 0, 0, 0, 0, 0],
	[0, 0, 0, 0, 0, 0, 0, 0],
	[0, 0, 0, 0, 0, 0, 0, 0],
	[0, 0, 0, 0, 0, 0, 0, 0],
	[0, 0, 0, 0, 0, 0, 0, 0],
	[0, 0, 0, 0, 0, 0, 0, 0],
	[0, 0, 0, 0, 0, 0, 0, 0],
	[0, 0, 0, 0, 0, 0, 0, 0],
	[0, 0, 0, 0, 0, 0, 0, 0],
	[0, 0, 0, 0, 0, 0, 0, 0],
	[0, 0, 0, 0, 0, 0, 0, 0],
	[0, 0, 0, 0, 0, 0, 0, 0],
	[0, 0, 0, 0, 0, 0, 0, 0] ]
undercost [
	[0, 0, 0, 0, 0, 0, 0, 0],
	[0, 0, 0, 0, 0, 0, 0, 0],
	[0, 0, 0, 0, 0, 0, 0, 0],
	[0, 0, 0, 0, 0, 0, 0, 0],
	[0, 0, 0, 0, 0, 0, 0, 0],
	[0, 0, 0, 0, 0, 0, 0, 0],
	[0, 0, 0, 0, 0, 0, 0, 0],
	[0, 0, 0, 0, 0, 0, 0, 0],
	[0, 0, 0, 0, 0, 0, 0, 0],
	[0, 0, 0, 0, 0, 0, 0, 0],
	[0, 0, 0, 0, 0, 0, 0, 0],
	[0, 0, 0, 0, 0, 0, 0, 0],
	[0, 0, 0, 0, 0, 0, 0, 0],
	[0, 0, 0, 0, 0, 0, 0, 0],
	[0, 0, 0, 0, 0, 0, 0, 0],
	[0, 0, 0, 0, 0, 0, 0, 0],
	[0, 0, 0, 0, 0, 0, 0, 0],
	[0, 0, 0, 0, 0, 0, 0, 0],
	[0, 0, 0, 0, 0, 0, 0, 0],
	[0, 0, 0, 0, 0, 0, 0, 0],
	[0, 0, 0, 0, 0, 0, 0, 0],
	[0, 0, 0, 0, 0, 0, 0, 0],
	[0, 0, 0, 0, 0, 0, 0, 0],
	[0, 0, 0, 0, 0, 0, 0, 0],
	[0, 0, 0, 0, 0, 0, 0, 0],
	[0, 0, 0, 0, 0, 0, 0, 0],
	[0, 0, 0, 0, 0, 0, 0, 0],
	[0, 0, 0, 0, 0, 0, 0, 0],
	[0, 0, 0, 0, 0, 0, 0, 0],
	[0, 0, 0, 0, 0, 0, 0, 0],
	[0, 0, 0, 0, 0, 0, 0, 0],
	[0, 0, 0, 0, 0, 0, 0, 0],
	[0, 0, 0, 0, 0, 0, 1.000000e+06, 0],
	[0, 0, 0, 0, 0, 0, 1.000000e+06, 0],
	[0, 0, 0, 0, 0, 0, 1.000000e+06, 0],
	[0, 0, 0, 0, 0, 0, 1.000000e+06, 0],
	[0, 1.000000e+06, 0, 1.000000e+06, 1.000000e+06, 1.000000e+06, 1.000000e+06, 0],
	[0, 1.000000e+06, 0, 1.000000e+06, 1.000000e+06, 1.000000e+06, 1.000000e+06, 0],
	[0, 1.000000e+06, 0, 1.000000e+06, 1.000000e+06, 1.000000e+06, 1.000000e+06, 0],
	[0, 1.000000e+06, 0, 1.000000e+06, 1.000000e+06, 1.000000e+06, 1.000000e+06, 0],
	[0, 1.000000e+06, 0, 1.000000e+06, 1.000000e+06, 1.000000e+06, 1.000000e+06, 1.000000e+06],
	[0, 1.000000e+06, 0, 1.000000e+06, 1.000000e+06, 1.000000e+06, 1.000000e+06, 1.000000e+06],
	[0, 1.000000e+06, 0, 1.000000e+06, 1.000000e+06, 1.000000e+06, 1.000000e+06, 1.000000e+06],
	[0, 1.000000e+06, 0, 1.000000e+06, 1.000000e+06, 1.000000e+06, 1.000000e+06, 1.000000e+06],
	[1.378765e+00, 1.000000e+06, 1.000000e+06, 1.000000e+06, 1.000000e+06, 1.000000e+06, 1.000000e+06, 1.200077e+00],
	[1.378765e+00, 1.000000e+06, 1.000000e+06, 1.000000e+06, 1.000000e+06, 1.000000e+06, 1.000000e+06, 1.200077e+00],
	[1.378765e+00, 1.000000e+06, 1.000000e+06, 1.000000e+06, 1.000000e+06, 1.000000e+06, 1.000000e+06, 1.200077e+00],
	[1.378765e+00, 1.000000e+06, 1.000000e+06, 1.000000e+06, 1.000000e+06, 1.000000e+06, 1.000000e+06, 1.200077e+00],
	[1.467097e+00, 1.000000e+06, 1.000000e+06, 1.000000e+06, 1.000000e+06, 1.000000e+06, 2.574507e+00, 7.283808e-01],
	[1.467097e+00, 1.000000e+06, 1.000000e+06, 1.000000e+06, 1.000000e+06, 1.000000e+06, 2.574507e+00, 7.283808e-01],
	[1.467097e+00, 1.000000e+06, 1.000000e+06, 1.000000e+06, 1.000000e+06, 1.000000e+06, 2.574507e+00, 7.283808e-01],
	[1.467097e+00, 1.000000e+06, 1.000000e+06, 1.000000e+06, 1.000000e+06, 1.000000e+06, 2.574507e+00, 7.283808e-01],
	[1.111701e+00, 1.000000e+06, 0, 1.000000e+06, 1.000000e+06, 1.000000e+06, 0, 8.627365e-01],
	[1.111701e+00, 1.000000e+06, 0, 1.000000e+06, 1.000000e+06, 1.000000e+06, 0, 8.627365e-01],
	[1.111701e+00, 1.000000e+06, 0, 1.000000e+06, 1.000000e+06, 1.000000e+06, 0, 8.627365e-01],
	[1.111701e+00, 1.000000e+06, 0, 1.000000e+06, 1.000000e+06, 1.000000e+06, 0, 8.627365e-01],
	[1.272811e+00, 1.000000e+06, 0, 1.000000e+06, 1.000000e+06, 1.000000e+06, 1.805316e+00, 9.706904e-01],
	[1.272811e+00, 1.000000e+06, 0, 1.000000e+06, 1.000000e+06, 1.000000e+06, 1.805316e+00, 9.706904e-01],
	[1.272811e+00, 1.000000e+06, 0, 1.000000e+06, 1.000000e+06, 1.000000e+06, 1.805316e+00, 9.706904e-01],
	[1.272811e+00, 1.000000e+06, 0, 1.000000e+06, 1.000000e+06, 1.000000e+06, 1.805316e+00, 9.706904e-01],
	[1.166700e+00, 1.000000e+06, 1.000000e+06, 1.000000e+06, 1.000000e+06, 1.000000e+06, 0, 9.520763e-01],
	[1.166700e+00, 1.000000e+06, 1.000000e+06, 1.000000e+06, 1.000000e+06, 1.000000e+06, 0, 9.520763e-01],
	[1.166700e+00, 1.000000e+06, 1.000000e+06, 1.000000e+06, 1.000000e+06, 1.000000e+06, 0, 9.520763e-01],
	[1.166700e+00, 1.000000e+06, 1.000000e+06, 1.000000e+06, 1.000000e+06, 1.000000e+06, 0, 9.520763e-01],
	[0, 1.000000e+06, 0, 0, 1.000000e+06, 1.000000e+06, 2.020956e+00, 0],
	[0, 1.000000e+06, 0, 0, 1.000000e+06, 1.000000e+06, 2.020956e+00, 0],
	[0, 1.000000e+06, 0, 0, 1.000000e+06, 1.000000e+06, 2.020956e+00, 0],
	[0, 1.000000e+06, 0, 0, 1.000000e+06, 1.000000e+06, 2.020956e+00, 0],
	[0, 1.000000e+06, 1.000000e+06, 1.000000e+06, 1.000000e+06, 1.000000e+06, 0, 0],
	[0, 1.000000e+06, 1.000000e+06, 1.000000e+06, 1.000000e+06, 1.000000e+06, 0, 0],
	[0, 1.000000e+06, 1.000000e+06, 1.000000e+06, 1.000000e+06, 1.000000e+06, 0, 0],
	[0, 1.000000e+06, 1.000000e+06, 1.000000e+06, 1.000000e+06, 1.000000e+06, 0, 0],
	[0, 1.000000e+06, 1.000000e+06, 1.000000e+06, 1.000000e+06, 0, 0, 0],
	[0, 1.000000e+06, 1.000000e+06, 1.000000e+06, 1.000000e+06, 0, 0, 0],
	[0, 1.000000e+06, 1.000000e+06, 1.000000e+06, 1.000000e+06, 0, 0, 0],
	[0, 1.000000e+06, 1.000000e+06, 1.000000e+06, 1.000000e+06, 0, 0, 0],
	[0, 1.000000e+06, 0, 1.000000e+06, 1.000000e+06, 1.000000e+06, 0, 0],
	[0, 1.000000e+06, 0, 1.000000e+06, 1.000000e+06, 1.000000e+06, 0, 0],
	[0, 1.000000e+06, 0, 1.000000e+06, 1.000000e+06, 1.000000e+06, 0, 0],
	[0, 1.000000e+06, 0, 1.000000e+06, 1.000000e+06, 1.000000e+06, 0, 0],
	[0, 0, 0, 0, 0, 0, 0, 0],
	[0, 0, 0, 0, 0, 0, 0, 0],
	[0, 0, 0, 0, 0, 0, 0, 0],
	[0, 0, 0, 0, 0, 0, 0, 0],
	[0, 0, 0, 0, 0, 0, 0, 0],
	[0, 0, 0, 0, 0, 0, 0, 0],
	[0, 0, 0, 0, 0, 0, 0, 0],
	[0, 0, 0, 0, 0, 0, 0, 0],
	[0, 0, 0, 0, 0, 0, 0, 0],
	[0, 0, 0, 0, 0, 0, 0, 0],
	[0, 0, 0, 0, 0, 0, 0, 0],
	[0, 0, 0, 0, 0, 0, 0, 0],
	[0, 0, 0, 0, 0, 0, 0, 0],
	[0, 0, 0, 0, 0, 0, 0, 0],
	[0, 0, 0, 0, 0, 0, 0, 0],
	[0, 0, 0, 0, 0, 0, 0, 0] ]
