138 185 222 1340 2559 2905 2993 3386 3794
SHOE
ACT	9
SHIFT	96
demand [
	[0, 0, 0, 0, 0, 0, 0, 0, 0],
	[0, 0, 0, 0, 0, 0, 0, 0, 0],
	[0, 0, 0, 0, 0, 0, 0, 0, 0],
	[0, 0, 0, 0, 0, 0, 0, 0, 0],
	[0, 0, 0, 0, 0, 0, 0, 0, 0],
	[0, 0, 0, 0, 0, 0, 0, 0, 0],
	[0, 0, 0, 0, 0, 0, 0, 0, 0],
	[0, 0, 0, 0, 0, 0, 0, 0, 0],
	[0, 0, 0, 0, 0, 0, 0, 0, 0],
	[0, 0, 0, 0, 0, 0, 0, 0, 0],
	[0, 0, 0, 0, 0, 0, 0, 0, 0],
	[0, 0, 0, 0, 0, 0, 0, 0, 0],
	[0, 0, 0, 0, 0, 0, 0, 0, 0],
	[0, 0, 0, 0, 0, 0, 0, 0, 0],
	[0, 0, 0, 0, 0, 0, 0, 0, 0],
	[0, 0, 0, 0, 0, 0, 0, 0, 0],
	[0, 0, 0, 0, 0, 0, 0, 0, 0],
	[0, 0, 0, 0, 0, 0, 0, 0, 0],
	[0, 0, 0, 0, 0, 0, 0, 0, 0],
	[0, 0, 0, 0, 0, 0, 0, 0, 0],
	[0, 0, 0, 0, 0, 0, 0, 0, 0],
	[0, 0, 0, 0, 0, 0, 0, 0, 0],
	[0, 0, 0, 0, 0, 0, 0, 0, 0],
	[0, 0, 0, 0, 0, 0, 0, 0, 0],
	[0, 0, 0, 0, 0, 0, 0, 0, 0],
	[0, 0, 0, 0, 0, 0, 0, 0, 0],
	[0, 0, 0, 0, 0, 0, 0, 0, 0],
	[0, 0, 0, 0, 0, 0, 0, 0, 0],
	[0, 0, 0, 0, 0, 0, 0, 0, 0],
	[0, 0, 0, 0, 0, 0, 0, 0, 0],
	[0, 0, 0, 0, 0, 0, 0, 0, 0],
	[0, 0, 0, 0, 0, 0, 0, 0, 0],
	[0, 0, 0, 0, 0, 0, 0, 0, 0],
	[0, 0, 0, 0, 0, 0, 0, 0, 0],
	[0, 0, 0, 0, 0, 0, 0, 0, 0],
	[0, 0, 0, 0, 0, 0, 0, 0, 0],
	[0, 0, 1.00, 2.00, 0, 0, 0, 1.00, 1.00],
	[0, 0, 1.00, 2.00, 0, 0, 0, 1.00, 1.00],
	[0, 0, 1.00, 2.00, 0, 0, 0, 1.00, 1.00],
	[0, 0, 1.00, 2.00, 0, 0, 0, 1.00, 1.00],
	[0, 0, 1.00, 2.25, 0, 0, 1.00, 1.00, 1.25],
	[0, 0, 1.00, 2.25, 0, 0, 1.00, 1.00, 1.25],
	[0, 0, 1.00, 2.25, 0, 0, 1.00, 1.00, 1.25],
	[0, 0, 1.00, 2.25, 0, 0, 1.00, 1.00, 1.25],
	[0, 3.50, 1.25, 3.00, 5.75, 1.50, 1.00, 1.50, 2.00],
	[0, 3.50, 1.25, 3.00, 5.75, 1.50, 1.00, 1.50, 2.00],
	[0, 3.50, 1.25, 3.00, 5.75, 1.50, 1.00, 1.50, 2.00],
	[0, 3.50, 1.25, 3.00, 5.75, 1.50, 1.00, 1.50, 2.00],
	[1.25, 3.75, 1.50, 3.25, 6.00, 1.75, 1.00, 2.50, 2.25],
	[1.25, 3.75, 1.50, 3.25, 6.00, 1.75, 1.00, 2.50, 2.25],
	[1.25, 3.75, 1.50, 3.25, 6.00, 1.75, 1.00, 2.50, 2.25],
	[1.25, 3.75, 1.50, 3.25, 6.00, 1.75, 1.00, 2.50, 2.25],
	[1.25, 3.75, 1.50, 3.50, 6.25, 1.75, 0, 2.75, 2.50],
	[1.25, 3.75, 1.50, 3.50, 6.25, 1.75, 0, 2.75, 2.50],
	[1.25, 3.75, 1.50, 3.50, 6.25, 1.75, 0, 2.75, 2.50],
	[1.25, 3.75, 1.50, 3.50, 6.25, 1.75, 0, 2.75, 2.50],
	[1.25, 4.00, 1.50, 3.50, 6.25, 1.75, 0, 2.75, 2.50],
	[1.25, 4.00, 1.50, 3.50, 6.25, 1.75, 0, 2.75, 2.50],
	[1.25, 4.00, 1.50, 3.50, 6.25, 1.75, 0, 2.75, 2.50],
	[1.25, 4.00, 1.50, 3.50, 6.25, 1.75, 0, 2.75, 2.50],
	[1.25, 4.00, 1.50, 3.50, 6.50, 1.75, 1.00, 2.25, 2.50],
	[1.25, 4.00, 1.50, 3.50, 6.50, 1.75, 1.00, 2.25, 2.50],
	[1.25, 4.00, 1.50, 3.50, 6.50, 1.75, 1.00, 2.25, 2.50],
	[1.25, 4.00, 1.50, 3.50, 6.50, 1.75, 1.00, 2.25, 2.50],
	[0, 3.75, 1.25, 3.25, 6.00, 1.75, 1.00, 1.25, 2.25],
	[0, 3.75, 1.25, 3.25, 6.00, 1.75, 1.00, 1.25, 2.25],
	[0, 3.75, 1.25, 3.25, 6.00, 1.75, 1.00, 1.25, 2.25],
	[0, 3.75, 1.25, 3.25, 6.00, 1.75, 1.00, 1.25, 2.25],
	[0, 0, 0, 3.50, 0, 0, 0, 1.75, 2.25],
	[0, 0, 0, 3.50, 0, 0, 0, 1.75, 2.25],
	[0, 0, 0, 3.50, 0, 0, 0, 1.75, 2.25],
	[0, 0, 0, 3.50, 0, 0, 0, 1.75, 2.25],
	[0, 0, 0, 3.75, 0, 0, 0, 2.50, 0],
	[0, 0, 0, 3.75, 0, 0, 0, 2.50, 0],
	[0, 0, 0, 3.75, 0, 0, 0, 2.50, 0],
	[0, 0, 0, 3.75, 0, 0, 0, 2.50, 0],
	[0, 0, 0, 4.00, 0, 0, 0, 1.50, 0],
	[0, 0, 0, 4.00, 0, 0, 0, 1.50, 0],
	[0, 0, 0, 4.00, 0, 0, 0, 1.50, 0],
	[0, 0, 0, 4.00, 0, 0, 0, 1.50, 0],
	[0, 0, 0, 0, 0, 0, 0, 0, 0],
	[0, 0, 0, 0, 0, 0, 0, 0, 0],
	[0, 0, 0, 0, 0, 0, 0, 0, 0],
	[0, 0, 0, 0, 0, 0, 0, 0, 0],
	[0, 0, 0, 0, 0, 0, 0, 0, 0],
	[0, 0, 0, 0, 0, 0, 0, 0, 0],
	[0, 0, 0, 0, 0, 0, 0, 0, 0],
	[0, 0, 0, 0, 0, 0, 0, 0, 0],
	[0, 0, 0, 0, 0, 0, 0, 0, 0],
	[0, 0, 0, 0, 0, 0, 0, 0, 0],
	[0, 0, 0, 0, 0, 0, 0, 0, 0],
	[0, 0, 0, 0, 0, 0, 0, 0, 0],
	[0, 0, 0, 0, 0, 0, 0, 0, 0],
	[0, 0, 0, 0, 0, 0, 0, 0, 0],
	[0, 0, 0, 0, 0, 0, 0, 0, 0],
	[0, 0, 0, 0, 0, 0, 0, 0, 0] ]
overcost [
	[0, 0, 0, 0, 0, 0, 0, 0, 0],
	[0, 0, 0, 0, 0, 0, 0, 0, 0],
	[0, 0, 0, 0, 0, 0, 0, 0, 0],
	[0, 0, 0, 0, 0, 0, 0, 0, 0],
	[0, 0, 0, 0, 0, 0, 0, 0, 0],
	[0, 0, 0, 0, 0, 0, 0, 0, 0],
	[0, 0, 0, 0, 0, 0, 0, 0, 0],
	[0, 0, 0, 0, 0, 0, 0, 0, 0],
	[0, 0, 0, 0, 0, 0, 0, 0, 0],
	[0, 0, 0, 0, 0, 0, 0, 0, 0],
	[0, 0, 0, 0, 0, 0, 0, 0, 0],
	[0, 0, 0, 0, 0, 0, 0, 0, 0],
	[0, 0, 0, 0, 0, 0, 0, 0, 0],
	[0, 0, 0, 0, 0, 0, 0, 0, 0],
	[0, 0, 0, 0, 0, 0, 0, 0, 0],
	[0, 0, 0, 0, 0, 0, 0, 0, 0],
	[0, 0, 0, 0, 0, 0, 0, 0, 0],
	[0, 0, 0, 0, 0, 0, 0, 0, 0],
	[0, 0, 0, 0, 0, 0, 0, 0, 0],
	[0, 0, 0, 0, 0, 0, 0, 0, 0],
	[0, 0, 0, 0, 0, 0, 0, 0, 0],
	[0, 0, 0, 0, 0, 0, 0, 0, 0],
	[0, 0, 0, 0, 0, 0, 0, 0, 0],
	[0, 0, 0, 0, 0, 0, 0, 0, 0],
	[0, 0, 0, 0, 0, 0, 0, 0, 0],
	[0, 0, 0, 0, 0, 0, 0, 0, 0],
	[0, 0, 0, 0, 0, 0, 0, 0, 0],
	[0, 0, 0, 0, 0, 0, 0, 0, 0],
	[0, 0, 0, 0, 0, 0, 0, 0, 0],
	[0, 0, 0, 0, 0, 0, 0, 0, 0],
	[0, 0, 0, 0, 0, 0, 0, 0, 0],
	[0, 0, 0, 0, 0, 0, 0, 0, 0],
	[0, 0, 0, 0, 0, 0, 0, 0, 0],
	[0, 0, 0, 0, 0, 0, 0, 0, 0],
	[0, 0, 0, 0, 0, 0, 0, 0, 0],
	[0, 0, 0, 0, 0, 0, 0, 0, 0],
	[0, 0, 5.690626e+00, 1.978580e+00, 0, 0, 0, 7.995951e+00, 3.243120e+00],
	[0, 0, 5.690626e+00, 1.978580e+00, 0, 0, 0, 7.995951e+00, 3.243120e+00],
	[0, 0, 5.690626e+00, 1.978580e+00, 0, 0, 0, 7.995951e+00, 3.243120e+00],
	[0, 0, 5.690626e+00, 1.978580e+00, 0, 0, 0, 7.995951e+00, 3.243120e+00],
	[0, 0, 3.826382e+00, 1.277000e+00, 0, 0, 8.711606e+00, 7.941019e+00, 1.941638e+00],
	[0, 0, 3.826382e+00, 1.277000e+00, 0, 0, 8.711606e+00, 7.941019e+00, 1.941638e+00],
	[0, 0, 3.826382e+00, 1.277000e+00, 0, 0, 8.711606e+00, 7.941019e+00, 1.941638e+00],
	[0, 0, 3.826382e+00, 1.277000e+00, 0, 0, 8.711606e+00, 7.941019e+00, 1.941638e+00],
	[0, 9.260988e-01, 1.915363e+00, 9.622171e-01, 4.687518e-01, 1.279341e+00, 5.614393e+00, 1.666684e+00, 1.382453e+00],
	[0, 9.260988e-01, 1.915363e+00, 9.622171e-01, 4.687518e-01, 1.279341e+00, 5.614393e+00, 1.666684e+00, 1.382453e+00],
	[0, 9.260988e-01, 1.915363e+00, 9.622171e-01, 4.687518e-01, 1.279341e+00, 5.614393e+00, 1.666684e+00, 1.382453e+00],
	[0, 9.260988e-01, 1.915363e+00, 9.622171e-01, 4.687518e-01, 1.279341e+00, 5.614393e+00, 1.666684e+00, 1.382453e+00],
	[1.787886e+00, 1.072768e+00, 1.935799e+00, 1.154765e+00, 5.313968e-01, 1.824186e+00, 4.202264e+00, 1.197192e+00, 1.218594e+00],
	[1.787886e+00, 1.072768e+00, 1.935799e+00, 1.154765e+00, 5.313968e-01, 1.824186e+00, 4.202264e+00, 1.197192e+00, 1.218594e+00],
	[1.787886e+00, 1.072768e+00, 1.935799e+00, 1.154765e+00, 5.313968e-01, 1.824186e+00, 4.202264e+00, 1.197192e+00, 1.218594e+00],
	[1.787886e+00, 1.072768e+00, 1.935799e+00, 1.154765e+00, 5.313968e-01, 1.824186e+00, 4.202264e+00, 1.197192e+00, 1.218594e+00],
	[1.526409e+00, 7.884227e-01, 1.539001e+00, 1.352806e+00, 5.308274e-01, 1.595572e+00, 0, 9.753603e-01, 1.476229e+00],
	[1.526409e+00, 7.884227e-01, 1.539001e+00, 1.352806e+00, 5.308274e-01, 1.595572e+00, 0, 9.753603e-01, 1.476229e+00],
	[1.526409e+00, 7.884227e-01, 1.539001e+00, 1.352806e+00, 5.308274e-01, 1.595572e+00, 0, 9.753603e-01, 1.476229e+00],
	[1.526409e+00, 7.884227e-01, 1.539001e+00, 1.352806e+00, 5.308274e-01, 1.595572e+00, 0, 9.753603e-01, 1.476229e+00],
	[1.428734e+00, 1.064333e+00, 1.419595e+00, 1.197377e+00, 4.070051e-01, 1.503955e+00, 0, 9.160886e-01, 1.332988e+00],
	[1.428734e+00, 1.064333e+00, 1.419595e+00, 1.197377e+00, 4.070051e-01, 1.503955e+00, 0, 9.160886e-01, 1.332988e+00],
	[1.428734e+00, 1.064333e+00, 1.419595e+00, 1.197377e+00, 4.070051e-01, 1.503955e+00, 0, 9.160886e-01, 1.332988e+00],
	[1.428734e+00, 1.064333e+00, 1.419595e+00, 1.197377e+00, 4.070051e-01, 1.503955e+00, 0, 9.160886e-01, 1.332988e+00],
	[1.441288e+00, 8.922545e-01, 1.565555e+00, 1.022529e+00, 4.602206e-01, 1.333102e+00, 4.213427e+00, 9.012530e-01, 1.438296e+00],
	[1.441288e+00, 8.922545e-01, 1.565555e+00, 1.022529e+00, 4.602206e-01, 1.333102e+00, 4.213427e+00, 9.012530e-01, 1.438296e+00],
	[1.441288e+00, 8.922545e-01, 1.565555e+00, 1.022529e+00, 4.602206e-01, 1.333102e+00, 4.213427e+00, 9.012530e-01, 1.438296e+00],
	[1.441288e+00, 8.922545e-01, 1.565555e+00, 1.022529e+00, 4.602206e-01, 1.333102e+00, 4.213427e+00, 9.012530e-01, 1.438296e+00],
	[0, 1.088657e+00, 1.839212e+00, 1.207788e+00, 4.752652e-01, 1.792576e+00, 5.798039e+00, 1.667326e+00, 1.996667e+00],
	[0, 1.088657e+00, 1.839212e+00, 1.207788e+00, 4.752652e-01, 1.792576e+00, 5.798039e+00, 1.667326e+00, 1.996667e+00],
	[0, 1.088657e+00, 1.839212e+00, 1.207788e+00, 4.752652e-01, 1.792576e+00, 5.798039e+00, 1.667326e+00, 1.996667e+00],
	[0, 1.088657e+00, 1.839212e+00, 1.207788e+00, 4.752652e-01, 1.792576e+00, 5.798039e+00, 1.667326e+00, 1.996667e+00],
	[0, 0, 0, 1.341352e+00, 0, 0, 0, 1.621031e+00, 1.418493e+00],
	[0, 0, 0, 1.341352e+00, 0, 0, 0, 1.621031e+00, 1.418493e+00],
	[0, 0, 0, 1.341352e+00, 0, 0, 0, 1.621031e+00, 1.418493e+00],
	[0, 0, 0, 1.341352e+00, 0, 0, 0, 1.621031e+00, 1.418493e+00],
	[0, 0, 0, 1.078240e+00, 0, 0, 0, 8.866002e-01, 0],
	[0, 0, 0, 1.078240e+00, 0, 0, 0, 8.866002e-01, 0],
	[0, 0, 0, 1.078240e+00, 0, 0, 0, 8.866002e-01, 0],
	[0, 0, 0, 1.078240e+00, 0, 0, 0, 8.866002e-01, 0],
	[0, 0, 0, 1.196989e+00, 0, 0, 0, 1.383536e+00, 0],
	[0, 0, 0, 1.196989e+00, 0, 0, 0, 1.383536e+00, 0],
	[0, 0, 0, 1.196989e+00, 0, 0, 0, 1.383536e+00, 0],
	[0, 0, 0, 1.196989e+00, 0, 0, 0, 1.383536e+00, 0],
	[0, 0, 0, 0, 0, 0, 0, 0, 0],
	[0, 0, 0, 0, 0, 0, 0, 0, 0],
	[0, 0, 0, 0, 0, 0, 0, 0, 0],
	[0, 0, 0, 0, 0, 0, 0, 0, 0],
	[0, 0, 0, 0, 0, 0, 0, 0, 0],
	[0, 0, 0, 0, 0, 0, 0, 0, 0],
	[0, 0, 0, 0, 0, 0, 0, 0, 0],
	[0, 0, 0, 0, 0, 0, 0, 0, 0],
	[0, 0, 0, 0, 0, 0, 0, 0, 0],
	[0, 0, 0, 0, 0, 0, 0, 0, 0],
	[0, 0, 0, 0, 0, 0, 0, 0, 0],
	[0, 0, 0, 0, 0, 0, 0, 0, 0],
	[0, 0, 0, 0, 0, 0, 0, 0, 0],
	[0, 0, 0, 0, 0, 0, 0, 0, 0],
	[0, 0, 0, 0, 0, 0, 0, 0, 0],
	[0, 0, 0, 0, 0, 0, 0, 0, 0] ]
undercost [
	[0, 0, 0, 0, 0, 0, 0, 0, 0],
	[0, 0, 0, 0, 0, 0, 0, 0, 0],
	[0, 0, 0, 0, 0, 0, 0, 0, 0],
	[0, 0, 0, 0, 0, 0, 0, 0, 0],
	[0, 0, 0, 0, 0, 0, 0, 0, 0],
	[0, 0, 0, 0, 0, 0, 0, 0, 0],
	[0, 0, 0, 0, 0, 0, 0, 0, 0],
	[0, 0, 0, 0, 0, 0, 0, 0, 0],
	[0, 0, 0, 0, 0, 0, 0, 0, 0],
	[0, 0, 0, 0, 0, 0, 0, 0, 0],
	[0, 0, 0, 0, 0, 0, 0, 0, 0],
	[0, 0, 0, 0, 0, 0, 0, 0, 0],
	[0, 0, 0, 0, 0, 0, 0, 0, 0],
	[0, 0, 0, 0, 0, 0, 0, 0, 0],
	[0, 0, 0, 0, 0, 0, 0, 0, 0],
	[0, 0, 0, 0, 0, 0, 0, 0, 0],
	[0, 0, 0, 0, 0, 0, 0, 0, 0],
	[0, 0, 0, 0, 0, 0, 0, 0, 0],
	[0, 0, 0, 0, 0, 0, 0, 0, 0],
	[0, 0, 0, 0, 0, 0, 0, 0, 0],
	[0, 0, 0, 0, 0, 0, 0, 0, 0],
	[0, 0, 0, 0, 0, 0, 0, 0, 0],
	[0, 0, 0, 0, 0, 0, 0, 0, 0],
	[0, 0, 0, 0, 0, 0, 0, 0, 0],
	[0, 0, 0, 0, 0, 0, 0, 0, 0],
	[0, 0, 0, 0, 0, 0, 0, 0, 0],
	[0, 0, 0, 0, 0, 0, 0, 0, 0],
	[0, 0, 0, 0, 0, 0, 0, 0, 0],
	[0, 0, 0, 0, 0, 0, 0, 0, 0],
	[0, 0, 0, 0, 0, 0, 0, 0, 0],
	[0, 0, 0, 0, 0, 0, 0, 0, 0],
	[0, 0, 0, 0, 0, 0, 0, 0, 0],
	[0, 0, 0, 0, 0, 0, 0, 0, 0],
	[0, 0, 0, 0, 0, 0, 0, 0, 0],
	[0, 0, 0, 0, 0, 0, 0, 0, 0],
	[0, 0, 0, 0, 0, 0, 0, 0, 0],
	[0, 0, 1.000000e+06, 2.693420e+00, 0, 0, 0, 1.000000e+06, 1.000000e+06],
	[0, 0, 1.000000e+06, 2.693420e+00, 0, 0, 0, 1.000000e+06, 1.000000e+06],
	[0, 0, 1.000000e+06, 2.693420e+00, 0, 0, 0, 1.000000e+06, 1.000000e+06],
	[0, 0, 1.000000e+06, 2.693420e+00, 0, 0, 0, 1.000000e+06, 1.000000e+06],
	[0, 0, 1.000000e+06, 2.983465e+00, 0, 0, 1.000000e+06, 1.000000e+06, 1.000000e+06],
	[0, 0, 1.000000e+06, 2.983465e+00, 0, 0, 1.000000e+06, 1.000000e+06, 1.000000e+06],
	[0, 0, 1.000000e+06, 2.983465e+00, 0, 0, 1.000000e+06, 1.000000e+06, 1.000000e+06],
	[0, 0, 1.000000e+06, 2.983465e+00, 0, 0, 1.000000e+06, 1.000000e+06, 1.000000e+06],
	[0, 1.384986e+00, 1.000000e+06, 2.124930e+00, 7.718341e-01, 1.000000e+06, 1.000000e+06, 1.000000e+06, 3.646478e+00],
	[0, 1.384986e+00, 1.000000e+06, 2.124930e+00, 7.718341e-01, 1.000000e+06, 1.000000e+06, 1.000000e+06, 3.646478e+00],
	[0, 1.384986e+00, 1.000000e+06, 2.124930e+00, 7.718341e-01, 1.000000e+06, 1.000000e+06, 1.000000e+06, 3.646478e+00],
	[0, 1.384986e+00, 1.000000e+06, 2.124930e+00, 7.718341e-01, 1.000000e+06, 1.000000e+06, 1.000000e+06, 3.646478e+00],
	[1.000000e+06, 1.033119e+00, 1.000000e+06, 1.609782e+00, 6.453297e-01, 1.000000e+06, 1.000000e+06, 1.333171e+00, 3.142644e+00],
	[1.000000e+06, 1.033119e+00, 1.000000e+06, 1.609782e+00, 6.453297e-01, 1.000000e+06, 1.000000e+06, 1.333171e+00, 3.142644e+00],
	[1.000000e+06, 1.033119e+00, 1.000000e+06, 1.609782e+00, 6.453297e-01, 1.000000e+06, 1.000000e+06, 1.333171e+00, 3.142644e+00],
	[1.000000e+06, 1.033119e+00, 1.000000e+06, 1.609782e+00, 6.453297e-01, 1.000000e+06, 1.000000e+06, 1.333171e+00, 3.142644e+00],
	[1.000000e+06, 1.372520e+00, 1.000000e+06, 1.146351e+00, 5.959976e-01, 1.000000e+06, 0, 1.340290e+00, 2.267501e+00],
	[1.000000e+06, 1.372520e+00, 1.000000e+06, 1.146351e+00, 5.959976e-01, 1.000000e+06, 0, 1.340290e+00, 2.267501e+00],
	[1.000000e+06, 1.372520e+00, 1.000000e+06, 1.146351e+00, 5.959976e-01, 1.000000e+06, 0, 1.340290e+00, 2.267501e+00],
	[1.000000e+06, 1.372520e+00, 1.000000e+06, 1.146351e+00, 5.959976e-01, 1.000000e+06, 0, 1.340290e+00, 2.267501e+00],
	[1.000000e+06, 8.970779e-01, 1.000000e+06, 1.334607e+00, 7.337404e-01, 1.000000e+06, 0, 1.416437e+00, 2.455880e+00],
	[1.000000e+06, 8.970779e-01, 1.000000e+06, 1.334607e+00, 7.337404e-01, 1.000000e+06, 0, 1.416437e+00, 2.455880e+00],
	[1.000000e+06, 8.970779e-01, 1.000000e+06, 1.334607e+00, 7.337404e-01, 1.000000e+06, 0, 1.416437e+00, 2.455880e+00],
	[1.000000e+06, 8.970779e-01, 1.000000e+06, 1.334607e+00, 7.337404e-01, 1.000000e+06, 0, 1.416437e+00, 2.455880e+00],
	[1.000000e+06, 1.102673e+00, 1.000000e+06, 1.549501e+00, 6.292544e-01, 1.000000e+06, 1.000000e+06, 2.097314e+00, 2.323526e+00],
	[1.000000e+06, 1.102673e+00, 1.000000e+06, 1.549501e+00, 6.292544e-01, 1.000000e+06, 1.000000e+06, 2.097314e+00, 2.323526e+00],
	[1.000000e+06, 1.102673e+00, 1.000000e+06, 1.549501e+00, 6.292544e-01, 1.000000e+06, 1.000000e+06, 2.097314e+00, 2.323526e+00],
	[1.000000e+06, 1.102673e+00, 1.000000e+06, 1.549501e+00, 6.292544e-01, 1.000000e+06, 1.000000e+06, 2.097314e+00, 2.323526e+00],
	[0, 1.018897e+00, 1.000000e+06, 1.551543e+00, 7.098028e-01, 1.000000e+06, 1.000000e+06, 1.000000e+06, 2.100306e+00],
	[0, 1.018897e+00, 1.000000e+06, 1.551543e+00, 7.098028e-01, 1.000000e+06, 1.000000e+06, 1.000000e+06, 2.100306e+00],
	[0, 1.018897e+00, 1.000000e+06, 1.551543e+00, 7.098028e-01, 1.000000e+06, 1.000000e+06, 1.000000e+06, 2.100306e+00],
	[0, 1.018897e+00, 1.000000e+06, 1.551543e+00, 7.098028e-01, 1.000000e+06, 1.000000e+06, 1.000000e+06, 2.100306e+00],
	[0, 0, 0, 1.166340e+00, 0, 0, 0, 1.000000e+06, 2.885139e+00],
	[0, 0, 0, 1.166340e+00, 0, 0, 0, 1.000000e+06, 2.885139e+00],
	[0, 0, 0, 1.166340e+00, 0, 0, 0, 1.000000e+06, 2.885139e+00],
	[0, 0, 0, 1.166340e+00, 0, 0, 0, 1.000000e+06, 2.885139e+00],
	[0, 0, 0, 1.292721e+00, 0, 0, 0, 1.746131e+00, 0],
	[0, 0, 0, 1.292721e+00, 0, 0, 0, 1.746131e+00, 0],
	[0, 0, 0, 1.292721e+00, 0, 0, 0, 1.746131e+00, 0],
	[0, 0, 0, 1.292721e+00, 0, 0, 0, 1.746131e+00, 0],
	[0, 0, 0, 9.933015e-01, 0, 0, 0, 1.000000e+06, 0],
	[0, 0, 0, 9.933015e-01, 0, 0, 0, 1.000000e+06, 0],
	[0, 0, 0, 9.933015e-01, 0, 0, 0, 1.000000e+06, 0],
	[0, 0, 0, 9.933015e-01, 0, 0, 0, 1.000000e+06, 0],
	[0, 0, 0, 0, 0, 0, 0, 0, 0],
	[0, 0, 0, 0, 0, 0, 0, 0, 0],
	[0, 0, 0, 0, 0, 0, 0, 0, 0],
	[0, 0, 0, 0, 0, 0, 0, 0, 0],
	[0, 0, 0, 0, 0, 0, 0, 0, 0],
	[0, 0, 0, 0, 0, 0, 0, 0, 0],
	[0, 0, 0, 0, 0, 0, 0, 0, 0],
	[0, 0, 0, 0, 0, 0, 0, 0, 0],
	[0, 0, 0, 0, 0, 0, 0, 0, 0],
	[0, 0, 0, 0, 0, 0, 0, 0, 0],
	[0, 0, 0, 0, 0, 0, 0, 0, 0],
	[0, 0, 0, 0, 0, 0, 0, 0, 0],
	[0, 0, 0, 0, 0, 0, 0, 0, 0],
	[0, 0, 0, 0, 0, 0, 0, 0, 0],
	[0, 0, 0, 0, 0, 0, 0, 0, 0],
	[0, 0, 0, 0, 0, 0, 0, 0, 0] ]
