56 297 1116 1243 1620 1746 3466
SHOE
ACT	7
SHIFT	96
demand [
	[0, 0, 0, 0, 0, 0, 0],
	[0, 0, 0, 0, 0, 0, 0],
	[0, 0, 0, 0, 0, 0, 0],
	[0, 0, 0, 0, 0, 0, 0],
	[0, 0, 0, 0, 0, 0, 0],
	[0, 0, 0, 0, 0, 0, 0],
	[0, 0, 0, 0, 0, 0, 0],
	[0, 0, 0, 0, 0, 0, 0],
	[0, 0, 0, 0, 0, 0, 0],
	[0, 0, 0, 0, 0, 0, 0],
	[0, 0, 0, 0, 0, 0, 0],
	[0, 0, 0, 0, 0, 0, 0],
	[0, 0, 0, 0, 0, 0, 0],
	[0, 0, 0, 0, 0, 0, 0],
	[0, 0, 0, 0, 0, 0, 0],
	[0, 0, 0, 0, 0, 0, 0],
	[0, 0, 0, 0, 0, 0, 0],
	[0, 0, 0, 0, 0, 0, 0],
	[0, 0, 0, 0, 0, 0, 0],
	[0, 0, 0, 0, 0, 0, 0],
	[0, 0, 0, 0, 0, 0, 0],
	[0, 0, 0, 0, 0, 0, 0],
	[0, 0, 0, 0, 0, 0, 0],
	[0, 0, 0, 0, 0, 0, 0],
	[0, 0, 0, 0, 0, 0, 0],
	[0, 0, 0, 0, 0, 0, 0],
	[0, 0, 0, 0, 0, 0, 0],
	[0, 0, 0, 0, 0, 0, 0],
	[0, 0, 0, 0, 0, 0, 0],
	[0, 0, 0, 0, 0, 0, 0],
	[0, 0, 0, 0, 0, 0, 0],
	[0, 0, 0, 0, 0, 0, 0],
	[0, 0, 0, 0, 0, 0, 1.00],
	[0, 0, 0, 0, 0, 0, 1.00],
	[0, 0, 0, 0, 0, 0, 1.00],
	[0, 0, 0, 0, 0, 0, 1.00],
	[1.00, 0, 1.00, 0, 1.00, 1.00, 1.00],
	[1.00, 0, 1.00, 0, 1.00, 1.00, 1.00],
	[1.00, 0, 1.00, 0, 1.00, 1.00, 1.00],
	[1.00, 0, 1.00, 0, 1.00, 1.00, 1.00],
	[1.00, 0, 1.25, 0, 1.00, 1.00, 1.50],
	[1.00, 0, 1.25, 0, 1.00, 1.00, 1.50],
	[1.00, 0, 1.25, 0, 1.00, 1.00, 1.50],
	[1.00, 0, 1.25, 0, 1.00, 1.00, 1.50],
	[1.00, 2.50, 1.75, 1.50, 1.00, 1.25, 2.75],
	[1.00, 2.50, 1.75, 1.50, 1.00, 1.25, 2.75],
	[1.00, 2.50, 1.75, 1.50, 1.00, 1.25, 2.75],
	[1.00, 2.50, 1.75, 1.50, 1.00, 1.25, 2.75],
	[1.00, 3.00, 2.00, 1.75, 1.25, 1.25, 3.25],
	[1.00, 3.00, 2.00, 1.75, 1.25, 1.25, 3.25],
	[1.00, 3.00, 2.00, 1.75, 1.25, 1.25, 3.25],
	[1.00, 3.00, 2.00, 1.75, 1.25, 1.25, 3.25],
	[1.00, 3.25, 2.00, 1.75, 1.50, 1.50, 3.50],
	[1.00, 3.25, 2.00, 1.75, 1.50, 1.50, 3.50],
	[1.00, 3.25, 2.00, 1.75, 1.50, 1.50, 3.50],
	[1.00, 3.25, 2.00, 1.75, 1.50, 1.50, 3.50],
	[1.00, 3.25, 2.00, 2.00, 1.50, 1.50, 3.50],
	[1.00, 3.25, 2.00, 2.00, 1.50, 1.50, 3.50],
	[1.00, 3.25, 2.00, 2.00, 1.50, 1.50, 3.50],
	[1.00, 3.25, 2.00, 2.00, 1.50, 1.50, 3.50],
	[1.00, 3.25, 2.00, 1.75, 1.25, 1.50, 3.50],
	[1.00, 3.25, 2.00, 1.75, 1.25, 1.50, 3.50],
	[1.00, 3.25, 2.00, 1.75, 1.25, 1.50, 3.50],
	[1.00, 3.25, 2.00, 1.75, 1.25, 1.50, 3.50],
	[1.00, 2.50, 2.00, 1.50, 1.00, 1.25, 2.75],
	[1.00, 2.50, 2.00, 1.50, 1.00, 1.25, 2.75],
	[1.00, 2.50, 2.00, 1.50, 1.00, 1.25, 2.75],
	[1.00, 2.50, 2.00, 1.50, 1.00, 1.25, 2.75],
	[0, 0, 2.00, 1.75, 1.00, 1.25, 3.00],
	[0, 0, 2.00, 1.75, 1.00, 1.25, 3.00],
	[0, 0, 2.00, 1.75, 1.00, 1.25, 3.00],
	[0, 0, 2.00, 1.75, 1.00, 1.25, 3.00],
	[0, 0, 2.25, 2.00, 1.50, 1.50, 3.75],
	[0, 0, 2.25, 2.00, 1.50, 1.50, 3.75],
	[0, 0, 2.25, 2.00, 1.50, 1.50, 3.75],
	[0, 0, 2.25, 2.00, 1.50, 1.50, 3.75],
	[0, 0, 2.25, 2.00, 1.00, 1.50, 3.50],
	[0, 0, 2.25, 2.00, 1.00, 1.50, 3.50],
	[0, 0, 2.25, 2.00, 1.00, 1.50, 3.50],
	[0, 0, 2.25, 2.00, 1.00, 1.50, 3.50],
	[0, 0, 0, 0, 0, 1.00, 0],
	[0, 0, 0, 0, 0, 1.00, 0],
	[0, 0, 0, 0, 0, 1.00, 0],
	[0, 0, 0, 0, 0, 1.00, 0],
	[0, 0, 0, 0, 0, 0, 0],
	[0, 0, 0, 0, 0, 0, 0],
	[0, 0, 0, 0, 0, 0, 0],
	[0, 0, 0, 0, 0, 0, 0],
	[0, 0, 0, 0, 0, 0, 0],
	[0, 0, 0, 0, 0, 0, 0],
	[0, 0, 0, 0, 0, 0, 0],
	[0, 0, 0, 0, 0, 0, 0],
	[0, 0, 0, 0, 0, 0, 0],
	[0, 0, 0, 0, 0, 0, 0],
	[0, 0, 0, 0, 0, 0, 0],
	[0, 0, 0, 0, 0, 0, 0] ]
overcost [
	[0, 0, 0, 0, 0, 0, 0],
	[0, 0, 0, 0, 0, 0, 0],
	[0, 0, 0, 0, 0, 0, 0],
	[0, 0, 0, 0, 0, 0, 0],
	[0, 0, 0, 0, 0, 0, 0],
	[0, 0, 0, 0, 0, 0, 0],
	[0, 0, 0, 0, 0, 0, 0],
	[0, 0, 0, 0, 0, 0, 0],
	[0, 0, 0, 0, 0, 0, 0],
	[0, 0, 0, 0, 0, 0, 0],
	[0, 0, 0, 0, 0, 0, 0],
	[0, 0, 0, 0, 0, 0, 0],
	[0, 0, 0, 0, 0, 0, 0],
	[0, 0, 0, 0, 0, 0, 0],
	[0, 0, 0, 0, 0, 0, 0],
	[0, 0, 0, 0, 0, 0, 0],
	[0, 0, 0, 0, 0, 0, 0],
	[0, 0, 0, 0, 0, 0, 0],
	[0, 0, 0, 0, 0, 0, 0],
	[0, 0, 0, 0, 0, 0, 0],
	[0, 0, 0, 0, 0, 0, 0],
	[0, 0, 0, 0, 0, 0, 0],
	[0, 0, 0, 0, 0, 0, 0],
	[0, 0, 0, 0, 0, 0, 0],
	[0, 0, 0, 0, 0, 0, 0],
	[0, 0, 0, 0, 0, 0, 0],
	[0, 0, 0, 0, 0, 0, 0],
	[0, 0, 0, 0, 0, 0, 0],
	[0, 0, 0, 0, 0, 0, 0],
	[0, 0, 0, 0, 0, 0, 0],
	[0, 0, 0, 0, 0, 0, 0],
	[0, 0, 0, 0, 0, 0, 0],
	[0, 0, 0, 0, 0, 0, 1.030120e+01],
	[0, 0, 0, 0, 0, 0, 1.030120e+01],
	[0, 0, 0, 0, 0, 0, 1.030120e+01],
	[0, 0, 0, 0, 0, 0, 1.030120e+01],
	[9.243918e+00, 0, 2.308325e+00, 0, 9.027447e+00, 4.401842e+00, 2.877436e+00],
	[9.243918e+00, 0, 2.308325e+00, 0, 9.027447e+00, 4.401842e+00, 2.877436e+00],
	[9.243918e+00, 0, 2.308325e+00, 0, 9.027447e+00, 4.401842e+00, 2.877436e+00],
	[9.243918e+00, 0, 2.308325e+00, 0, 9.027447e+00, 4.401842e+00, 2.877436e+00],
	[7.995319e+00, 0, 1.792206e+00, 0, 6.503956e+00, 3.214019e+00, 1.499959e+00],
	[7.995319e+00, 0, 1.792206e+00, 0, 6.503956e+00, 3.214019e+00, 1.499959e+00],
	[7.995319e+00, 0, 1.792206e+00, 0, 6.503956e+00, 3.214019e+00, 1.499959e+00],
	[7.995319e+00, 0, 1.792206e+00, 0, 6.503956e+00, 3.214019e+00, 1.499959e+00],
	[6.245884e+00, 8.661160e-01, 1.229292e+00, 1.321709e+00, 2.408304e+00, 2.096440e+00, 9.412267e-01],
	[6.245884e+00, 8.661160e-01, 1.229292e+00, 1.321709e+00, 2.408304e+00, 2.096440e+00, 9.412267e-01],
	[6.245884e+00, 8.661160e-01, 1.229292e+00, 1.321709e+00, 2.408304e+00, 2.096440e+00, 9.412267e-01],
	[6.245884e+00, 8.661160e-01, 1.229292e+00, 1.321709e+00, 2.408304e+00, 2.096440e+00, 9.412267e-01],
	[5.553985e+00, 8.244217e-01, 1.489411e+00, 1.294005e+00, 1.592524e+00, 1.571682e+00, 8.241625e-01],
	[5.553985e+00, 8.244217e-01, 1.489411e+00, 1.294005e+00, 1.592524e+00, 1.571682e+00, 8.241625e-01],
	[5.553985e+00, 8.244217e-01, 1.489411e+00, 1.294005e+00, 1.592524e+00, 1.571682e+00, 8.241625e-01],
	[5.553985e+00, 8.244217e-01, 1.489411e+00, 1.294005e+00, 1.592524e+00, 1.571682e+00, 8.241625e-01],
	[5.289785e+00, 8.559525e-01, 1.204197e+00, 9.721845e-01, 1.827320e+00, 2.030410e+00, 8.131806e-01],
	[5.289785e+00, 8.559525e-01, 1.204197e+00, 9.721845e-01, 1.827320e+00, 2.030410e+00, 8.131806e-01],
	[5.289785e+00, 8.559525e-01, 1.204197e+00, 9.721845e-01, 1.827320e+00, 2.030410e+00, 8.131806e-01],
	[5.289785e+00, 8.559525e-01, 1.204197e+00, 9.721845e-01, 1.827320e+00, 2.030410e+00, 8.131806e-01],
	[5.241967e+00, 7.458687e-01, 1.098798e+00, 1.457687e+00, 1.753243e+00, 1.933522e+00, 7.050362e-01],
	[5.241967e+00, 7.458687e-01, 1.098798e+00, 1.457687e+00, 1.753243e+00, 1.933522e+00, 7.050362e-01],
	[5.241967e+00, 7.458687e-01, 1.098798e+00, 1.457687e+00, 1.753243e+00, 1.933522e+00, 7.050362e-01],
	[5.241967e+00, 7.458687e-01, 1.098798e+00, 1.457687e+00, 1.753243e+00, 1.933522e+00, 7.050362e-01],
	[5.459542e+00, 9.554541e-01, 1.030283e+00, 9.887114e-01, 1.550085e+00, 1.955794e+00, 9.447092e-01],
	[5.459542e+00, 9.554541e-01, 1.030283e+00, 9.887114e-01, 1.550085e+00, 1.955794e+00, 9.447092e-01],
	[5.459542e+00, 9.554541e-01, 1.030283e+00, 9.887114e-01, 1.550085e+00, 1.955794e+00, 9.447092e-01],
	[5.459542e+00, 9.554541e-01, 1.030283e+00, 9.887114e-01, 1.550085e+00, 1.955794e+00, 9.447092e-01],
	[6.317370e+00, 8.327104e-01, 1.716574e+00, 1.282360e+00, 2.666498e+00, 1.974493e+00, 9.510077e-01],
	[6.317370e+00, 8.327104e-01, 1.716574e+00, 1.282360e+00, 2.666498e+00, 1.974493e+00, 9.510077e-01],
	[6.317370e+00, 8.327104e-01, 1.716574e+00, 1.282360e+00, 2.666498e+00, 1.974493e+00, 9.510077e-01],
	[6.317370e+00, 8.327104e-01, 1.716574e+00, 1.282360e+00, 2.666498e+00, 1.974493e+00, 9.510077e-01],
	[0, 0, 1.346293e+00, 1.466420e+00, 1.849692e+00, 1.612803e+00, 7.973255e-01],
	[0, 0, 1.346293e+00, 1.466420e+00, 1.849692e+00, 1.612803e+00, 7.973255e-01],
	[0, 0, 1.346293e+00, 1.466420e+00, 1.849692e+00, 1.612803e+00, 7.973255e-01],
	[0, 0, 1.346293e+00, 1.466420e+00, 1.849692e+00, 1.612803e+00, 7.973255e-01],
	[0, 0, 1.216226e+00, 1.180394e+00, 1.880541e+00, 1.643369e+00, 8.760309e-01],
	[0, 0, 1.216226e+00, 1.180394e+00, 1.880541e+00, 1.643369e+00, 8.760309e-01],
	[0, 0, 1.216226e+00, 1.180394e+00, 1.880541e+00, 1.643369e+00, 8.760309e-01],
	[0, 0, 1.216226e+00, 1.180394e+00, 1.880541e+00, 1.643369e+00, 8.760309e-01],
	[0, 0, 1.013697e+00, 1.360406e+00, 1.708325e+00, 1.718934e+00, 9.778154e-01],
	[0, 0, 1.013697e+00, 1.360406e+00, 1.708325e+00, 1.718934e+00, 9.778154e-01],
	[0, 0, 1.013697e+00, 1.360406e+00, 1.708325e+00, 1.718934e+00, 9.778154e-01],
	[0, 0, 1.013697e+00, 1.360406e+00, 1.708325e+00, 1.718934e+00, 9.778154e-01],
	[0, 0, 0, 0, 0, 3.432608e+00, 0],
	[0, 0, 0, 0, 0, 3.432608e+00, 0],
	[0, 0, 0, 0, 0, 3.432608e+00, 0],
	[0, 0, 0, 0, 0, 3.432608e+00, 0],
	[0, 0, 0, 0, 0, 0, 0],
	[0, 0, 0, 0, 0, 0, 0],
	[0, 0, 0, 0, 0, 0, 0],
	[0, 0, 0, 0, 0, 0, 0],
	[0, 0, 0, 0, 0, 0, 0],
	[0, 0, 0, 0, 0, 0, 0],
	[0, 0, 0, 0, 0, 0, 0],
	[0, 0, 0, 0, 0, 0, 0],
	[0, 0, 0, 0, 0, 0, 0],
	[0, 0, 0, 0, 0, 0, 0],
	[0, 0, 0, 0, 0, 0, 0],
	[0, 0, 0, 0, 0, 0, 0] ]
undercost [
	[0, 0, 0, 0, 0, 0, 0],
	[0, 0, 0, 0, 0, 0, 0],
	[0, 0, 0, 0, 0, 0, 0],
	[0, 0, 0, 0, 0, 0, 0],
	[0, 0, 0, 0, 0, 0, 0],
	[0, 0, 0, 0, 0, 0, 0],
	[0, 0, 0, 0, 0, 0, 0],
	[0, 0, 0, 0, 0, 0, 0],
	[0, 0, 0, 0, 0, 0, 0],
	[0, 0, 0, 0, 0, 0, 0],
	[0, 0, 0, 0, 0, 0, 0],
	[0, 0, 0, 0, 0, 0, 0],
	[0, 0, 0, 0, 0, 0, 0],
	[0, 0, 0, 0, 0, 0, 0],
	[0, 0, 0, 0, 0, 0, 0],
	[0, 0, 0, 0, 0, 0, 0],
	[0, 0, 0, 0, 0, 0, 0],
	[0, 0, 0, 0, 0, 0, 0],
	[0, 0, 0, 0, 0, 0, 0],
	[0, 0, 0, 0, 0, 0, 0],
	[0, 0, 0, 0, 0, 0, 0],
	[0, 0, 0, 0, 0, 0, 0],
	[0, 0, 0, 0, 0, 0, 0],
	[0, 0, 0, 0, 0, 0, 0],
	[0, 0, 0, 0, 0, 0, 0],
	[0, 0, 0, 0, 0, 0, 0],
	[0, 0, 0, 0, 0, 0, 0],
	[0, 0, 0, 0, 0, 0, 0],
	[0, 0, 0, 0, 0, 0, 0],
	[0, 0, 0, 0, 0, 0, 0],
	[0, 0, 0, 0, 0, 0, 0],
	[0, 0, 0, 0, 0, 0, 0],
	[0, 0, 0, 0, 0, 0, 1.000000e+06],
	[0, 0, 0, 0, 0, 0, 1.000000e+06],
	[0, 0, 0, 0, 0, 0, 1.000000e+06],
	[0, 0, 0, 0, 0, 0, 1.000000e+06],
	[1.000000e+06, 0, 1.000000e+06, 0, 1.000000e+06, 1.000000e+06, 1.000000e+06],
	[1.000000e+06, 0, 1.000000e+06, 0, 1.000000e+06, 1.000000e+06, 1.000000e+06],
	[1.000000e+06, 0, 1.000000e+06, 0, 1.000000e+06, 1.000000e+06, 1.000000e+06],
	[1.000000e+06, 0, 1.000000e+06, 0, 1.000000e+06, 1.000000e+06, 1.000000e+06],
	[1.000000e+06, 0, 1.000000e+06, 0, 1.000000e+06, 1.000000e+06, 1.000000e+06],
	[1.000000e+06, 0, 1.000000e+06, 0, 1.000000e+06, 1.000000e+06, 1.000000e+06],
	[1.000000e+06, 0, 1.000000e+06, 0, 1.000000e+06, 1.000000e+06, 1.000000e+06],
	[1.000000e+06, 0, 1.000000e+06, 0, 1.000000e+06, 1.000000e+06, 1.000000e+06],
	[1.000000e+06, 2.081989e+00, 1.000000e+06, 1.000000e+06, 1.000000e+06, 1.000000e+06, 1.967668e+00],
	[1.000000e+06, 2.081989e+00, 1.000000e+06, 1.000000e+06, 1.000000e+06, 1.000000e+06, 1.967668e+00],
	[1.000000e+06, 2.081989e+00, 1.000000e+06, 1.000000e+06, 1.000000e+06, 1.000000e+06, 1.967668e+00],
	[1.000000e+06, 2.081989e+00, 1.000000e+06, 1.000000e+06, 1.000000e+06, 1.000000e+06, 1.967668e+00],
	[1.000000e+06, 1.551013e+00, 2.258729e+00, 1.000000e+06, 1.000000e+06, 1.000000e+06, 1.589362e+00],
	[1.000000e+06, 1.551013e+00, 2.258729e+00, 1.000000e+06, 1.000000e+06, 1.000000e+06, 1.589362e+00],
	[1.000000e+06, 1.551013e+00, 2.258729e+00, 1.000000e+06, 1.000000e+06, 1.000000e+06, 1.589362e+00],
	[1.000000e+06, 1.551013e+00, 2.258729e+00, 1.000000e+06, 1.000000e+06, 1.000000e+06, 1.589362e+00],
	[1.000000e+06, 1.300869e+00, 2.658317e+00, 1.000000e+06, 1.000000e+06, 1.000000e+06, 1.406161e+00],
	[1.000000e+06, 1.300869e+00, 2.658317e+00, 1.000000e+06, 1.000000e+06, 1.000000e+06, 1.406161e+00],
	[1.000000e+06, 1.300869e+00, 2.658317e+00, 1.000000e+06, 1.000000e+06, 1.000000e+06, 1.406161e+00],
	[1.000000e+06, 1.300869e+00, 2.658317e+00, 1.000000e+06, 1.000000e+06, 1.000000e+06, 1.406161e+00],
	[1.000000e+06, 1.436562e+00, 2.806617e+00, 1.771735e+00, 1.000000e+06, 1.000000e+06, 1.537345e+00],
	[1.000000e+06, 1.436562e+00, 2.806617e+00, 1.771735e+00, 1.000000e+06, 1.000000e+06, 1.537345e+00],
	[1.000000e+06, 1.436562e+00, 2.806617e+00, 1.771735e+00, 1.000000e+06, 1.000000e+06, 1.537345e+00],
	[1.000000e+06, 1.436562e+00, 2.806617e+00, 1.771735e+00, 1.000000e+06, 1.000000e+06, 1.537345e+00],
	[1.000000e+06, 1.180538e+00, 2.914859e+00, 1.000000e+06, 1.000000e+06, 1.000000e+06, 1.249147e+00],
	[1.000000e+06, 1.180538e+00, 2.914859e+00, 1.000000e+06, 1.000000e+06, 1.000000e+06, 1.249147e+00],
	[1.000000e+06, 1.180538e+00, 2.914859e+00, 1.000000e+06, 1.000000e+06, 1.000000e+06, 1.249147e+00],
	[1.000000e+06, 1.180538e+00, 2.914859e+00, 1.000000e+06, 1.000000e+06, 1.000000e+06, 1.249147e+00],
	[1.000000e+06, 2.127339e+00, 1.959018e+00, 1.000000e+06, 1.000000e+06, 1.000000e+06, 1.956351e+00],
	[1.000000e+06, 2.127339e+00, 1.959018e+00, 1.000000e+06, 1.000000e+06, 1.000000e+06, 1.956351e+00],
	[1.000000e+06, 2.127339e+00, 1.959018e+00, 1.000000e+06, 1.000000e+06, 1.000000e+06, 1.956351e+00],
	[1.000000e+06, 2.127339e+00, 1.959018e+00, 1.000000e+06, 1.000000e+06, 1.000000e+06, 1.956351e+00],
	[0, 0, 2.480900e+00, 1.000000e+06, 1.000000e+06, 1.000000e+06, 1.863992e+00],
	[0, 0, 2.480900e+00, 1.000000e+06, 1.000000e+06, 1.000000e+06, 1.863992e+00],
	[0, 0, 2.480900e+00, 1.000000e+06, 1.000000e+06, 1.000000e+06, 1.863992e+00],
	[0, 0, 2.480900e+00, 1.000000e+06, 1.000000e+06, 1.000000e+06, 1.863992e+00],
	[0, 0, 2.115507e+00, 2.177044e+00, 1.000000e+06, 1.000000e+06, 1.167864e+00],
	[0, 0, 2.115507e+00, 2.177044e+00, 1.000000e+06, 1.000000e+06, 1.167864e+00],
	[0, 0, 2.115507e+00, 2.177044e+00, 1.000000e+06, 1.000000e+06, 1.167864e+00],
	[0, 0, 2.115507e+00, 2.177044e+00, 1.000000e+06, 1.000000e+06, 1.167864e+00],
	[0, 0, 2.409105e+00, 1.940479e+00, 1.000000e+06, 1.000000e+06, 1.215071e+00],
	[0, 0, 2.409105e+00, 1.940479e+00, 1.000000e+06, 1.000000e+06, 1.215071e+00],
	[0, 0, 2.409105e+00, 1.940479e+00, 1.000000e+06, 1.000000e+06, 1.215071e+00],
	[0, 0, 2.409105e+00, 1.940479e+00, 1.000000e+06, 1.000000e+06, 1.215071e+00],
	[0, 0, 0, 0, 0, 1.000000e+06, 0],
	[0, 0, 0, 0, 0, 1.000000e+06, 0],
	[0, 0, 0, 0, 0, 1.000000e+06, 0],
	[0, 0, 0, 0, 0, 1.000000e+06, 0],
	[0, 0, 0, 0, 0, 0, 0],
	[0, 0, 0, 0, 0, 0, 0],
	[0, 0, 0, 0, 0, 0, 0],
	[0, 0, 0, 0, 0, 0, 0],
	[0, 0, 0, 0, 0, 0, 0],
	[0, 0, 0, 0, 0, 0, 0],
	[0, 0, 0, 0, 0, 0, 0],
	[0, 0, 0, 0, 0, 0, 0],
	[0, 0, 0, 0, 0, 0, 0],
	[0, 0, 0, 0, 0, 0, 0],
	[0, 0, 0, 0, 0, 0, 0],
	[0, 0, 0, 0, 0, 0, 0] ]
