324 1312 1551 1610 1816 1983 2625 3560 3765 4006
SHOE
ACT	10
SHIFT	96
demand [
	[0, 0, 0, 0, 0, 0, 0, 0, 0, 0],
	[0, 0, 0, 0, 0, 0, 0, 0, 0, 0],
	[0, 0, 0, 0, 0, 0, 0, 0, 0, 0],
	[0, 0, 0, 0, 0, 0, 0, 0, 0, 0],
	[0, 0, 0, 0, 0, 0, 0, 0, 0, 0],
	[0, 0, 0, 0, 0, 0, 0, 0, 0, 0],
	[0, 0, 0, 0, 0, 0, 0, 0, 0, 0],
	[0, 0, 0, 0, 0, 0, 0, 0, 0, 0],
	[0, 0, 0, 0, 0, 0, 0, 0, 0, 0],
	[0, 0, 0, 0, 0, 0, 0, 0, 0, 0],
	[0, 0, 0, 0, 0, 0, 0, 0, 0, 0],
	[0, 0, 0, 0, 0, 0, 0, 0, 0, 0],
	[0, 0, 0, 0, 0, 0, 0, 0, 0, 0],
	[0, 0, 0, 0, 0, 0, 0, 0, 0, 0],
	[0, 0, 0, 0, 0, 0, 0, 0, 0, 0],
	[0, 0, 0, 0, 0, 0, 0, 0, 0, 0],
	[0, 0, 0, 0, 0, 0, 0, 0, 0, 0],
	[0, 0, 0, 0, 0, 0, 0, 0, 0, 0],
	[0, 0, 0, 0, 0, 0, 0, 0, 0, 0],
	[0, 0, 0, 0, 0, 0, 0, 0, 0, 0],
	[0, 0, 0, 0, 0, 0, 0, 0, 0, 0],
	[0, 0, 0, 0, 0, 0, 0, 0, 0, 0],
	[0, 0, 0, 0, 0, 0, 0, 0, 0, 0],
	[0, 0, 0, 0, 0, 0, 0, 0, 0, 0],
	[0, 0, 0, 0, 0, 0, 0, 0, 0, 0],
	[0, 0, 0, 0, 0, 0, 0, 0, 0, 0],
	[0, 0, 0, 0, 0, 0, 0, 0, 0, 0],
	[0, 0, 0, 0, 0, 0, 0, 0, 0, 0],
	[0, 0, 0, 0, 0, 0, 0, 0, 0, 0],
	[0, 0, 0, 0, 0, 0, 0, 0, 0, 0],
	[0, 0, 0, 0, 0, 0, 0, 0, 0, 0],
	[0, 0, 0, 0, 0, 0, 0, 0, 0, 0],
	[0, 1.00, 1.00, 0, 0, 0, 0, 0, 1.00, 0],
	[0, 1.00, 1.00, 0, 0, 0, 0, 0, 1.00, 0],
	[0, 1.00, 1.00, 0, 0, 0, 0, 0, 1.00, 0],
	[0, 1.00, 1.00, 0, 0, 0, 0, 0, 1.00, 0],
	[1.50, 1.00, 1.00, 1.00, 1.00, 0, 0, 1.00, 1.00, 1.00],
	[1.50, 1.00, 1.00, 1.00, 1.00, 0, 0, 1.00, 1.00, 1.00],
	[1.50, 1.00, 1.00, 1.00, 1.00, 0, 0, 1.00, 1.00, 1.00],
	[1.50, 1.00, 1.00, 1.00, 1.00, 0, 0, 1.00, 1.00, 1.00],
	[2.25, 1.00, 1.50, 1.00, 1.00, 0, 0, 1.00, 1.00, 1.00],
	[2.25, 1.00, 1.50, 1.00, 1.00, 0, 0, 1.00, 1.00, 1.00],
	[2.25, 1.00, 1.50, 1.00, 1.00, 0, 0, 1.00, 1.00, 1.00],
	[2.25, 1.00, 1.50, 1.00, 1.00, 0, 0, 1.00, 1.00, 1.00],
	[3.25, 1.50, 2.00, 1.00, 1.00, 1.00, 1.50, 1.00, 1.00, 1.00],
	[3.25, 1.50, 2.00, 1.00, 1.00, 1.00, 1.50, 1.00, 1.00, 1.00],
	[3.25, 1.50, 2.00, 1.00, 1.00, 1.00, 1.50, 1.00, 1.00, 1.00],
	[3.25, 1.50, 2.00, 1.00, 1.00, 1.00, 1.50, 1.00, 1.00, 1.00],
	[3.75, 1.75, 2.00, 1.00, 1.25, 1.00, 1.50, 1.00, 1.00, 1.50],
	[3.75, 1.75, 2.00, 1.00, 1.25, 1.00, 1.50, 1.00, 1.00, 1.50],
	[3.75, 1.75, 2.00, 1.00, 1.25, 1.00, 1.50, 1.00, 1.00, 1.50],
	[3.75, 1.75, 2.00, 1.00, 1.25, 1.00, 1.50, 1.00, 1.00, 1.50],
	[4.00, 1.75, 2.25, 1.25, 1.25, 1.00, 1.50, 1.00, 1.00, 1.75],
	[4.00, 1.75, 2.25, 1.25, 1.25, 1.00, 1.50, 1.00, 1.00, 1.75],
	[4.00, 1.75, 2.25, 1.25, 1.25, 1.00, 1.50, 1.00, 1.00, 1.75],
	[4.00, 1.75, 2.25, 1.25, 1.25, 1.00, 1.50, 1.00, 1.00, 1.75],
	[4.25, 1.75, 2.25, 1.25, 1.25, 1.00, 1.50, 1.00, 1.00, 1.75],
	[4.25, 1.75, 2.25, 1.25, 1.25, 1.00, 1.50, 1.00, 1.00, 1.75],
	[4.25, 1.75, 2.25, 1.25, 1.25, 1.00, 1.50, 1.00, 1.00, 1.75],
	[4.25, 1.75, 2.25, 1.25, 1.25, 1.00, 1.50, 1.00, 1.00, 1.75],
	[4.00, 1.75, 2.25, 1.00, 1.25, 1.00, 1.50, 1.00, 1.00, 1.25],
	[4.00, 1.75, 2.25, 1.00, 1.25, 1.00, 1.50, 1.00, 1.00, 1.25],
	[4.00, 1.75, 2.25, 1.00, 1.25, 1.00, 1.50, 1.00, 1.00, 1.25],
	[4.00, 1.75, 2.25, 1.00, 1.25, 1.00, 1.50, 1.00, 1.00, 1.25],
	[0, 1.50, 2.00, 1.00, 1.00, 1.00, 1.50, 1.00, 1.00, 1.00],
	[0, 1.50, 2.00, 1.00, 1.00, 1.00, 1.50, 1.00, 1.00, 1.00],
	[0, 1.50, 2.00, 1.00, 1.00, 1.00, 1.50, 1.00, 1.00, 1.00],
	[0, 1.50, 2.00, 1.00, 1.00, 1.00, 1.50, 1.00, 1.00, 1.00],
	[0, 1.75, 0, 1.00, 1.25, 1.00, 0, 1.00, 1.00, 1.00],
	[0, 1.75, 0, 1.00, 1.25, 1.00, 0, 1.00, 1.00, 1.00],
	[0, 1.75, 0, 1.00, 1.25, 1.00, 0, 1.00, 1.00, 1.00],
	[0, 1.75, 0, 1.00, 1.25, 1.00, 0, 1.00, 1.00, 1.00],
	[0, 2.00, 0, 1.00, 1.25, 1.00, 0, 1.00, 1.00, 1.50],
	[0, 2.00, 0, 1.00, 1.25, 1.00, 0, 1.00, 1.00, 1.50],
	[0, 2.00, 0, 1.00, 1.25, 1.00, 0, 1.00, 1.00, 1.50],
	[0, 2.00, 0, 1.00, 1.25, 1.00, 0, 1.00, 1.00, 1.50],
	[0, 2.00, 0, 1.00, 1.25, 0, 0, 1.00, 1.00, 1.00],
	[0, 2.00, 0, 1.00, 1.25, 0, 0, 1.00, 1.00, 1.00],
	[0, 2.00, 0, 1.00, 1.25, 0, 0, 1.00, 1.00, 1.00],
	[0, 2.00, 0, 1.00, 1.25, 0, 0, 1.00, 1.00, 1.00],
	[0, 0, 0, 0, 0, 0, 0, 0, 0, 0],
	[0, 0, 0, 0, 0, 0, 0, 0, 0, 0],
	[0, 0, 0, 0, 0, 0, 0, 0, 0, 0],
	[0, 0, 0, 0, 0, 0, 0, 0, 0, 0],
	[0, 0, 0, 0, 0, 0, 0, 0, 0, 0],
	[0, 0, 0, 0, 0, 0, 0, 0, 0, 0],
	[0, 0, 0, 0, 0, 0, 0, 0, 0, 0],
	[0, 0, 0, 0, 0, 0, 0, 0, 0, 0],
	[0, 0, 0, 0, 0, 0, 0, 0, 0, 0],
	[0, 0, 0, 0, 0, 0, 0, 0, 0, 0],
	[0, 0, 0, 0, 0, 0, 0, 0, 0, 0],
	[0, 0, 0, 0, 0, 0, 0, 0, 0, 0],
	[0, 0, 0, 0, 0, 0, 0, 0, 0, 0],
	[0, 0, 0, 0, 0, 0, 0, 0, 0, 0],
	[0, 0, 0, 0, 0, 0, 0, 0, 0, 0],
	[0, 0, 0, 0, 0, 0, 0, 0, 0, 0] ]
overcost [
	[0, 0, 0, 0, 0, 0, 0, 0, 0, 0],
	[0, 0, 0, 0, 0, 0, 0, 0, 0, 0],
	[0, 0, 0, 0, 0, 0, 0, 0, 0, 0],
	[0, 0, 0, 0, 0, 0, 0, 0, 0, 0],
	[0, 0, 0, 0, 0, 0, 0, 0, 0, 0],
	[0, 0, 0, 0, 0, 0, 0, 0, 0, 0],
	[0, 0, 0, 0, 0, 0, 0, 0, 0, 0],
	[0, 0, 0, 0, 0, 0, 0, 0, 0, 0],
	[0, 0, 0, 0, 0, 0, 0, 0, 0, 0],
	[0, 0, 0, 0, 0, 0, 0, 0, 0, 0],
	[0, 0, 0, 0, 0, 0, 0, 0, 0, 0],
	[0, 0, 0, 0, 0, 0, 0, 0, 0, 0],
	[0, 0, 0, 0, 0, 0, 0, 0, 0, 0],
	[0, 0, 0, 0, 0, 0, 0, 0, 0, 0],
	[0, 0, 0, 0, 0, 0, 0, 0, 0, 0],
	[0, 0, 0, 0, 0, 0, 0, 0, 0, 0],
	[0, 0, 0, 0, 0, 0, 0, 0, 0, 0],
	[0, 0, 0, 0, 0, 0, 0, 0, 0, 0],
	[0, 0, 0, 0, 0, 0, 0, 0, 0, 0],
	[0, 0, 0, 0, 0, 0, 0, 0, 0, 0],
	[0, 0, 0, 0, 0, 0, 0, 0, 0, 0],
	[0, 0, 0, 0, 0, 0, 0, 0, 0, 0],
	[0, 0, 0, 0, 0, 0, 0, 0, 0, 0],
	[0, 0, 0, 0, 0, 0, 0, 0, 0, 0],
	[0, 0, 0, 0, 0, 0, 0, 0, 0, 0],
	[0, 0, 0, 0, 0, 0, 0, 0, 0, 0],
	[0, 0, 0, 0, 0, 0, 0, 0, 0, 0],
	[0, 0, 0, 0, 0, 0, 0, 0, 0, 0],
	[0, 0, 0, 0, 0, 0, 0, 0, 0, 0],
	[0, 0, 0, 0, 0, 0, 0, 0, 0, 0],
	[0, 0, 0, 0, 0, 0, 0, 0, 0, 0],
	[0, 0, 0, 0, 0, 0, 0, 0, 0, 0],
	[0, 5.582298e+00, 5.164182e+00, 0, 0, 0, 0, 0, 1.275783e+01, 0],
	[0, 5.582298e+00, 5.164182e+00, 0, 0, 0, 0, 0, 1.275783e+01, 0],
	[0, 5.582298e+00, 5.164182e+00, 0, 0, 0, 0, 0, 1.275783e+01, 0],
	[0, 5.582298e+00, 5.164182e+00, 0, 0, 0, 0, 0, 1.275783e+01, 0],
	[1.390940e+00, 2.925219e+00, 1.862559e+00, 9.057941e+00, 5.200185e+00, 0, 0, 9.720204e+00, 1.260812e+01, 8.998117e+00],
	[1.390940e+00, 2.925219e+00, 1.862559e+00, 9.057941e+00, 5.200185e+00, 0, 0, 9.720204e+00, 1.260812e+01, 8.998117e+00],
	[1.390940e+00, 2.925219e+00, 1.862559e+00, 9.057941e+00, 5.200185e+00, 0, 0, 9.720204e+00, 1.260812e+01, 8.998117e+00],
	[1.390940e+00, 2.925219e+00, 1.862559e+00, 9.057941e+00, 5.200185e+00, 0, 0, 9.720204e+00, 1.260812e+01, 8.998117e+00],
	[1.350455e+00, 1.705241e+00, 2.204701e+00, 8.487241e+00, 3.884403e+00, 0, 0, 9.677069e+00, 9.158305e+00, 8.957141e+00],
	[1.350455e+00, 1.705241e+00, 2.204701e+00, 8.487241e+00, 3.884403e+00, 0, 0, 9.677069e+00, 9.158305e+00, 8.957141e+00],
	[1.350455e+00, 1.705241e+00, 2.204701e+00, 8.487241e+00, 3.884403e+00, 0, 0, 9.677069e+00, 9.158305e+00, 8.957141e+00],
	[1.350455e+00, 1.705241e+00, 2.204701e+00, 8.487241e+00, 3.884403e+00, 0, 0, 9.677069e+00, 9.158305e+00, 8.957141e+00],
	[6.588632e-01, 1.563409e+00, 1.546455e+00, 3.901757e+00, 1.777867e+00, 3.396813e+00, 2.046632e+00, 9.599060e+00, 4.889585e+00, 4.599097e+00],
	[6.588632e-01, 1.563409e+00, 1.546455e+00, 3.901757e+00, 1.777867e+00, 3.396813e+00, 2.046632e+00, 9.599060e+00, 4.889585e+00, 4.599097e+00],
	[6.588632e-01, 1.563409e+00, 1.546455e+00, 3.901757e+00, 1.777867e+00, 3.396813e+00, 2.046632e+00, 9.599060e+00, 4.889585e+00, 4.599097e+00],
	[6.588632e-01, 1.563409e+00, 1.546455e+00, 3.901757e+00, 1.777867e+00, 3.396813e+00, 2.046632e+00, 9.599060e+00, 4.889585e+00, 4.599097e+00],
	[6.522248e-01, 1.898625e+00, 1.170224e+00, 2.034175e+00, 1.860983e+00, 2.352051e+00, 1.657329e+00, 4.386896e+00, 3.173187e+00, 2.092454e+00],
	[6.522248e-01, 1.898625e+00, 1.170224e+00, 2.034175e+00, 1.860983e+00, 2.352051e+00, 1.657329e+00, 4.386896e+00, 3.173187e+00, 2.092454e+00],
	[6.522248e-01, 1.898625e+00, 1.170224e+00, 2.034175e+00, 1.860983e+00, 2.352051e+00, 1.657329e+00, 4.386896e+00, 3.173187e+00, 2.092454e+00],
	[6.522248e-01, 1.898625e+00, 1.170224e+00, 2.034175e+00, 1.860983e+00, 2.352051e+00, 1.657329e+00, 4.386896e+00, 3.173187e+00, 2.092454e+00],
	[6.667570e-01, 1.641573e+00, 1.490034e+00, 2.297276e+00, 1.565422e+00, 1.958520e+00, 1.401746e+00, 3.207734e+00, 2.551309e+00, 1.887196e+00],
	[6.667570e-01, 1.641573e+00, 1.490034e+00, 2.297276e+00, 1.565422e+00, 1.958520e+00, 1.401746e+00, 3.207734e+00, 2.551309e+00, 1.887196e+00],
	[6.667570e-01, 1.641573e+00, 1.490034e+00, 2.297276e+00, 1.565422e+00, 1.958520e+00, 1.401746e+00, 3.207734e+00, 2.551309e+00, 1.887196e+00],
	[6.667570e-01, 1.641573e+00, 1.490034e+00, 2.297276e+00, 1.565422e+00, 1.958520e+00, 1.401746e+00, 3.207734e+00, 2.551309e+00, 1.887196e+00],
	[8.800025e-01, 1.528678e+00, 1.382072e+00, 2.235632e+00, 1.496488e+00, 1.866332e+00, 1.294031e+00, 3.193475e+00, 2.463956e+00, 1.830094e+00],
	[8.800025e-01, 1.528678e+00, 1.382072e+00, 2.235632e+00, 1.496488e+00, 1.866332e+00, 1.294031e+00, 3.193475e+00, 2.463956e+00, 1.830094e+00],
	[8.800025e-01, 1.528678e+00, 1.382072e+00, 2.235632e+00, 1.496488e+00, 1.866332e+00, 1.294031e+00, 3.193475e+00, 2.463956e+00, 1.830094e+00],
	[8.800025e-01, 1.528678e+00, 1.382072e+00, 2.235632e+00, 1.496488e+00, 1.866332e+00, 1.294031e+00, 3.193475e+00, 2.463956e+00, 1.830094e+00],
	[6.425282e-01, 1.450462e+00, 1.299484e+00, 2.107700e+00, 1.621608e+00, 2.176866e+00, 1.246580e+00, 5.489392e+00, 3.055628e+00, 1.862851e+00],
	[6.425282e-01, 1.450462e+00, 1.299484e+00, 2.107700e+00, 1.621608e+00, 2.176866e+00, 1.246580e+00, 5.489392e+00, 3.055628e+00, 1.862851e+00],
	[6.425282e-01, 1.450462e+00, 1.299484e+00, 2.107700e+00, 1.621608e+00, 2.176866e+00, 1.246580e+00, 5.489392e+00, 3.055628e+00, 1.862851e+00],
	[6.425282e-01, 1.450462e+00, 1.299484e+00, 2.107700e+00, 1.621608e+00, 2.176866e+00, 1.246580e+00, 5.489392e+00, 3.055628e+00, 1.862851e+00],
	[0, 1.365117e+00, 1.370179e+00, 4.261112e+00, 1.777056e+00, 3.450814e+00, 1.884953e+00, 9.551173e+00, 5.148608e+00, 5.799613e+00],
	[0, 1.365117e+00, 1.370179e+00, 4.261112e+00, 1.777056e+00, 3.450814e+00, 1.884953e+00, 9.551173e+00, 5.148608e+00, 5.799613e+00],
	[0, 1.365117e+00, 1.370179e+00, 4.261112e+00, 1.777056e+00, 3.450814e+00, 1.884953e+00, 9.551173e+00, 5.148608e+00, 5.799613e+00],
	[0, 1.365117e+00, 1.370179e+00, 4.261112e+00, 1.777056e+00, 3.450814e+00, 1.884953e+00, 9.551173e+00, 5.148608e+00, 5.799613e+00],
	[0, 1.753108e+00, 0, 3.415236e+00, 2.077212e+00, 2.933524e+00, 0, 9.539868e+00, 4.270367e+00, 3.897811e+00],
	[0, 1.753108e+00, 0, 3.415236e+00, 2.077212e+00, 2.933524e+00, 0, 9.539868e+00, 4.270367e+00, 3.897811e+00],
	[0, 1.753108e+00, 0, 3.415236e+00, 2.077212e+00, 2.933524e+00, 0, 9.539868e+00, 4.270367e+00, 3.897811e+00],
	[0, 1.753108e+00, 0, 3.415236e+00, 2.077212e+00, 2.933524e+00, 0, 9.539868e+00, 4.270367e+00, 3.897811e+00],
	[0, 1.747276e+00, 0, 1.671601e+00, 1.257369e+00, 1.838010e+00, 0, 4.939950e+00, 2.451254e+00, 2.101627e+00],
	[0, 1.747276e+00, 0, 1.671601e+00, 1.257369e+00, 1.838010e+00, 0, 4.939950e+00, 2.451254e+00, 2.101627e+00],
	[0, 1.747276e+00, 0, 1.671601e+00, 1.257369e+00, 1.838010e+00, 0, 4.939950e+00, 2.451254e+00, 2.101627e+00],
	[0, 1.747276e+00, 0, 1.671601e+00, 1.257369e+00, 1.838010e+00, 0, 4.939950e+00, 2.451254e+00, 2.101627e+00],
	[0, 1.597442e+00, 0, 3.518092e+00, 1.500173e+00, 0, 0, 9.383467e+00, 3.851751e+00, 5.399386e+00],
	[0, 1.597442e+00, 0, 3.518092e+00, 1.500173e+00, 0, 0, 9.383467e+00, 3.851751e+00, 5.399386e+00],
	[0, 1.597442e+00, 0, 3.518092e+00, 1.500173e+00, 0, 0, 9.383467e+00, 3.851751e+00, 5.399386e+00],
	[0, 1.597442e+00, 0, 3.518092e+00, 1.500173e+00, 0, 0, 9.383467e+00, 3.851751e+00, 5.399386e+00],
	[0, 0, 0, 0, 0, 0, 0, 0, 0, 0],
	[0, 0, 0, 0, 0, 0, 0, 0, 0, 0],
	[0, 0, 0, 0, 0, 0, 0, 0, 0, 0],
	[0, 0, 0, 0, 0, 0, 0, 0, 0, 0],
	[0, 0, 0, 0, 0, 0, 0, 0, 0, 0],
	[0, 0, 0, 0, 0, 0, 0, 0, 0, 0],
	[0, 0, 0, 0, 0, 0, 0, 0, 0, 0],
	[0, 0, 0, 0, 0, 0, 0, 0, 0, 0],
	[0, 0, 0, 0, 0, 0, 0, 0, 0, 0],
	[0, 0, 0, 0, 0, 0, 0, 0, 0, 0],
	[0, 0, 0, 0, 0, 0, 0, 0, 0, 0],
	[0, 0, 0, 0, 0, 0, 0, 0, 0, 0],
	[0, 0, 0, 0, 0, 0, 0, 0, 0, 0],
	[0, 0, 0, 0, 0, 0, 0, 0, 0, 0],
	[0, 0, 0, 0, 0, 0, 0, 0, 0, 0],
	[0, 0, 0, 0, 0, 0, 0, 0, 0, 0] ]
undercost [
	[0, 0, 0, 0, 0, 0, 0, 0, 0, 0],
	[0, 0, 0, 0, 0, 0, 0, 0, 0, 0],
	[0, 0, 0, 0, 0, 0, 0, 0, 0, 0],
	[0, 0, 0, 0, 0, 0, 0, 0, 0, 0],
	[0, 0, 0, 0, 0, 0, 0, 0, 0, 0],
	[0, 0, 0, 0, 0, 0, 0, 0, 0, 0],
	[0, 0, 0, 0, 0, 0, 0, 0, 0, 0],
	[0, 0, 0, 0, 0, 0, 0, 0, 0, 0],
	[0, 0, 0, 0, 0, 0, 0, 0, 0, 0],
	[0, 0, 0, 0, 0, 0, 0, 0, 0, 0],
	[0, 0, 0, 0, 0, 0, 0, 0, 0, 0],
	[0, 0, 0, 0, 0, 0, 0, 0, 0, 0],
	[0, 0, 0, 0, 0, 0, 0, 0, 0, 0],
	[0, 0, 0, 0, 0, 0, 0, 0, 0, 0],
	[0, 0, 0, 0, 0, 0, 0, 0, 0, 0],
	[0, 0, 0, 0, 0, 0, 0, 0, 0, 0],
	[0, 0, 0, 0, 0, 0, 0, 0, 0, 0],
	[0, 0, 0, 0, 0, 0, 0, 0, 0, 0],
	[0, 0, 0, 0, 0, 0, 0, 0, 0, 0],
	[0, 0, 0, 0, 0, 0, 0, 0, 0, 0],
	[0, 0, 0, 0, 0, 0, 0, 0, 0, 0],
	[0, 0, 0, 0, 0, 0, 0, 0, 0, 0],
	[0, 0, 0, 0, 0, 0, 0, 0, 0, 0],
	[0, 0, 0, 0, 0, 0, 0, 0, 0, 0],
	[0, 0, 0, 0, 0, 0, 0, 0, 0, 0],
	[0, 0, 0, 0, 0, 0, 0, 0, 0, 0],
	[0, 0, 0, 0, 0, 0, 0, 0, 0, 0],
	[0, 0, 0, 0, 0, 0, 0, 0, 0, 0],
	[0, 0, 0, 0, 0, 0, 0, 0, 0, 0],
	[0, 0, 0, 0, 0, 0, 0, 0, 0, 0],
	[0, 0, 0, 0, 0, 0, 0, 0, 0, 0],
	[0, 0, 0, 0, 0, 0, 0, 0, 0, 0],
	[0, 1.000000e+06, 1.000000e+06, 0, 0, 0, 0, 0, 1.000000e+06, 0],
	[0, 1.000000e+06, 1.000000e+06, 0, 0, 0, 0, 0, 1.000000e+06, 0],
	[0, 1.000000e+06, 1.000000e+06, 0, 0, 0, 0, 0, 1.000000e+06, 0],
	[0, 1.000000e+06, 1.000000e+06, 0, 0, 0, 0, 0, 1.000000e+06, 0],
	[1.000000e+06, 1.000000e+06, 1.000000e+06, 1.000000e+06, 1.000000e+06, 0, 0, 1.000000e+06, 1.000000e+06, 1.000000e+06],
	[1.000000e+06, 1.000000e+06, 1.000000e+06, 1.000000e+06, 1.000000e+06, 0, 0, 1.000000e+06, 1.000000e+06, 1.000000e+06],
	[1.000000e+06, 1.000000e+06, 1.000000e+06, 1.000000e+06, 1.000000e+06, 0, 0, 1.000000e+06, 1.000000e+06, 1.000000e+06],
	[1.000000e+06, 1.000000e+06, 1.000000e+06, 1.000000e+06, 1.000000e+06, 0, 0, 1.000000e+06, 1.000000e+06, 1.000000e+06],
	[1.843779e+00, 1.000000e+06, 1.000000e+06, 1.000000e+06, 1.000000e+06, 0, 0, 1.000000e+06, 1.000000e+06, 1.000000e+06],
	[1.843779e+00, 1.000000e+06, 1.000000e+06, 1.000000e+06, 1.000000e+06, 0, 0, 1.000000e+06, 1.000000e+06, 1.000000e+06],
	[1.843779e+00, 1.000000e+06, 1.000000e+06, 1.000000e+06, 1.000000e+06, 0, 0, 1.000000e+06, 1.000000e+06, 1.000000e+06],
	[1.843779e+00, 1.000000e+06, 1.000000e+06, 1.000000e+06, 1.000000e+06, 0, 0, 1.000000e+06, 1.000000e+06, 1.000000e+06],
	[1.548972e+00, 1.000000e+06, 2.308451e+00, 1.000000e+06, 1.000000e+06, 1.000000e+06, 1.000000e+06, 1.000000e+06, 1.000000e+06, 1.000000e+06],
	[1.548972e+00, 1.000000e+06, 2.308451e+00, 1.000000e+06, 1.000000e+06, 1.000000e+06, 1.000000e+06, 1.000000e+06, 1.000000e+06, 1.000000e+06],
	[1.548972e+00, 1.000000e+06, 2.308451e+00, 1.000000e+06, 1.000000e+06, 1.000000e+06, 1.000000e+06, 1.000000e+06, 1.000000e+06, 1.000000e+06],
	[1.548972e+00, 1.000000e+06, 2.308451e+00, 1.000000e+06, 1.000000e+06, 1.000000e+06, 1.000000e+06, 1.000000e+06, 1.000000e+06, 1.000000e+06],
	[1.222759e+00, 1.000000e+06, 2.820099e+00, 1.000000e+06, 1.000000e+06, 1.000000e+06, 1.000000e+06, 1.000000e+06, 1.000000e+06, 1.000000e+06],
	[1.222759e+00, 1.000000e+06, 2.820099e+00, 1.000000e+06, 1.000000e+06, 1.000000e+06, 1.000000e+06, 1.000000e+06, 1.000000e+06, 1.000000e+06],
	[1.222759e+00, 1.000000e+06, 2.820099e+00, 1.000000e+06, 1.000000e+06, 1.000000e+06, 1.000000e+06, 1.000000e+06, 1.000000e+06, 1.000000e+06],
	[1.222759e+00, 1.000000e+06, 2.820099e+00, 1.000000e+06, 1.000000e+06, 1.000000e+06, 1.000000e+06, 1.000000e+06, 1.000000e+06, 1.000000e+06],
	[1.074694e+00, 1.000000e+06, 1.827934e+00, 1.000000e+06, 1.000000e+06, 1.000000e+06, 1.000000e+06, 1.000000e+06, 1.000000e+06, 1.000000e+06],
	[1.074694e+00, 1.000000e+06, 1.827934e+00, 1.000000e+06, 1.000000e+06, 1.000000e+06, 1.000000e+06, 1.000000e+06, 1.000000e+06, 1.000000e+06],
	[1.074694e+00, 1.000000e+06, 1.827934e+00, 1.000000e+06, 1.000000e+06, 1.000000e+06, 1.000000e+06, 1.000000e+06, 1.000000e+06, 1.000000e+06],
	[1.074694e+00, 1.000000e+06, 1.827934e+00, 1.000000e+06, 1.000000e+06, 1.000000e+06, 1.000000e+06, 1.000000e+06, 1.000000e+06, 1.000000e+06],
	[7.116533e-01, 1.000000e+06, 1.973864e+00, 1.000000e+06, 1.000000e+06, 1.000000e+06, 1.000000e+06, 1.000000e+06, 1.000000e+06, 1.000000e+06],
	[7.116533e-01, 1.000000e+06, 1.973864e+00, 1.000000e+06, 1.000000e+06, 1.000000e+06, 1.000000e+06, 1.000000e+06, 1.000000e+06, 1.000000e+06],
	[7.116533e-01, 1.000000e+06, 1.973864e+00, 1.000000e+06, 1.000000e+06, 1.000000e+06, 1.000000e+06, 1.000000e+06, 1.000000e+06, 1.000000e+06],
	[7.116533e-01, 1.000000e+06, 1.973864e+00, 1.000000e+06, 1.000000e+06, 1.000000e+06, 1.000000e+06, 1.000000e+06, 1.000000e+06, 1.000000e+06],
	[1.104657e+00, 1.000000e+06, 2.093901e+00, 1.000000e+06, 1.000000e+06, 1.000000e+06, 1.000000e+06, 1.000000e+06, 1.000000e+06, 1.000000e+06],
	[1.104657e+00, 1.000000e+06, 2.093901e+00, 1.000000e+06, 1.000000e+06, 1.000000e+06, 1.000000e+06, 1.000000e+06, 1.000000e+06, 1.000000e+06],
	[1.104657e+00, 1.000000e+06, 2.093901e+00, 1.000000e+06, 1.000000e+06, 1.000000e+06, 1.000000e+06, 1.000000e+06, 1.000000e+06, 1.000000e+06],
	[1.104657e+00, 1.000000e+06, 2.093901e+00, 1.000000e+06, 1.000000e+06, 1.000000e+06, 1.000000e+06, 1.000000e+06, 1.000000e+06, 1.000000e+06],
	[0, 1.000000e+06, 2.559911e+00, 1.000000e+06, 1.000000e+06, 1.000000e+06, 1.000000e+06, 1.000000e+06, 1.000000e+06, 1.000000e+06],
	[0, 1.000000e+06, 2.559911e+00, 1.000000e+06, 1.000000e+06, 1.000000e+06, 1.000000e+06, 1.000000e+06, 1.000000e+06, 1.000000e+06],
	[0, 1.000000e+06, 2.559911e+00, 1.000000e+06, 1.000000e+06, 1.000000e+06, 1.000000e+06, 1.000000e+06, 1.000000e+06, 1.000000e+06],
	[0, 1.000000e+06, 2.559911e+00, 1.000000e+06, 1.000000e+06, 1.000000e+06, 1.000000e+06, 1.000000e+06, 1.000000e+06, 1.000000e+06],
	[0, 1.000000e+06, 0, 1.000000e+06, 1.000000e+06, 1.000000e+06, 0, 1.000000e+06, 1.000000e+06, 1.000000e+06],
	[0, 1.000000e+06, 0, 1.000000e+06, 1.000000e+06, 1.000000e+06, 0, 1.000000e+06, 1.000000e+06, 1.000000e+06],
	[0, 1.000000e+06, 0, 1.000000e+06, 1.000000e+06, 1.000000e+06, 0, 1.000000e+06, 1.000000e+06, 1.000000e+06],
	[0, 1.000000e+06, 0, 1.000000e+06, 1.000000e+06, 1.000000e+06, 0, 1.000000e+06, 1.000000e+06, 1.000000e+06],
	[0, 1.914911e+00, 0, 1.000000e+06, 1.000000e+06, 1.000000e+06, 0, 1.000000e+06, 1.000000e+06, 1.000000e+06],
	[0, 1.914911e+00, 0, 1.000000e+06, 1.000000e+06, 1.000000e+06, 0, 1.000000e+06, 1.000000e+06, 1.000000e+06],
	[0, 1.914911e+00, 0, 1.000000e+06, 1.000000e+06, 1.000000e+06, 0, 1.000000e+06, 1.000000e+06, 1.000000e+06],
	[0, 1.914911e+00, 0, 1.000000e+06, 1.000000e+06, 1.000000e+06, 0, 1.000000e+06, 1.000000e+06, 1.000000e+06],
	[0, 2.147504e+00, 0, 1.000000e+06, 1.000000e+06, 0, 0, 1.000000e+06, 1.000000e+06, 1.000000e+06],
	[0, 2.147504e+00, 0, 1.000000e+06, 1.000000e+06, 0, 0, 1.000000e+06, 1.000000e+06, 1.000000e+06],
	[0, 2.147504e+00, 0, 1.000000e+06, 1.000000e+06, 0, 0, 1.000000e+06, 1.000000e+06, 1.000000e+06],
	[0, 2.147504e+00, 0, 1.000000e+06, 1.000000e+06, 0, 0, 1.000000e+06, 1.000000e+06, 1.000000e+06],
	[0, 0, 0, 0, 0, 0, 0, 0, 0, 0],
	[0, 0, 0, 0, 0, 0, 0, 0, 0, 0],
	[0, 0, 0, 0, 0, 0, 0, 0, 0, 0],
	[0, 0, 0, 0, 0, 0, 0, 0, 0, 0],
	[0, 0, 0, 0, 0, 0, 0, 0, 0, 0],
	[0, 0, 0, 0, 0, 0, 0, 0, 0, 0],
	[0, 0, 0, 0, 0, 0, 0, 0, 0, 0],
	[0, 0, 0, 0, 0, 0, 0, 0, 0, 0],
	[0, 0, 0, 0, 0, 0, 0, 0, 0, 0],
	[0, 0, 0, 0, 0, 0, 0, 0, 0, 0],
	[0, 0, 0, 0, 0, 0, 0, 0, 0, 0],
	[0, 0, 0, 0, 0, 0, 0, 0, 0, 0],
	[0, 0, 0, 0, 0, 0, 0, 0, 0, 0],
	[0, 0, 0, 0, 0, 0, 0, 0, 0, 0],
	[0, 0, 0, 0, 0, 0, 0, 0, 0, 0],
	[0, 0, 0, 0, 0, 0, 0, 0, 0, 0] ]
