1355
SHOE
ACT	1
SHIFT	96
demand [
	[0],
	[0],
	[0],
	[0],
	[0],
	[0],
	[0],
	[0],
	[0],
	[0],
	[0],
	[0],
	[0],
	[0],
	[0],
	[0],
	[0],
	[0],
	[0],
	[0],
	[0],
	[0],
	[0],
	[0],
	[0],
	[0],
	[0],
	[0],
	[0],
	[0],
	[0],
	[0],
	[0],
	[0],
	[0],
	[0],
	[3.50],
	[3.50],
	[3.50],
	[3.50],
	[4.00],
	[4.00],
	[4.00],
	[4.00],
	[5.00],
	[5.00],
	[5.00],
	[5.00],
	[5.25],
	[5.25],
	[5.25],
	[5.25],
	[5.25],
	[5.25],
	[5.25],
	[5.25],
	[5.50],
	[5.50],
	[5.50],
	[5.50],
	[5.75],
	[5.75],
	[5.75],
	[5.75],
	[5.25],
	[5.25],
	[5.25],
	[5.25],
	[5.50],
	[5.50],
	[5.50],
	[5.50],
	[0],
	[0],
	[0],
	[0],
	[0],
	[0],
	[0],
	[0],
	[0],
	[0],
	[0],
	[0],
	[0],
	[0],
	[0],
	[0],
	[0],
	[0],
	[0],
	[0],
	[0],
	[0],
	[0],
	[0] ]
overcost [
	[0],
	[0],
	[0],
	[0],
	[0],
	[0],
	[0],
	[0],
	[0],
	[0],
	[0],
	[0],
	[0],
	[0],
	[0],
	[0],
	[0],
	[0],
	[0],
	[0],
	[0],
	[0],
	[0],
	[0],
	[0],
	[0],
	[0],
	[0],
	[0],
	[0],
	[0],
	[0],
	[0],
	[0],
	[0],
	[0],
	[1.063068e+00],
	[1.063068e+00],
	[1.063068e+00],
	[1.063068e+00],
	[9.094356e-01],
	[9.094356e-01],
	[9.094356e-01],
	[9.094356e-01],
	[7.261121e-01],
	[7.261121e-01],
	[7.261121e-01],
	[7.261121e-01],
	[8.653902e-01],
	[8.653902e-01],
	[8.653902e-01],
	[8.653902e-01],
	[5.915191e-01],
	[5.915191e-01],
	[5.915191e-01],
	[5.915191e-01],
	[7.616629e-01],
	[7.616629e-01],
	[7.616629e-01],
	[7.616629e-01],
	[8.307537e-01],
	[8.307537e-01],
	[8.307537e-01],
	[8.307537e-01],
	[6.809407e-01],
	[6.809407e-01],
	[6.809407e-01],
	[6.809407e-01],
	[7.391209e-01],
	[7.391209e-01],
	[7.391209e-01],
	[7.391209e-01],
	[0],
	[0],
	[0],
	[0],
	[0],
	[0],
	[0],
	[0],
	[0],
	[0],
	[0],
	[0],
	[0],
	[0],
	[0],
	[0],
	[0],
	[0],
	[0],
	[0],
	[0],
	[0],
	[0],
	[0] ]
undercost [
	[0],
	[0],
	[0],
	[0],
	[0],
	[0],
	[0],
	[0],
	[0],
	[0],
	[0],
	[0],
	[0],
	[0],
	[0],
	[0],
	[0],
	[0],
	[0],
	[0],
	[0],
	[0],
	[0],
	[0],
	[0],
	[0],
	[0],
	[0],
	[0],
	[0],
	[0],
	[0],
	[0],
	[0],
	[0],
	[0],
	[1.507316e+00],
	[1.507316e+00],
	[1.507316e+00],
	[1.507316e+00],
	[1.331574e+00],
	[1.331574e+00],
	[1.331574e+00],
	[1.331574e+00],
	[1.055222e+00],
	[1.055222e+00],
	[1.055222e+00],
	[1.055222e+00],
	[8.039958e-01],
	[8.039958e-01],
	[8.039958e-01],
	[8.039958e-01],
	[1.114853e+00],
	[1.114853e+00],
	[1.114853e+00],
	[1.114853e+00],
	[8.397599e-01],
	[8.397599e-01],
	[8.397599e-01],
	[8.397599e-01],
	[6.888361e-01],
	[6.888361e-01],
	[6.888361e-01],
	[6.888361e-01],
	[1.015637e+00],
	[1.015637e+00],
	[1.015637e+00],
	[1.015637e+00],
	[8.672160e-01],
	[8.672160e-01],
	[8.672160e-01],
	[8.672160e-01],
	[0],
	[0],
	[0],
	[0],
	[0],
	[0],
	[0],
	[0],
	[0],
	[0],
	[0],
	[0],
	[0],
	[0],
	[0],
	[0],
	[0],
	[0],
	[0],
	[0],
	[0],
	[0],
	[0],
	[0] ]
