3346
SHOE
ACT	1
SHIFT	96
demand [
	[0],
	[0],
	[0],
	[0],
	[0],
	[0],
	[0],
	[0],
	[0],
	[0],
	[0],
	[0],
	[0],
	[0],
	[0],
	[0],
	[0],
	[0],
	[0],
	[0],
	[0],
	[0],
	[0],
	[0],
	[0],
	[0],
	[0],
	[0],
	[0],
	[0],
	[0],
	[0],
	[0],
	[0],
	[0],
	[0],
	[1.00],
	[1.00],
	[1.00],
	[1.00],
	[1.00],
	[1.00],
	[1.00],
	[1.00],
	[1.75],
	[1.75],
	[1.75],
	[1.75],
	[2.25],
	[2.25],
	[2.25],
	[2.25],
	[2.50],
	[2.50],
	[2.50],
	[2.50],
	[2.50],
	[2.50],
	[2.50],
	[2.50],
	[2.25],
	[2.25],
	[2.25],
	[2.25],
	[1.50],
	[1.50],
	[1.50],
	[1.50],
	[2.00],
	[2.00],
	[2.00],
	[2.00],
	[2.50],
	[2.50],
	[2.50],
	[2.50],
	[2.00],
	[2.00],
	[2.00],
	[2.00],
	[0],
	[0],
	[0],
	[0],
	[0],
	[0],
	[0],
	[0],
	[0],
	[0],
	[0],
	[0],
	[0],
	[0],
	[0],
	[0] ]
overcost [
	[0],
	[0],
	[0],
	[0],
	[0],
	[0],
	[0],
	[0],
	[0],
	[0],
	[0],
	[0],
	[0],
	[0],
	[0],
	[0],
	[0],
	[0],
	[0],
	[0],
	[0],
	[0],
	[0],
	[0],
	[0],
	[0],
	[0],
	[0],
	[0],
	[0],
	[0],
	[0],
	[0],
	[0],
	[0],
	[0],
	[8.641148e+00],
	[8.641148e+00],
	[8.641148e+00],
	[8.641148e+00],
	[4.286696e+00],
	[4.286696e+00],
	[4.286696e+00],
	[4.286696e+00],
	[1.584966e+00],
	[1.584966e+00],
	[1.584966e+00],
	[1.584966e+00],
	[1.138913e+00],
	[1.138913e+00],
	[1.138913e+00],
	[1.138913e+00],
	[1.134764e+00],
	[1.134764e+00],
	[1.134764e+00],
	[1.134764e+00],
	[1.055663e+00],
	[1.055663e+00],
	[1.055663e+00],
	[1.055663e+00],
	[1.050081e+00],
	[1.050081e+00],
	[1.050081e+00],
	[1.050081e+00],
	[1.155656e+00],
	[1.155656e+00],
	[1.155656e+00],
	[1.155656e+00],
	[1.588438e+00],
	[1.588438e+00],
	[1.588438e+00],
	[1.588438e+00],
	[1.116467e+00],
	[1.116467e+00],
	[1.116467e+00],
	[1.116467e+00],
	[1.330641e+00],
	[1.330641e+00],
	[1.330641e+00],
	[1.330641e+00],
	[0],
	[0],
	[0],
	[0],
	[0],
	[0],
	[0],
	[0],
	[0],
	[0],
	[0],
	[0],
	[0],
	[0],
	[0],
	[0] ]
undercost [
	[0],
	[0],
	[0],
	[0],
	[0],
	[0],
	[0],
	[0],
	[0],
	[0],
	[0],
	[0],
	[0],
	[0],
	[0],
	[0],
	[0],
	[0],
	[0],
	[0],
	[0],
	[0],
	[0],
	[0],
	[0],
	[0],
	[0],
	[0],
	[0],
	[0],
	[0],
	[0],
	[0],
	[0],
	[0],
	[0],
	[1.000000e+06],
	[1.000000e+06],
	[1.000000e+06],
	[1.000000e+06],
	[1.000000e+06],
	[1.000000e+06],
	[1.000000e+06],
	[1.000000e+06],
	[1.000000e+06],
	[1.000000e+06],
	[1.000000e+06],
	[1.000000e+06],
	[1.905083e+00],
	[1.905083e+00],
	[1.905083e+00],
	[1.905083e+00],
	[1.533757e+00],
	[1.533757e+00],
	[1.533757e+00],
	[1.533757e+00],
	[1.638006e+00],
	[1.638006e+00],
	[1.638006e+00],
	[1.638006e+00],
	[2.029867e+00],
	[2.029867e+00],
	[2.029867e+00],
	[2.029867e+00],
	[1.000000e+06],
	[1.000000e+06],
	[1.000000e+06],
	[1.000000e+06],
	[1.782816e+00],
	[1.782816e+00],
	[1.782816e+00],
	[1.782816e+00],
	[1.563203e+00],
	[1.563203e+00],
	[1.563203e+00],
	[1.563203e+00],
	[2.157697e+00],
	[2.157697e+00],
	[2.157697e+00],
	[2.157697e+00],
	[0],
	[0],
	[0],
	[0],
	[0],
	[0],
	[0],
	[0],
	[0],
	[0],
	[0],
	[0],
	[0],
	[0],
	[0],
	[0] ]
