545 1434 1724 2104 2956 2981 3487
SHOE
ACT	7
SHIFT	96
demand [
	[0, 0, 0, 0, 0, 0, 0],
	[0, 0, 0, 0, 0, 0, 0],
	[0, 0, 0, 0, 0, 0, 0],
	[0, 0, 0, 0, 0, 0, 0],
	[0, 0, 0, 0, 0, 0, 0],
	[0, 0, 0, 0, 0, 0, 0],
	[0, 0, 0, 0, 0, 0, 0],
	[0, 0, 0, 0, 0, 0, 0],
	[0, 0, 0, 0, 0, 0, 0],
	[0, 0, 0, 0, 0, 0, 0],
	[0, 0, 0, 0, 0, 0, 0],
	[0, 0, 0, 0, 0, 0, 0],
	[0, 0, 0, 0, 0, 0, 0],
	[0, 0, 0, 0, 0, 0, 0],
	[0, 0, 0, 0, 0, 0, 0],
	[0, 0, 0, 0, 0, 0, 0],
	[0, 0, 0, 0, 0, 0, 0],
	[0, 0, 0, 0, 0, 0, 0],
	[0, 0, 0, 0, 0, 0, 0],
	[0, 0, 0, 0, 0, 0, 0],
	[0, 0, 0, 0, 0, 0, 0],
	[0, 0, 0, 0, 0, 0, 0],
	[0, 0, 0, 0, 0, 0, 0],
	[0, 0, 0, 0, 0, 0, 0],
	[0, 0, 0, 0, 0, 0, 0],
	[0, 0, 0, 0, 0, 0, 0],
	[0, 0, 0, 0, 0, 0, 0],
	[0, 0, 0, 0, 0, 0, 0],
	[0, 0, 0, 0, 0, 0, 0],
	[0, 0, 0, 0, 0, 0, 0],
	[0, 0, 0, 0, 0, 0, 0],
	[0, 0, 0, 0, 0, 0, 0],
	[1.00, 0, 0, 0, 0, 0, 1.75],
	[1.00, 0, 0, 0, 0, 0, 1.75],
	[1.00, 0, 0, 0, 0, 0, 1.75],
	[1.00, 0, 0, 0, 0, 0, 1.75],
	[1.00, 1.00, 1.00, 1.00, 1.00, 0, 3.50],
	[1.00, 1.00, 1.00, 1.00, 1.00, 0, 3.50],
	[1.00, 1.00, 1.00, 1.00, 1.00, 0, 3.50],
	[1.00, 1.00, 1.00, 1.00, 1.00, 0, 3.50],
	[1.00, 1.00, 1.00, 1.00, 1.00, 1.00, 4.50],
	[1.00, 1.00, 1.00, 1.00, 1.00, 1.00, 4.50],
	[1.00, 1.00, 1.00, 1.00, 1.00, 1.00, 4.50],
	[1.00, 1.00, 1.00, 1.00, 1.00, 1.00, 4.50],
	[1.75, 1.25, 1.00, 1.00, 1.00, 1.00, 6.25],
	[1.75, 1.25, 1.00, 1.00, 1.00, 1.00, 6.25],
	[1.75, 1.25, 1.00, 1.00, 1.00, 1.00, 6.25],
	[1.75, 1.25, 1.00, 1.00, 1.00, 1.00, 6.25],
	[2.00, 1.25, 1.25, 1.00, 0, 1.00, 6.75],
	[2.00, 1.25, 1.25, 1.00, 0, 1.00, 6.75],
	[2.00, 1.25, 1.25, 1.00, 0, 1.00, 6.75],
	[2.00, 1.25, 1.25, 1.00, 0, 1.00, 6.75],
	[2.00, 1.25, 1.25, 1.25, 1.00, 0, 7.00],
	[2.00, 1.25, 1.25, 1.25, 1.00, 0, 7.00],
	[2.00, 1.25, 1.25, 1.25, 1.00, 0, 7.00],
	[2.00, 1.25, 1.25, 1.25, 1.00, 0, 7.00],
	[2.00, 1.25, 1.25, 1.25, 1.00, 1.00, 7.25],
	[2.00, 1.25, 1.25, 1.25, 1.00, 1.00, 7.25],
	[2.00, 1.25, 1.25, 1.25, 1.00, 1.00, 7.25],
	[2.00, 1.25, 1.25, 1.25, 1.00, 1.00, 7.25],
	[2.00, 1.25, 1.25, 1.25, 1.00, 1.00, 7.25],
	[2.00, 1.25, 1.25, 1.25, 1.00, 1.00, 7.25],
	[2.00, 1.25, 1.25, 1.25, 1.00, 1.00, 7.25],
	[2.00, 1.25, 1.25, 1.25, 1.00, 1.00, 7.25],
	[1.75, 1.25, 1.00, 1.00, 1.00, 1.00, 6.50],
	[1.75, 1.25, 1.00, 1.00, 1.00, 1.00, 6.50],
	[1.75, 1.25, 1.00, 1.00, 1.00, 1.00, 6.50],
	[1.75, 1.25, 1.00, 1.00, 1.00, 1.00, 6.50],
	[0, 1.25, 1.25, 1.25, 0, 0, 6.75],
	[0, 1.25, 1.25, 1.25, 0, 0, 6.75],
	[0, 1.25, 1.25, 1.25, 0, 0, 6.75],
	[0, 1.25, 1.25, 1.25, 0, 0, 6.75],
	[0, 1.50, 1.25, 1.25, 0, 0, 0],
	[0, 1.50, 1.25, 1.25, 0, 0, 0],
	[0, 1.50, 1.25, 1.25, 0, 0, 0],
	[0, 1.50, 1.25, 1.25, 0, 0, 0],
	[0, 1.50, 1.25, 1.25, 0, 0, 0],
	[0, 1.50, 1.25, 1.25, 0, 0, 0],
	[0, 1.50, 1.25, 1.25, 0, 0, 0],
	[0, 1.50, 1.25, 1.25, 0, 0, 0],
	[0, 0, 1.00, 0, 0, 0, 0],
	[0, 0, 1.00, 0, 0, 0, 0],
	[0, 0, 1.00, 0, 0, 0, 0],
	[0, 0, 1.00, 0, 0, 0, 0],
	[0, 0, 0, 0, 0, 0, 0],
	[0, 0, 0, 0, 0, 0, 0],
	[0, 0, 0, 0, 0, 0, 0],
	[0, 0, 0, 0, 0, 0, 0],
	[0, 0, 0, 0, 0, 0, 0],
	[0, 0, 0, 0, 0, 0, 0],
	[0, 0, 0, 0, 0, 0, 0],
	[0, 0, 0, 0, 0, 0, 0],
	[0, 0, 0, 0, 0, 0, 0],
	[0, 0, 0, 0, 0, 0, 0],
	[0, 0, 0, 0, 0, 0, 0],
	[0, 0, 0, 0, 0, 0, 0] ]
overcost [
	[0, 0, 0, 0, 0, 0, 0],
	[0, 0, 0, 0, 0, 0, 0],
	[0, 0, 0, 0, 0, 0, 0],
	[0, 0, 0, 0, 0, 0, 0],
	[0, 0, 0, 0, 0, 0, 0],
	[0, 0, 0, 0, 0, 0, 0],
	[0, 0, 0, 0, 0, 0, 0],
	[0, 0, 0, 0, 0, 0, 0],
	[0, 0, 0, 0, 0, 0, 0],
	[0, 0, 0, 0, 0, 0, 0],
	[0, 0, 0, 0, 0, 0, 0],
	[0, 0, 0, 0, 0, 0, 0],
	[0, 0, 0, 0, 0, 0, 0],
	[0, 0, 0, 0, 0, 0, 0],
	[0, 0, 0, 0, 0, 0, 0],
	[0, 0, 0, 0, 0, 0, 0],
	[0, 0, 0, 0, 0, 0, 0],
	[0, 0, 0, 0, 0, 0, 0],
	[0, 0, 0, 0, 0, 0, 0],
	[0, 0, 0, 0, 0, 0, 0],
	[0, 0, 0, 0, 0, 0, 0],
	[0, 0, 0, 0, 0, 0, 0],
	[0, 0, 0, 0, 0, 0, 0],
	[0, 0, 0, 0, 0, 0, 0],
	[0, 0, 0, 0, 0, 0, 0],
	[0, 0, 0, 0, 0, 0, 0],
	[0, 0, 0, 0, 0, 0, 0],
	[0, 0, 0, 0, 0, 0, 0],
	[0, 0, 0, 0, 0, 0, 0],
	[0, 0, 0, 0, 0, 0, 0],
	[0, 0, 0, 0, 0, 0, 0],
	[0, 0, 0, 0, 0, 0, 0],
	[1.097664e+01, 0, 0, 0, 0, 0, 1.808755e+00],
	[1.097664e+01, 0, 0, 0, 0, 0, 1.808755e+00],
	[1.097664e+01, 0, 0, 0, 0, 0, 1.808755e+00],
	[1.097664e+01, 0, 0, 0, 0, 0, 1.808755e+00],
	[5.606022e+00, 4.599435e+00, 5.239770e+00, 4.520617e+00, 1.000383e+01, 0, 1.032988e+00],
	[5.606022e+00, 4.599435e+00, 5.239770e+00, 4.520617e+00, 1.000383e+01, 0, 1.032988e+00],
	[5.606022e+00, 4.599435e+00, 5.239770e+00, 4.520617e+00, 1.000383e+01, 0, 1.032988e+00],
	[5.606022e+00, 4.599435e+00, 5.239770e+00, 4.520617e+00, 1.000383e+01, 0, 1.032988e+00],
	[3.061720e+00, 3.425153e+00, 3.945645e+00, 3.592516e+00, 8.136464e+00, 8.016986e+00, 8.940446e-01],
	[3.061720e+00, 3.425153e+00, 3.945645e+00, 3.592516e+00, 8.136464e+00, 8.016986e+00, 8.940446e-01],
	[3.061720e+00, 3.425153e+00, 3.945645e+00, 3.592516e+00, 8.136464e+00, 8.016986e+00, 8.940446e-01],
	[3.061720e+00, 3.425153e+00, 3.945645e+00, 3.592516e+00, 8.136464e+00, 8.016986e+00, 8.940446e-01],
	[2.176458e+00, 2.392217e+00, 1.818057e+00, 1.992081e+00, 4.749296e+00, 4.529301e+00, 5.864411e-01],
	[2.176458e+00, 2.392217e+00, 1.818057e+00, 1.992081e+00, 4.749296e+00, 4.529301e+00, 5.864411e-01],
	[2.176458e+00, 2.392217e+00, 1.818057e+00, 1.992081e+00, 4.749296e+00, 4.529301e+00, 5.864411e-01],
	[2.176458e+00, 2.392217e+00, 1.818057e+00, 1.992081e+00, 4.749296e+00, 4.529301e+00, 5.864411e-01],
	[1.738572e+00, 2.095738e+00, 2.060890e+00, 1.669988e+00, 0, 2.938344e+00, 5.116791e-01],
	[1.738572e+00, 2.095738e+00, 2.060890e+00, 1.669988e+00, 0, 2.938344e+00, 5.116791e-01],
	[1.738572e+00, 2.095738e+00, 2.060890e+00, 1.669988e+00, 0, 2.938344e+00, 5.116791e-01],
	[1.738572e+00, 2.095738e+00, 2.060890e+00, 1.669988e+00, 0, 2.938344e+00, 5.116791e-01],
	[1.292943e+00, 1.820858e+00, 1.758504e+00, 2.316741e+00, 2.730302e+00, 0, 4.179505e-01],
	[1.292943e+00, 1.820858e+00, 1.758504e+00, 2.316741e+00, 2.730302e+00, 0, 4.179505e-01],
	[1.292943e+00, 1.820858e+00, 1.758504e+00, 2.316741e+00, 2.730302e+00, 0, 4.179505e-01],
	[1.292943e+00, 1.820858e+00, 1.758504e+00, 2.316741e+00, 2.730302e+00, 0, 4.179505e-01],
	[1.164789e+00, 1.729205e+00, 1.671264e+00, 2.216114e+00, 2.635291e+00, 2.341075e+00, 5.124834e-01],
	[1.164789e+00, 1.729205e+00, 1.671264e+00, 2.216114e+00, 2.635291e+00, 2.341075e+00, 5.124834e-01],
	[1.164789e+00, 1.729205e+00, 1.671264e+00, 2.216114e+00, 2.635291e+00, 2.341075e+00, 5.124834e-01],
	[1.164789e+00, 1.729205e+00, 1.671264e+00, 2.216114e+00, 2.635291e+00, 2.341075e+00, 5.124834e-01],
	[1.433171e+00, 1.631342e+00, 1.741668e+00, 2.131073e+00, 3.198242e+00, 2.922576e+00, 4.828879e-01],
	[1.433171e+00, 1.631342e+00, 1.741668e+00, 2.131073e+00, 3.198242e+00, 2.922576e+00, 4.828879e-01],
	[1.433171e+00, 1.631342e+00, 1.741668e+00, 2.131073e+00, 3.198242e+00, 2.922576e+00, 4.828879e-01],
	[1.433171e+00, 1.631342e+00, 1.741668e+00, 2.131073e+00, 3.198242e+00, 2.922576e+00, 4.828879e-01],
	[2.147760e+00, 2.259771e+00, 1.753055e+00, 1.805772e+00, 4.939909e+00, 4.721435e+00, 6.252536e-01],
	[2.147760e+00, 2.259771e+00, 1.753055e+00, 1.805772e+00, 4.939909e+00, 4.721435e+00, 6.252536e-01],
	[2.147760e+00, 2.259771e+00, 1.753055e+00, 1.805772e+00, 4.939909e+00, 4.721435e+00, 6.252536e-01],
	[2.147760e+00, 2.259771e+00, 1.753055e+00, 1.805772e+00, 4.939909e+00, 4.721435e+00, 6.252536e-01],
	[0, 1.885743e+00, 2.178058e+00, 2.386330e+00, 0, 0, 4.592323e-01],
	[0, 1.885743e+00, 2.178058e+00, 2.386330e+00, 0, 0, 4.592323e-01],
	[0, 1.885743e+00, 2.178058e+00, 2.386330e+00, 0, 0, 4.592323e-01],
	[0, 1.885743e+00, 2.178058e+00, 2.386330e+00, 0, 0, 4.592323e-01],
	[0, 1.998832e+00, 1.359565e+00, 1.800614e+00, 0, 0, 0],
	[0, 1.998832e+00, 1.359565e+00, 1.800614e+00, 0, 0, 0],
	[0, 1.998832e+00, 1.359565e+00, 1.800614e+00, 0, 0, 0],
	[0, 1.998832e+00, 1.359565e+00, 1.800614e+00, 0, 0, 0],
	[0, 1.675089e+00, 1.488441e+00, 1.605226e+00, 0, 0, 0],
	[0, 1.675089e+00, 1.488441e+00, 1.605226e+00, 0, 0, 0],
	[0, 1.675089e+00, 1.488441e+00, 1.605226e+00, 0, 0, 0],
	[0, 1.675089e+00, 1.488441e+00, 1.605226e+00, 0, 0, 0],
	[0, 0, 5.134774e+00, 0, 0, 0, 0],
	[0, 0, 5.134774e+00, 0, 0, 0, 0],
	[0, 0, 5.134774e+00, 0, 0, 0, 0],
	[0, 0, 5.134774e+00, 0, 0, 0, 0],
	[0, 0, 0, 0, 0, 0, 0],
	[0, 0, 0, 0, 0, 0, 0],
	[0, 0, 0, 0, 0, 0, 0],
	[0, 0, 0, 0, 0, 0, 0],
	[0, 0, 0, 0, 0, 0, 0],
	[0, 0, 0, 0, 0, 0, 0],
	[0, 0, 0, 0, 0, 0, 0],
	[0, 0, 0, 0, 0, 0, 0],
	[0, 0, 0, 0, 0, 0, 0],
	[0, 0, 0, 0, 0, 0, 0],
	[0, 0, 0, 0, 0, 0, 0],
	[0, 0, 0, 0, 0, 0, 0] ]
undercost [
	[0, 0, 0, 0, 0, 0, 0],
	[0, 0, 0, 0, 0, 0, 0],
	[0, 0, 0, 0, 0, 0, 0],
	[0, 0, 0, 0, 0, 0, 0],
	[0, 0, 0, 0, 0, 0, 0],
	[0, 0, 0, 0, 0, 0, 0],
	[0, 0, 0, 0, 0, 0, 0],
	[0, 0, 0, 0, 0, 0, 0],
	[0, 0, 0, 0, 0, 0, 0],
	[0, 0, 0, 0, 0, 0, 0],
	[0, 0, 0, 0, 0, 0, 0],
	[0, 0, 0, 0, 0, 0, 0],
	[0, 0, 0, 0, 0, 0, 0],
	[0, 0, 0, 0, 0, 0, 0],
	[0, 0, 0, 0, 0, 0, 0],
	[0, 0, 0, 0, 0, 0, 0],
	[0, 0, 0, 0, 0, 0, 0],
	[0, 0, 0, 0, 0, 0, 0],
	[0, 0, 0, 0, 0, 0, 0],
	[0, 0, 0, 0, 0, 0, 0],
	[0, 0, 0, 0, 0, 0, 0],
	[0, 0, 0, 0, 0, 0, 0],
	[0, 0, 0, 0, 0, 0, 0],
	[0, 0, 0, 0, 0, 0, 0],
	[0, 0, 0, 0, 0, 0, 0],
	[0, 0, 0, 0, 0, 0, 0],
	[0, 0, 0, 0, 0, 0, 0],
	[0, 0, 0, 0, 0, 0, 0],
	[0, 0, 0, 0, 0, 0, 0],
	[0, 0, 0, 0, 0, 0, 0],
	[0, 0, 0, 0, 0, 0, 0],
	[0, 0, 0, 0, 0, 0, 0],
	[1.000000e+06, 0, 0, 0, 0, 0, 1.000000e+06],
	[1.000000e+06, 0, 0, 0, 0, 0, 1.000000e+06],
	[1.000000e+06, 0, 0, 0, 0, 0, 1.000000e+06],
	[1.000000e+06, 0, 0, 0, 0, 0, 1.000000e+06],
	[1.000000e+06, 1.000000e+06, 1.000000e+06, 1.000000e+06, 1.000000e+06, 0, 1.146532e+00],
	[1.000000e+06, 1.000000e+06, 1.000000e+06, 1.000000e+06, 1.000000e+06, 0, 1.146532e+00],
	[1.000000e+06, 1.000000e+06, 1.000000e+06, 1.000000e+06, 1.000000e+06, 0, 1.146532e+00],
	[1.000000e+06, 1.000000e+06, 1.000000e+06, 1.000000e+06, 1.000000e+06, 0, 1.146532e+00],
	[1.000000e+06, 1.000000e+06, 1.000000e+06, 1.000000e+06, 1.000000e+06, 1.000000e+06, 7.742205e-01],
	[1.000000e+06, 1.000000e+06, 1.000000e+06, 1.000000e+06, 1.000000e+06, 1.000000e+06, 7.742205e-01],
	[1.000000e+06, 1.000000e+06, 1.000000e+06, 1.000000e+06, 1.000000e+06, 1.000000e+06, 7.742205e-01],
	[1.000000e+06, 1.000000e+06, 1.000000e+06, 1.000000e+06, 1.000000e+06, 1.000000e+06, 7.742205e-01],
	[1.000000e+06, 1.000000e+06, 1.000000e+06, 1.000000e+06, 1.000000e+06, 1.000000e+06, 6.183195e-01],
	[1.000000e+06, 1.000000e+06, 1.000000e+06, 1.000000e+06, 1.000000e+06, 1.000000e+06, 6.183195e-01],
	[1.000000e+06, 1.000000e+06, 1.000000e+06, 1.000000e+06, 1.000000e+06, 1.000000e+06, 6.183195e-01],
	[1.000000e+06, 1.000000e+06, 1.000000e+06, 1.000000e+06, 1.000000e+06, 1.000000e+06, 6.183195e-01],
	[2.443692e+00, 1.000000e+06, 1.000000e+06, 1.000000e+06, 0, 1.000000e+06, 6.056078e-01],
	[2.443692e+00, 1.000000e+06, 1.000000e+06, 1.000000e+06, 0, 1.000000e+06, 6.056078e-01],
	[2.443692e+00, 1.000000e+06, 1.000000e+06, 1.000000e+06, 0, 1.000000e+06, 6.056078e-01],
	[2.443692e+00, 1.000000e+06, 1.000000e+06, 1.000000e+06, 0, 1.000000e+06, 6.056078e-01],
	[3.074284e+00, 1.000000e+06, 1.000000e+06, 1.000000e+06, 1.000000e+06, 0, 6.665690e-01],
	[3.074284e+00, 1.000000e+06, 1.000000e+06, 1.000000e+06, 1.000000e+06, 0, 6.665690e-01],
	[3.074284e+00, 1.000000e+06, 1.000000e+06, 1.000000e+06, 1.000000e+06, 0, 6.665690e-01],
	[3.074284e+00, 1.000000e+06, 1.000000e+06, 1.000000e+06, 1.000000e+06, 0, 6.665690e-01],
	[3.256472e+00, 1.000000e+06, 1.000000e+06, 1.000000e+06, 1.000000e+06, 1.000000e+06, 5.235496e-01],
	[3.256472e+00, 1.000000e+06, 1.000000e+06, 1.000000e+06, 1.000000e+06, 1.000000e+06, 5.235496e-01],
	[3.256472e+00, 1.000000e+06, 1.000000e+06, 1.000000e+06, 1.000000e+06, 1.000000e+06, 5.235496e-01],
	[3.256472e+00, 1.000000e+06, 1.000000e+06, 1.000000e+06, 1.000000e+06, 1.000000e+06, 5.235496e-01],
	[2.883179e+00, 1.000000e+06, 1.000000e+06, 1.000000e+06, 1.000000e+06, 1.000000e+06, 5.564836e-01],
	[2.883179e+00, 1.000000e+06, 1.000000e+06, 1.000000e+06, 1.000000e+06, 1.000000e+06, 5.564836e-01],
	[2.883179e+00, 1.000000e+06, 1.000000e+06, 1.000000e+06, 1.000000e+06, 1.000000e+06, 5.564836e-01],
	[2.883179e+00, 1.000000e+06, 1.000000e+06, 1.000000e+06, 1.000000e+06, 1.000000e+06, 5.564836e-01],
	[1.000000e+06, 1.000000e+06, 1.000000e+06, 1.000000e+06, 1.000000e+06, 1.000000e+06, 5.263283e-01],
	[1.000000e+06, 1.000000e+06, 1.000000e+06, 1.000000e+06, 1.000000e+06, 1.000000e+06, 5.263283e-01],
	[1.000000e+06, 1.000000e+06, 1.000000e+06, 1.000000e+06, 1.000000e+06, 1.000000e+06, 5.263283e-01],
	[1.000000e+06, 1.000000e+06, 1.000000e+06, 1.000000e+06, 1.000000e+06, 1.000000e+06, 5.263283e-01],
	[0, 1.000000e+06, 1.000000e+06, 1.000000e+06, 0, 0, 6.645061e-01],
	[0, 1.000000e+06, 1.000000e+06, 1.000000e+06, 0, 0, 6.645061e-01],
	[0, 1.000000e+06, 1.000000e+06, 1.000000e+06, 0, 0, 6.645061e-01],
	[0, 1.000000e+06, 1.000000e+06, 1.000000e+06, 0, 0, 6.645061e-01],
	[0, 1.000000e+06, 1.000000e+06, 1.000000e+06, 0, 0, 0],
	[0, 1.000000e+06, 1.000000e+06, 1.000000e+06, 0, 0, 0],
	[0, 1.000000e+06, 1.000000e+06, 1.000000e+06, 0, 0, 0],
	[0, 1.000000e+06, 1.000000e+06, 1.000000e+06, 0, 0, 0],
	[0, 1.000000e+06, 1.000000e+06, 1.000000e+06, 0, 0, 0],
	[0, 1.000000e+06, 1.000000e+06, 1.000000e+06, 0, 0, 0],
	[0, 1.000000e+06, 1.000000e+06, 1.000000e+06, 0, 0, 0],
	[0, 1.000000e+06, 1.000000e+06, 1.000000e+06, 0, 0, 0],
	[0, 0, 1.000000e+06, 0, 0, 0, 0],
	[0, 0, 1.000000e+06, 0, 0, 0, 0],
	[0, 0, 1.000000e+06, 0, 0, 0, 0],
	[0, 0, 1.000000e+06, 0, 0, 0, 0],
	[0, 0, 0, 0, 0, 0, 0],
	[0, 0, 0, 0, 0, 0, 0],
	[0, 0, 0, 0, 0, 0, 0],
	[0, 0, 0, 0, 0, 0, 0],
	[0, 0, 0, 0, 0, 0, 0],
	[0, 0, 0, 0, 0, 0, 0],
	[0, 0, 0, 0, 0, 0, 0],
	[0, 0, 0, 0, 0, 0, 0],
	[0, 0, 0, 0, 0, 0, 0],
	[0, 0, 0, 0, 0, 0, 0],
	[0, 0, 0, 0, 0, 0, 0],
	[0, 0, 0, 0, 0, 0, 0] ]
